4.35651,5.29045,1,
6.22684,5.35494,1,
4.11439,5.14015,1,
4.94122,6.19926,1,
5.39594,4.76723,1,
4.07803,3.74518,1,
5.10084,6.74981,1,
4.05877,5.56816,1,
3.18751,6.45643,1,
4.07457,5.17597,1,
4.03017,5.23506,1,
5.57366,4.01396,1,
4.71012,5.63409,1,
4.59637,2.54821,1,
3.48717,5.76673,1,
5.16912,7.61286,1,
4.84081,5.46967,1,
5.91407,6.07562,1,
5.32616,5.18228,1,
4.13787,3.66041,1,
5.15703,4.73019,1,
5.92101,5.89718,1,
6.09816,5.75716,1,
6.27652,3.94644,1,
4.53756,3.53074,1,
3.35926,3.45677,1,
3.62509,4.5496,1,
5.37624,3.93634,1,
6.10129,4.6919,1,
3.72456,4.16386,1,
6.24991,4.80599,1,
5.89847,5.73502,1,
4.59133,4.5015,1,
3.73099,5.23607,1,
4.09863,5.206,1,
5.80854,6.62029,1,
5.25306,6.19983,1,
4.48058,4.17796,1,
4.44886,4.44301,1,
4.83785,4.90731,1,
5.77467,4.02138,1,
5.86664,5.91153,1,
6.01234,6.70965,1,
5.86862,3.62519,1,
4.35845,5.36004,1,
7.35217,5.31743,1,
4.86,4.29159,1,
5.54895,6.08475,1,
3.63131,5.65383,1,
4.48714,6.48494,1,
5.43937,5.42165,1,
3.41458,3.96653,1,
3.53026,4.2545,1,
5.52375,3.01464,1,
6.67401,2.698,-1,
4.3935,3.8174,1,
4.34159,3.19874,1,
4.23616,3.73566,1,
5.53154,4.53637,1,
6.30612,5.36036,1,
5.19757,7.17258,1,
4.91565,6.69721,1,
5.28718,5.20362,1,
4.66528,4.60006,1,
5.42357,5.99674,1,
4.37102,5.19448,1,
6.29284,4.51187,1,
6.43445,5.10619,1,
2.86632,5.41583,1,
3.52804,5.52074,1,
5.3884,4.29939,1,
4.59757,5.49063,1,
4.97159,3.72434,1,
5.00604,4.67875,1,
5.06146,4.75123,1,
4.62347,4.82871,1,
5.73954,6.03832,1,
5.64996,6.59218,1,
5.32689,5.67938,1,
5.20982,5.44072,1,
4.33148,5.55326,1,
2.49718,2.94626,-1,
4.80506,4.72338,1,
4.04986,3.58295,1,
3.86748,4.70647,1,
3.4664,4.29131,1,
6.15779,4.91581,1,
5.43315,4.22226,1,
4.81275,3.72438,1,
3.71945,3.72749,1,
5.57186,5.88609,1,
4.18059,4.91414,1,
5.13024,4.13063,1,
3.80383,4.44516,1,
4.37638,3.76038,1,
5.41655,7.08755,1,
3.95473,4.25964,1,
6.20314,6.1382,1,
5.62874,4.7501,1,
5.52278,6.08095,1,
5.74353,4.63288,1,
3.75639,5.06862,1,
4.98886,4.96436,1,
5.20457,4.88183,1,
5.16821,5.41675,1,
6.38389,3.5787,1,
3.61256,5.41991,1,
6.8045,4.42049,1,
4.66143,6.77896,1,
4.85704,4.67711,1,
3.53292,5.55238,1,
4.66187,5.76399,1,
3.76186,5.55753,1,
4.72391,5.37452,1,
3.14742,4.76409,1,
6.86711,4.86428,1,
4.19603,4.82305,1,
4.44138,4.46069,1,
3.73913,4.48571,1,
4.92402,5.28083,1,
2.95763,3.03843,-1,
5.0653,5.40301,1,
6.39496,5.29856,1,
5.47735,6.04286,1,
5.58555,6.22852,1,
4.53262,5.05129,1,
5.97481,6.54248,1,
4.31885,5.28859,1,
5.96668,4.50235,1,
4.64214,3.24453,1,
4.16836,4.41026,1,
4.09148,3.39709,1,
4.1927,5.47797,1,
5.18443,4.94474,1,
5.52333,5.80444,1,
5.14898,5.93444,1,
4.53035,6.02648,1,
3.21102,4.54336,1,
6.02809,5.78838,1,
3.13751,3.72668,1,
5.5098,6.30732,1,
4.86514,4.18148,1,
5.73129,3.60664,1,
3.06784,6.0164,1,
5.11327,5.7346,1,
5.21317,7.50495,1,
4.41753,4.40518,1,
6.48414,6.15126,1,
6.13035,5.91157,1,
5.11953,6.91951,1,
5.58875,5.78397,1,
5.88864,5.89157,1,
5.02262,6.83575,1,
4.87793,5.02466,1,
3.9917,6.1772,1,
6.72619,4.8418,1,
1.80711,6.14122,-1,
5.43158,5.43141,1,
5.90028,4.07945,1,
4.43688,5.31267,1,
4.8851,3.44875,1,
5.52123,4.8629,1,
5.92737,6.32816,1,
3.58376,4.36845,1,
5.04987,6.22619,1,
6.48223,5.12955,1,
5.93993,5.36062,1,
6.47692,5.0591,1,
5.85101,4.9206,1,
5.07362,6.4829,1,
4.86925,4.51275,1,
6.18251,5.66574,1,
4.53499,4.98687,1,
5.8459,5.71065,1,
6.27637,5.25492,1,
4.64012,4.03514,1,
6.15891,5.82037,1,
5.19139,3.82085,1,
4.33265,4.24408,1,
6.45181,5.18536,1,
6.73059,4.69221,1,
5.13841,6.50742,1,
4.41389,5.52909,1,
5.25018,6.17338,1,
7.03545,7.8581,-1,
4.44275,5.03339,1,
6.04986,6.38713,1,
5.94496,3.58753,1,
5.86703,5.71902,1,
8.12406,5.54516,-1,
3.554,4.88919,1,
5.0356,5.27774,1,
5.13651,4.5235,1,
4.28999,6.32764,1,
3.10417,4.82915,1,
5.69049,6.38656,1,
3.43972,5.44133,1,
3.51604,5.43146,1,
5.39503,4.59164,1,
5.47224,6.17955,1,
5.0199,3.52469,1,
5.85414,4.63234,1,
3.89521,4.7513,1,
5.88207,3.55708,1,
3.72035,6.30852,1,
4.82018,5.06526,1,
5.19466,4.02311,1,
5.14345,4.41665,1,
4.9001,3.82172,1,
6.51563,5.86205,1,
6.54199,4.99033,1,
5.00559,5.51256,1,
4.83173,3.74567,1,
6.04485,5.60737,1,
2.98373,4.50326,1,
5.93271,4.87799,1,
7.32194,4.23654,1,
5.36159,5.28348,1,
5.05391,3.33561,1,
4.04706,4.46303,1,
5.08171,5.55654,1,
5.94997,5.85431,1,
4.76407,3.33426,1,
4.99755,4.04924,1,
5.38181,4.73403,1,
3.38745,6.17418,1,
5.10199,5.72247,1,
5.05908,5.88271,1,
4.87499,3.96374,1,
5.61216,3.87967,1,
3.65212,6.25807,1,
4.57269,3.42925,1,
3.84621,5.1271,1,
4.0324,4.55593,1,
6.4043,5.28073,1,
6.45,6.79545,1,
4.98193,5.14291,1,
4.41493,4.35064,1,
4.8029,4.08894,1,
4.50883,4.86158,1,
4.23159,4.42204,1,
5.64021,5.85045,1,
3.64709,5.42816,1,
3.29028,5.37812,1,
5.60733,5.7582,1,
4.97511,4.1094,1,
6.04167,4.33905,1,
3.52022,4.16306,1,
3.65268,3.93117,1,
4.44664,3.92032,1,
5.65736,4.66417,1,
6.01223,5.77568,1,
5.75398,3.38466,1,
4.45529,3.54969,1,
4.50256,4.22793,1,
4.56359,5.5234,1,
6.26621,6.0869,1,
5.24655,6.90388,1,
4.80412,4.97058,1,
6.85808,6.53165,1,
5.03014,4.98409,1,
5.69322,3.7312,1,
5.63627,5.7746,1,
4.82212,5.63192,1,
5.92329,2.97638,1,
6.0304,5.42082,1,
6.06929,6.87334,1,
3.53774,3.8649,1,
4.67578,5.31324,1,
4.32472,5.28215,1,
5.0223,3.9257,1,
5.97019,4.75993,1,
5.7193,5.15152,1,
4.95454,3.67557,1,
4.46491,4.07889,1,
4.8676,6.41688,1,
6.75996,4.43698,1,
3.21597,4.93483,1,
5.81473,5.83031,1,
4.71364,4.01214,1,
3.92634,5.09893,1,
6.33784,6.78417,1,
4.57116,3.53434,1,
4.43385,3.82332,1,
5.36668,4.21355,1,
4.55428,4.99203,1,
4.39172,4.8843,1,
3.50058,5.97416,1,
4.55393,5.42533,1,
4.20418,4.68248,1,
5.16119,4.52184,1,
5.63457,4.58568,1,
6.56054,5.67216,1,
4.48869,5.74251,1,
5.37781,5.32772,1,
4.3893,5.9939,1,
4.49695,3.64688,1,
5.57087,6.31261,1,
5.29494,4.04856,1,
5.14193,6.5436,1,
5.9829,5.37232,1,
4.87768,6.48863,1,
4.44191,4.57759,1,
6.24861,6.16916,1,
5.88595,5.60041,1,
5.61297,2.48258,1,
2.95124,5.42205,1,
4.07006,5.51307,1,
3.75364,5.0127,1,
4.51832,5.62959,1,
5.51227,5.92712,1,
5.06016,3.63282,1,
4.31963,5.83784,1,
5.15262,3.97086,1,
6.99103,5.06241,1,
6.12535,7.03204,1,
6.30369,4.92027,1,
4.1824,3.88075,1,
4.05109,5.0301,1,
3.83244,6.41048,1,
4.9212,4.72685,1,
3.73934,5.0099,1,
4.62055,3.71028,1,
2.86247,4.91058,1,
5.67373,4.80643,1,
5.55779,4.33418,1,
5.83106,5.23953,1,
5.11525,4.79979,1,
4.28704,4.78073,1,
4.79985,5.1917,1,
4.77129,3.2266,1,
6.41261,5.49533,1,
5.62673,5.96039,1,
4.94562,4.5582,1,
3.50137,3.54442,1,
3.4467,3.94231,1,
5.20118,3.81384,1,
5.14033,5.1319,1,
4.2518,5.90439,1,
5.76685,5.76657,1,
4.93674,5.98086,1,
4.91187,3.85681,1,
4.40668,8.16347,-1,
4.08318,5.34422,1,
5.67735,4.89577,1,
5.13336,3.75631,1,
4.15368,5.69809,1,
5.63334,4.49846,1,
5.54132,5.2233,1,
3.81197,4.85375,1,
3.95276,5.64542,1,
5.63149,2.71217,1,
7.33824,3.54013,-1,
3.95813,6.03486,1,
4.80596,3.63645,1,
4.46874,4.93829,1,
4.77677,5.33882,1,
4.48669,4.25264,1,
4.78404,5.04652,1,
5.58911,4.58785,1,
6.03564,6.96767,1,
5.81578,4.3355,1,
6.46036,6.81023,1,
4.16348,6.48667,1,
4.57401,3.7598,1,
4.43978,4.5355,1,
4.75735,5.10503,1,
3.69243,5.14266,1,
6.11273,4.90226,1,
4.35124,5.88149,1,
7.29844,5.47463,1,
4.84173,6.91499,1,
3.15957,5.84942,1,
4.0578,4.95086,1,
6.69862,5.45824,1,
3.16167,4.72324,1,
5.94851,4.8213,1,
5.13341,3.54273,1,
3.39111,7.48789,-1,
3.9663,5.95705,1,
6.32307,3.4326,1,
7.50112,4.59823,1,
5.64747,4.85093,1,
5.88603,6.15016,1,
6.28553,4.82016,1,
3.46249,3.13527,1,
3.84901,5.51265,1,
5.23653,4.58599,1,
4.68149,5.68362,1,
4.82733,3.75303,1,
5.49298,4.27394,1,
4.67353,4.83042,1,
5.55216,4.97236,1,
5.16226,3.80274,1,
7.37003,5.311,1,
3.25858,4.20052,1,
5.65628,4.69771,1,
4.64892,4.35923,1,
3.20968,5.48679,1,
4.72633,4.65475,1,
4.99334,5.76363,1,
5.72527,4.52042,1,
5.26281,7.36417,1,
6.632,3.91441,1,
5.12646,2.69392,1,
6.51089,4.8546,1,
3.53876,3.4789,1,
5.39987,4.62362,1,
4.37858,3.8848,1,
3.46431,5.86116,1,
4.95577,5.28416,1,
7.07853,5.29206,1,
4.97912,6.50698,1,
3.44883,3.09324,1,
5.59998,4.98918,1,
5.40738,5.83563,1,
5.77213,3.20944,1,
4.69875,3.63721,1,
6.17525,5.69905,1,
4.82287,5.31537,1,
4.16601,4.45271,1,
5.83428,4.22545,1,
5.27095,5.00594,1,
4.03352,4.70433,1,
4.42072,4.77928,1,
3.40749,4.40946,1,
5.83936,6.00724,1,
3.12678,4.51008,1,
5.16061,5.54639,1,
6.26344,4.65073,1,
3.24292,4.11332,1,
3.69725,4.73132,1,
5.56763,3.66128,1,
5.69875,4.06283,1,
4.01437,4.12021,1,
4.84714,5.33049,1,
4.45198,5.65246,1,
5.95693,5.83855,1,
4.84415,6.34016,1,
5.56508,5.74368,1,
3.19496,5.69438,1,
6.01111,5.31907,1,
6.05092,5.84463,1,
4.90639,6.00706,1,
3.86855,5.08642,1,
4.82067,6.1593,1,
4.59646,4.72125,1,
5.83663,6.85193,1,
3.85798,2.79159,1,
3.42655,4.10811,1,
5.0945,4.84652,1,
6.35566,4.2676,1,
4.91961,6.30073,1,
5.78252,6.57863,1,
4.95767,6.46261,1,
3.77434,4.40553,1,
6.3452,4.31622,1,
5.90801,5.969,1,
3.80568,3.8045,1,
5.27634,4.68905,1,
5.64703,5.50605,1,
5.85632,4.66614,1,
5.80116,4.29139,1,
6.36399,4.98387,1,
4.53006,4.79445,1,
4.87548,5.21277,1,
4.448,7.42236,1,
5.9396,4.91943,1,
3.7973,4.69607,1,
6.33733,3.12163,1,
3.7521,3.65242,1,
5.64553,4.58272,1,
5.21003,4.40921,1,
7.40219,5.01775,1,
7.14756,6.14605,1,
3.35321,5.64365,1,
2.45646,5.86117,-1,
3.64469,5.44403,1,
7.54943,4.84799,1,
4.14787,6.40208,1,
5.02881,3.67977,1,
5.93418,5.25183,1,
6.0178,5.51589,1,
5.78736,4.02417,1,
4.60066,4.26526,1,
4.87599,6.063,1,
4.88784,5.17745,1,
7.3923,4.74071,1,
3.24569,2.28362,-1,
6.99518,5.55935,1,
3.72978,4.79882,1,
5.54686,6.44844,1,
5.57732,3.98785,1,
3.88468,8.1332,-1,
3.78268,4.81167,1,
5.54822,4.77045,1,
5.53335,5.77008,1,
4.59072,2.94155,1,
6.30598,6.23111,1,
7.53069,6.94707,-1,
4.8684,5.17391,1,
5.00239,5.61977,1,
5.44062,5.35138,1,
3.86496,5.95633,1,
5.68957,5.19849,1,
5.05825,4.9114,1,
6.33821,4.7491,1,
5.31851,4.06166,1,
5.4543,3.5538,1,
4.6962,5.71388,1,
5.62044,6.31365,1,
3.62558,5.54549,1,
5.12182,5.81039,1,
3.70777,4.00885,1,
3.98367,5.24224,1,
3.83601,5.10973,1,
5.36418,4.25032,1,
4.75426,6.5811,1,
5.11066,5.85717,1,
4.21531,4.47837,1,
3.62114,4.42967,1,
4.44985,4.41171,1,
3.20507,6.4097,1,
4.4384,6.86329,1,
6.18966,4.8679,1,
4.097,4.23929,1,
5.74069,4.54949,1,
5.48879,5.1752,1,
5.43689,6.39896,1,
3.84991,6.13724,1,
6.28353,6.75499,1,
5.79152,6.62053,1,
4.10999,4.55104,1,
6.90914,6.12919,1,
4.60977,3.84621,1,
6.03118,4.02996,1,
3.56726,6.74298,1,
4.76331,4.96639,1,
4.06716,4.19146,1,
5.2397,2.8851,1,
5.69327,5.3858,1,
5.62156,5.52338,1,
5.27142,4.62978,1,
3.87942,5.71422,1,
4.55032,4.82517,1,
2.82252,2.81251,-1,
4.97806,5.62286,1,
5.13961,5.33572,1,
3.49256,4.56472,1,
6.71021,4.17401,1,
2.8889,4.7424,1,
6.88981,5.07781,1,
3.57893,5.40785,1,
4.35371,5.05565,1,
5.05021,5.37428,1,
4.48541,5.15075,1,
5.50885,5.55587,1,
4.51965,5.99307,1,
5.13129,3.71201,1,
6.61698,5.30428,1,
4.8306,5.23278,1,
4.91652,5.26119,1,
4.10029,5.46906,1,
5.17956,3.7576,1,
6.43198,4.8316,1,
4.46081,4.977,1,
6.02721,6.52945,1,
6.2229,5.19769,1,
3.1053,4.03297,1,
8.04283,3.31233,-1,
4.22525,3.77154,1,
6.63563,5.694,1,
6.42295,4.91278,1,
5.57383,6.30972,1,
4.83408,5.40006,1,
3.45421,5.6939,1,
4.78212,3.1755,1,
6.07974,5.09413,1,
6.04579,2.77514,1,
3.53723,6.08088,1,
5.94851,3.52421,1,
6.00921,3.61188,1,
6.84687,4.08385,1,
5.26872,6.6218,1,
5.3743,4.6778,1,
5.03868,6.40452,1,
7.13813,5.56526,1,
6.48986,3.80034,1,
4.44381,4.45558,1,
8.04477,4.60235,-1,
4.88665,6.77109,1,
5.04385,7.55438,1,
5.20976,4.94515,1,
4.87048,4.118,1,
5.48752,5.22754,1,
3.54048,4.53806,1,
4.69706,5.58493,1,
5.55981,5.65482,1,
4.98677,6.40279,1,
6.06387,6.37574,1,
4.7583,7.33996,1,
4.36098,3.47001,1,
5.29177,4.36012,1,
5.23284,5.3263,1,
5.49499,4.46594,1,
7.05271,5.64846,1,
4.42177,5.52767,1,
6.70388,6.10813,1,
6.06592,4.46297,1,
5.39929,3.89531,1,
4.46303,5.10056,1,
4.09229,5.22207,1,
4.97786,4.99637,1,
4.30295,3.57904,1,
4.12694,3.33391,1,
4.79881,6.12728,1,
7.02017,4.75644,1,
5.43986,5.66392,1,
4.76556,4.92549,1,
4.81807,5.43078,1,
4.20315,4.37395,1,
4.37494,4.66883,1,
5.25827,4.15886,1,
5.72622,4.44824,1,
5.12723,5.09839,1,
5.59836,5.82299,1,
5.30706,4.76489,1,
6.18501,5.23707,1,
6.02432,5.5514,1,
5.05284,5.49473,1,
5.1978,4.18254,1,
6.43746,4.40849,1,
5.31943,5.03425,1,
6.32365,4.63179,1,
5.62249,6.03957,1,
5.38397,5.29358,1,
4.62341,3.16418,1,
6.61664,5.17681,1,
5.34868,4.73422,1,
5.15914,4.2784,1,
6.55295,3.90839,1,
3.68271,4.93762,1,
5.09433,4.78273,1,
5.57443,3.24156,1,
5.64688,5.42075,1,
3.74169,3.6947,1,
6.26596,5.92832,1,
5.15317,5.23045,1,
6.19486,4.90148,1,
6.31145,4.99519,1,
6.77013,6.15989,1,
5.87424,5.33846,1,
4.89913,2.28607,-1,
4.703,7.54294,1,
5.95843,4.90544,1,
4.86926,3.53497,1,
5.75892,6.00963,1,
5.36467,4.702,1,
5.37345,5.60551,1,
5.24007,3.56585,1,
4.54003,2.90755,1,
5.06426,4.62881,1,
5.31767,5.0278,1,
4.00309,4.95766,1,
6.12783,3.85471,1,
4.83529,3.46018,1,
6.09818,4.76931,1,
3.94407,3.23592,1,
4.83253,6.11981,1,
5.98796,6.50206,1,
3.80602,4.40613,1,
7.01839,1.60734,-1,
5.65736,5.37341,1,
6.78802,4.55023,1,
5.81051,4.99765,1,
5.50699,6.24101,1,
5.11563,4.50886,1,
4.82196,6.09957,1,
5.7437,5.143,1,
4.55486,7.87706,-1,
5.10787,4.56537,1,
3.80194,4.14532,1,
5.26104,5.54158,1,
3.18806,6.12994,1,
4.63709,4.9672,1,
3.79639,6.48187,1,
5.62476,3.43059,1,
5.86328,3.36672,1,
3.88871,4.12337,1,
5.38691,5.4601,1,
5.15515,4.92398,1,
7.64037,5.16754,1,
5.52121,5.65106,1,
4.05435,6.15844,1,
4.01052,4.55043,1,
4.87239,3.16427,1,
6.45342,5.43166,1,
4.67728,3.55062,1,
4.36148,4.36226,1,
4.69113,7.22704,1,
6.97432,5.00295,1,
4.1774,5.5911,1,
4.30407,5.76447,1,
4.72175,5.65511,1,
4.18727,3.9434,1,
4.96404,4.29029,1,
6.327,1.87776,-1,
5.61882,4.70901,1,
4.08547,4.34956,1,
3.50107,6.3932,1,
5.57219,5.30681,1,
5.91227,5.26878,1,
4.95836,5.41596,1,
4.49336,5.55653,1,
6.37463,4.47768,1,
5.29806,5.33076,1,
5.22939,4.49178,1,
4.27585,5.48906,1,
4.36084,4.80203,1,
6.75397,4.38774,1,
4.5965,5.6457,1,
6.09023,5.2392,1,
4.87993,3.88373,1,
5.67394,5.58197,1,
4.88399,5.27197,1,
5.51349,6.87149,1,
5.96088,5.08445,1,
4.75937,4.46697,1,
6.37659,5.33329,1,
5.91653,5.15644,1,
6.478,6.30274,1,
6.0971,5.65638,1,
6.54156,4.36622,1,
5.47157,4.81044,1,
5.54427,3.9042,1,
5.99743,4.91233,1,
5.44682,6.15404,1,
5.2148,3.13244,1,
6.12122,4.68087,1,
4.85837,5.24589,1,
5.2278,5.2165,1,
4.95328,4.95605,1,
5.14152,4.88301,1,
3.53639,3.1406,1,
3.97671,3.61718,1,
5.94816,3.64474,1,
4.70755,4.74094,1,
5.80832,4.6956,1,
5.87452,4.66123,1,
4.97754,2.59989,1,
5.54286,4.33735,1,
6.3301,5.03063,1,
3.93164,3.95359,1,
6.42695,3.76314,1,
4.18182,4.67484,1,
2.78473,4.43946,1,
6.89398,4.91578,1,
4.44401,5.47262,1,
7.80019,4.97168,1,
4.85436,4.61479,1,
5.4179,6.20697,1,
3.17486,4.69572,1,
5.29293,6.99543,1,
2.293,7.05242,-1,
5.29974,5.23546,1,
3.09538,5.9938,1,
3.42929,5.48809,1,
4.65574,3.2294,1,
3.84745,5.32827,1,
3.67695,5.65467,1,
6.23147,4.78103,1,
4.57965,5.84938,1,
5.41842,3.49187,1,
5.57127,5.52396,1,
4.08409,5.92834,1,
5.73157,3.91777,1,
4.59098,5.9796,1,
4.10278,3.66519,1,
3.98628,5.04314,1,
5.31788,4.58912,1,
4.88953,5.11038,1,
5.58795,4.19205,1,
2.95059,6.01121,1,
5.28359,4.45693,1,
6.61096,5.20588,1,
4.79584,2.99807,1,
5.82317,6.12651,1,
5.50551,6.51219,1,
5.89745,5.0916,1,
5.98256,4.22438,1,
4.34672,4.29825,1,
4.81648,6.2572,1,
4.85321,5.72643,1,
3.58863,6.35861,1,
5.32956,5.2511,1,
4.66544,4.54339,1,
4.36487,4.37607,1,
3.39974,5.02693,1,
4.27659,5.40016,1,
6.8122,2.64438,-1,
4.0861,6.09002,1,
4.69083,4.17944,1,
3.67014,4.71588,1,
5.17707,4.96992,1,
4.2209,4.14503,1,
4.69423,4.76212,1,
4.28464,2.58091,1,
4.32955,4.05979,1,
4.6279,4.44331,1,
5.29653,3.39253,1,
4.17435,3.9411,1,
3.77994,3.87919,1,
5.12193,5.24606,1,
3.97101,5.41875,1,
5.42059,5.56932,1,
4.31819,6.90672,1,
5.45399,6.54406,1,
3.71574,3.63219,1,
4.92501,5.60181,1,
5.38505,6.65724,1,
4.59475,5.00762,1,
3.70792,5.04705,1,
5.71426,6.2818,1,
5.20051,5.28863,1,
4.20211,5.20919,1,
5.23681,2.14356,-1,
4.66758,4.63735,1,
5.18936,5.2073,1,
5.31886,3.97039,1,
4.87174,4.24441,1,
5.69999,4.84965,1,
5.92218,5.54231,1,
2.88344,5.1086,1,
5.42726,4.01585,1,
3.91527,5.50789,1,
6.17228,3.76617,1,
5.87051,3.33393,1,
5.08438,4.93022,1,
5.00213,4.50391,1,
6.36284,4.68579,1,
4.856,5.13338,1,
3.74603,3.28031,1,
5.52698,4.13431,1,
5.3885,7.54262,1,
6.46496,5.75458,1,
6.35795,4.92581,1,
2.92203,3.37019,1,
5.3547,5.71468,1,
5.47716,4.02325,1,
4.54902,3.44165,1,
5.39899,5.72713,1,
3.34319,4.26521,1,
5.16314,3.52551,1,
3.06068,5.26151,1,
3.75564,4.79324,1,
5.32735,5.44709,1,
5.09764,4.76893,1,
5.59832,4.33907,1,
3.56668,5.69253,1,
5.18826,5.13058,1,
3.93538,6.37794,1,
5.75739,1.93459,-1,
5.43311,4.87612,1,
4.4612,4.77386,1,
4.53131,5.54464,1,
4.74086,6.18382,1,
5.80739,4.56811,1,
3.39999,4.71943,1,
6.84654,4.76171,1,
6.66416,4.04506,1,
6.29044,3.95659,1,
5.6641,4.32659,1,
5.39083,5.2184,1,
5.50252,5.02483,1,
2.96195,7.71786,-1,
6.40217,4.1409,1,
3.91166,5.91208,1,
5.22192,6.86062,1,
5.60258,6.36316,1,
7.1355,4.62449,1,
3.50909,4.65982,1,
5.06741,5.1521,1,
5.34231,5.63242,1,
4.87975,6.13313,1,
5.43458,6.4401,1,
5.84559,3.67823,1,
6.66957,4.8171,1,
5.8919,3.76466,1,
4.26602,3.64287,1,
5.67773,5.07648,1,
4.83602,5.92063,1,
5.01751,5.22341,1,
6.85548,6.92625,1,
5.76494,5.16746,1,
5.62282,4.53032,1,
4.94024,5.49712,1,
4.01004,6.17688,1,
2.566,4.84102,1,
4.72212,4.94811,1,
5.7666,6.24846,1,
2.71382,5.37867,1,
3.99378,6.02887,1,
4.1921,4.20492,1,
6.73327,5.09971,1,
5.1958,5.3608,1,
5.25862,5.75769,1,
5.20087,5.84215,1,
4.46198,7.61375,1,
4.61329,5.96015,1,
5.3051,5.8745,1,
3.72774,4.88923,1,
6.17895,5.66069,1,
3.91485,4.80013,1,
5.69666,5.66726,1,
5.58019,6.07713,1,
5.46695,4.97915,1,
4.6112,4.73601,1,
5.45894,6.27776,1,
3.96897,7.05949,1,
4.77347,5.68247,1,
4.60695,4.81322,1,
4.14356,5.15051,1,
6.32794,4.35687,1,
5.98821,5.50138,1,
5.92095,5.48885,1,
5.09168,5.89458,1,
4.94285,4.36207,1,
5.10539,6.51988,1,
4.04044,5.71763,1,
3.92991,5.24185,1,
5.37274,5.07143,1,
4.61114,3.38239,1,
4.78964,3.30167,1,
4.44698,6.02498,1,
3.63729,5.8592,1,
5.50501,5.47822,1,
5.39952,5.10214,1,
4.96649,5.52831,1,
6.03602,3.86988,1,
4.24468,5.84586,1,
4.99759,6.41252,1,
6.61585,3.81778,1,
5.40949,5.5475,1,
4.85474,6.47136,1,
7.58246,4.80131,1,
4.2162,4.86951,1,
4.9434,4.59477,1,
4.25072,6.67825,1,
5.75249,4.57399,1,
6.20102,5.74039,1,
5.00551,6.39617,1,
4.42477,4.83699,1,
3.57134,4.61798,1,
5.06656,5.2353,1,
3.69252,6.5595,1,
4.47229,4.19857,1,
4.93796,4.59072,1,
4.8776,4.55843,1,
4.47956,5.31564,1,
2.85087,4.2049,1,
4.74562,4.91124,1,
4.34495,5.28935,1,
6.24121,4.27796,1,
5.80384,3.2726,1,
5.42334,4.65421,1,
5.20435,6.55321,1,
3.31012,4.93877,1,
4.37397,5.11146,1,
4.56834,4.21514,1,
4.7425,6.70527,1,
6.31084,5.62662,1,
4.00446,6.35812,1,
4.70211,5.56494,1,
5.04223,4.714,1,
5.68477,3.89232,1,
4.16464,4.5423,1,
6.67839,7.25265,1,
5.48973,4.91625,1,
8.28032,5.18684,-1,
4.85265,6.30271,1,
3.09846,4.55227,1,
5.39721,5.02616,1,
4.78279,4.86888,1,
4.93964,6.87237,1,
5.4012,5.27673,1,
4.53635,6.52366,1,
6.23556,5.13293,1,
3.32123,5.29409,1,
5.68673,6.22219,1,
3.94051,6.66143,1,
5.56083,6.37411,1,
5.35146,4.94315,1,
3.94377,4.40487,1,
3.82183,5.76482,1,
5.8186,6.51815,1,
4.75303,6.44748,1,
1.96743,4.09957,-1,
5.50103,2.89342,1,
5.9274,6.26692,1,
5.57835,5.6876,1,
0.0394661,-1.00808,2,
0.63305,0.752161,2,
2.92262,-1.31047,-1,
0.42513,1.09137,2,
0.483699,1.13913,2,
-0.311977,0.161508,2,
-0.119341,0.886768,2,
-1.08653,-2.24148,2,
-0.848539,-1.13527,2,
0.361297,0.0214889,2,
-1.02552,1.37704,2,
-0.168493,-1.16792,2,
-0.343596,1.12562,2,
-2.19925,1.91806,2,
0.215289,-0.114539,2,
1.14552,-0.830559,2,
-0.530815,-0.45525,2,
0.979074,-0.0611346,2,
-1.02341,0.191544,2,
-1.05565,0.95395,2,
2.29356,-1.13078,2,
-0.158968,0.764244,2,
2.32392,0.734238,2,
0.797317,-0.994962,2,
-0.680597,-0.785822,2,
-1.60772,-2.35749,-1,
-2.32139,0.605169,-1,
0.824007,0.628358,2,
0.701365,0.647881,2,
0.602141,-1.41404,2,
-0.574428,0.323459,2,
0.249376,0.695841,2,
1.20902,-0.36534,2,
0.556734,-1.13099,2,
-0.175737,0.61343,2,
0.56503,-0.250668,2,
1.25652,-1.19054,2,
-0.365099,-0.896088,2,
-0.990625,-0.552372,2,
1.43696,-0.167443,2,
-0.681646,1.72218,2,
1.52273,-0.758409,2,
1.30163,-0.109201,2,
-1.18653,2.26141,2,
0.588024,2.15572,2,
0.569862,-1.26447,2,
0.998583,-0.559764,2,
2.22361,-0.444875,2,
-1.06704,-0.835332,2,
1.53638,1.8514,2,
0.831184,0.71055,2,
-1.44324,-1.89911,2,
0.258309,0.462905,2,
-0.737834,0.190147,2,
0.273903,0.335468,2,
-0.697599,0.183396,2,
1.42794,0.0214315,2,
0.145434,0.359263,2,
0.626258,-0.787983,2,
-0.43378,0.574505,2,
-0.148102,1.92503,2,
0.0162707,1.18384,2,
1.08816,0.12235,2,
-1.6935,0.340128,2,
0.0697543,1.40585,2,
0.359571,-0.225196,2,
-0.871036,0.631361,2,
-1.40956,0.453753,2,
-1.57696,0.56538,2,
-1.23254,0.482408,2,
-0.131719,0.40983,2,
0.328685,0.263098,2,
0.395787,0.485361,2,
-0.965631,-0.054106,2,
-0.442293,0.174266,2,
-0.500877,-1.2927,2,
-1.87772,0.369665,2,
-0.984286,1.06274,2,
-0.986606,-0.844683,2,
-0.302966,-0.472513,2,
-0.153669,-0.208731,2,
-0.33315,-0.782972,2,
0.296996,0.489295,2,
-0.0505492,-0.782782,2,
-0.695263,1.3155,2,
-1.26698,-0.513479,2,
-0.841449,-0.213279,2,
-1.4194,-0.46675,2,
1.18971,0.27325,2,
0.587888,0.100483,2,
-1.42626,1.51017,2,
0.100789,1.35859,2,
-0.205141,-0.768014,2,
-0.706898,-0.994807,2,
0.836776,0.544593,2,
-1.6894,-1.04073,2,
0.0355081,-0.646084,2,
-0.270497,0.891324,2,
-0.320218,2.10492,2,
-0.0529015,-0.204552,2,
-1.09962,-0.502796,2,
-0.765313,1.32784,2,
-0.746286,-1.18374,2,
0.333925,-1.22985,2,
0.813343,-0.825078,2,
-0.170387,-0.21512,2,
1.49743,0.762172,2,
0.413038,1.15872,2,
-0.498707,-0.184733,2,
-0.961041,-0.824648,2,
2.80923,-0.205608,2,
0.250914,0.0274021,2,
-0.656952,0.655812,2,
1.14531,-1.41646,2,
-0.0624092,0.305075,2,
-1.19591,-0.106974,2,
0.392509,-0.217652,2,
-1.52514,1.51168,2,
0.248234,-0.351154,2,
-0.290828,0.409366,2,
-0.602034,-1.0358,2,
-0.53993,0.603281,2,
-1.38525,-0.83466,2,
1.89221,0.136111,2,
-1.23149,-0.537435,2,
0.24552,-0.225812,2,
1.34619,0.848925,2,
-1.48849,1.52988,2,
-1.0294,-0.0327068,2,
-2.24987,1.36537,2,
1.03001,1.18778,2,
-0.668217,0.473763,2,
1.70766,-0.233453,2,
-1.08492,-0.674179,2,
0.0338854,0.27026,2,
0.310793,-0.37431,2,
-0.964207,-0.974805,2,
0.279902,0.155293,2,
0.359481,0.678287,2,
1.10629,-0.948511,2,
0.845301,0.0806137,2,
-0.735079,-0.394138,2,
-0.578459,-1.54953,2,
-0.937266,-1.51314,2,
-0.815239,0.443235,2,
-0.218279,0.532349,2,
0.102616,-1.93639,2,
-0.385138,1.14731,2,
-1.93928,-1.1561,2,
0.319603,0.501403,2,
1.12568,-1.26753,2,
1.41235,0.0346322,2,
-1.41733,0.721841,2,
-1.30795,0.131494,2,
-1.10504,-1.02039,2,
0.532255,-0.15018,2,
-1.87499,-0.278763,2,
-1.02575,-1.01111,2,
-0.398506,1.04025,2,
-0.00580051,-0.437944,2,
-0.372099,-2.59335,2,
0.281874,-1.46129,2,
-0.324468,-0.481303,2,
0.785266,0.83161,2,
-2.11698,-1.96831,-1,
-1.06309,1.11374,2,
0.453055,-3.0674,-1,
-0.844721,-1.06804,2,
0.648386,0.0424758,2,
-0.35471,-0.44925,2,
-1.5419,-1.14212,2,
0.049096,0.376666,2,
0.108292,-0.0340706,2,
0.768324,0.479334,2,
1.24995,-0.637955,2,
1.61199,-0.883652,2,
0.111375,0.485462,2,
-1.13731,-1.12634,2,
-0.49188,-0.176581,2,
-0.31725,-0.27264,2,
3.07647,0.648847,-1,
-0.025535,1.00949,2,
0.31539,0.69768,2,
0.90021,-0.557172,2,
-0.54406,-1.00468,2,
0.806277,-1.74999,2,
2.33845,0.511847,2,
-0.050673,0.604893,2,
-0.679948,-0.674464,2,
-0.714894,-0.720892,2,
-0.84785,-1.74252,2,
-0.897262,-0.355746,2,
-0.265784,-0.461963,2,
1.43798,0.574134,2,
-0.977219,-1.37235,2,
-0.461265,0.45094,2,
-1.54319,0.14303,2,
0.245796,-1.80747,2,
1.40088,0.992704,2,
1.05671,-0.300175,2,
-0.273996,1.13708,2,
0.934167,1.03856,2,
-1.57465,-0.253637,2,
-1.43448,0.99308,2,
-1.46017,-0.655824,2,
0.935502,0.723028,2,
-0.780929,0.778882,2,
1.29929,-0.363807,2,
0.489061,-0.815502,2,
-2.70761,-1.11223,-1,
0.0596657,-0.851034,2,
0.0365421,0.243794,2,
-1.42351,-1.54621,2,
0.391439,-0.789201,2,
0.932965,0.108562,2,
0.87093,-1.11453,2,
1.69707,-0.980616,2,
-0.721997,0.481223,2,
1.1394,0.115506,2,
0.593661,-0.499789,2,
-0.29374,-1.3488,2,
0.748011,-0.620869,2,
1.33682,0.26657,2,
-0.976641,0.276311,2,
0.603613,-0.832015,2,
1.4042,0.043173,2,
0.0170833,-0.320902,2,
-1.1335,0.186305,2,
0.387254,-0.350284,2,
-0.440648,0.599687,2,
1.49604,1.18552,2,
1.93533,1.48404,2,
1.32627,2.57733,-1,
-2.00061,-1.2447,2,
0.087294,-0.291848,2,
-1.95747,-1.65671,2,
-0.519086,0.280307,2,
0.529893,-0.0574411,2,
-1.84237,-0.163634,2,
-0.673968,-1.44675,2,
0.910056,0.435514,2,
-1.83714,-0.899469,2,
1.11589,-0.20165,2,
0.715312,0.394185,2,
-1.13418,1.11275,2,
-0.478548,-0.107571,2,
0.571997,-1.271,2,
-0.306902,-1.38941,2,
-0.181812,0.284416,2,
0.510758,0.154979,2,
0.59988,-0.672077,2,
0.692442,0.948121,2,
0.0254588,0.235112,2,
0.782617,0.176678,2,
1.15257,1.11774,2,
-0.057811,-1.94977,2,
0.279664,1.2573,2,
-0.514454,-1.12335,2,
-0.111756,0.105488,2,
0.645266,-1.98345,2,
-0.677638,1.46495,2,
0.481419,0.366234,2,
0.222651,0.530314,2,
0.366856,-0.520683,2,
-0.197788,-1.35905,2,
-0.588367,-1.05647,2,
-0.184864,-1.0831,2,
0.829457,-0.464633,2,
1.63083,-0.193298,2,
-1.10225,0.574755,2,
-1.25949,-0.156428,2,
0.0805232,2.72851,-1,
-1.44557,0.200471,2,
-0.289042,-1.46786,2,
-0.588765,0.643067,2,
-0.591373,-0.370902,2,
2.10784,-1.74019,-1,
1.0031,1.7836,2,
-0.032579,1.54852,2,
-0.265636,0.726359,2,
-0.141339,-0.61706,2,
-0.908445,1.18789,2,
-0.23466,-0.475089,2,
-1.65978,-0.017567,2,
0.959052,-1.61292,2,
0.692344,0.105506,2,
-0.423702,1.91691,2,
-0.221043,-1.14291,2,
-0.00504264,1.55795,2,
0.397097,-1.17388,2,
0.80025,0.0973025,2,
-0.232614,-1.38623,2,
0.0959865,1.62159,2,
-0.296071,0.717694,2,
-0.550462,1.66404,2,
-0.407274,0.118903,2,
1.51079,0.867873,2,
-0.74625,-0.983205,2,
1.11618,0.420679,2,
0.120009,0.0937536,2,
-0.688098,-2.34901,2,
1.02291,-0.304137,2,
-0.130255,-1.07857,2,
0.813592,-0.486534,2,
-0.122158,0.043447,2,
-0.718556,-0.274532,2,
-1.57608,-1.74639,2,
0.330779,-0.502427,2,
1.09167,0.776454,2,
0.350422,0.149779,2,
-0.191641,-0.730655,2,
0.945024,1.78155,2,
1.22276,-0.450755,2,
0.191707,0.743948,2,
0.083983,0.238292,2,
0.954135,1.24889,2,
0.456194,-1.04932,2,
-0.326912,-1.95189,2,
0.857912,-0.885254,2,
0.00142465,-0.42281,2,
0.850634,-0.684886,2,
0.143784,0.835162,2,
2.31444,-1.54782,-1,
1.21629,-0.169444,2,
0.834929,-0.224706,2,
1.69077,-1.17748,2,
-0.590808,-0.319293,2,
-0.80169,-0.432407,2,
1.09136,0.112903,2,
0.164298,-1.29991,2,
0.251328,-0.151446,2,
0.105708,0.424453,2,
-1.02078,0.616206,2,
-0.787666,1.35285,2,
1.46878,0.887163,2,
1.34091,-0.227745,2,
0.75681,-0.965866,2,
0.534668,0.722677,2,
-1.31427,0.10212,2,
0.877445,-2.29012,2,
0.855061,-2.20162,2,
-1.12729,0.939853,2,
0.666433,-0.501985,2,
1.5949,2.66835,-1,
0.183356,0.771774,2,
0.484251,-0.131253,2,
-1.99623,1.50794,2,
0.610359,1.13262,2,
-0.0779172,-1.97859,2,
-0.841221,-0.443194,2,
-0.965372,-1.16296,2,
2.08448,2.33995,-1,
-2.02995,-0.347256,2,
-0.0764197,0.0220979,2,
-0.943773,0.923442,2,
-2.13057,0.240181,2,
-0.0735152,0.42995,2,
-0.413716,-0.217215,2,
-0.755934,-1.33225,2,
0.350639,-0.441876,2,
2.38179,0.297411,2,
-1.06442,-0.432824,2,
0.247555,-2.0565,2,
-0.841383,-0.439782,2,
0.00779615,1.41134,2,
0.134446,-0.107289,2,
1.13502,1.71453,2,
-1.44011,0.22596,2,
-0.335048,0.21859,2,
0.69213,-0.0473091,2,
-1.06815,1.43959,2,
0.988354,-0.841631,2,
-2.64939,0.232656,-1,
-0.371798,-0.562025,2,
0.400867,1.95053,2,
0.930294,-0.0196425,2,
0.686823,-0.63791,2,
-2.31052,-0.335979,2,
0.701612,-0.475265,2,
-0.116277,-0.425886,2,
0.352501,0.63203,2,
2.4093,0.697142,2,
-0.0928103,-1.02093,2,
-0.634419,-1.20254,2,
-1.56774,-0.824048,2,
0.405446,0.146378,2,
-0.70214,0.850229,2,
-0.350158,1.01529,2,
-2.52073,-2.09919,-1,
0.11488,-1.54867,2,
0.0512767,-1.19365,2,
0.170126,0.608684,2,
0.302009,1.31969,2,
-0.699704,0.87264,2,
0.90618,-0.876317,2,
-0.737877,0.499348,2,
1.16866,-0.697701,2,
-0.185567,0.865099,2,
0.362066,-0.0990059,2,
-1.36833,0.245442,2,
0.830079,-2.53286,2,
-0.592938,-2.48319,2,
-0.248807,0.615615,2,
-2.02819,-0.329339,2,
-0.347193,-1.32244,2,
-0.0466785,1.43058,2,
-0.16701,-0.431009,2,
0.381548,0.657729,2,
1.10083,2.01827,2,
1.75706,-0.696599,2,
0.51741,-0.430624,2,
1.12244,-0.390114,2,
-1.15293,-0.348448,2,
-0.0310072,0.66353,2,
-0.194681,-0.530818,2,
0.419632,-0.268284,2,
-0.167536,0.365414,2,
0.491156,-1.96454,2,
0.618667,-2.48603,2,
-0.224729,-0.767324,2,
-0.481306,0.301462,2,
0.758694,0.537893,2,
1.20343,1.0454,2,
0.103646,1.74905,2,
-0.174784,2.39572,2,
0.33435,1.64104,2,
2.29754,-1.51561,-1,
-0.943947,-0.709489,2,
-0.935822,0.419482,2,
0.202932,-0.445614,2,
2.62274,0.0869919,2,
1.51091,-0.11586,2,
0.954701,1.9567,2,
-0.0355884,-0.75617,2,
-0.756281,-0.586026,2,
1.16044,-1.559,2,
-0.286555,0.0306406,2,
-0.403095,-1.12119,2,
-0.115637,0.240003,2,
-0.534447,-1.53934,2,
-0.0596068,0.919552,2,
0.836006,-1.17956,2,
-1.06045,0.236401,2,
-0.608009,-0.260009,2,
-1.69207,0.947968,2,
-1.42998,0.314147,2,
-0.0456931,-1.07664,2,
0.587489,-1.01414,2,
0.701712,0.574905,2,
0.653848,-1.08811,2,
-1.90447,-1.45011,2,
0.559164,0.473465,2,
1.35593,-1.14922,2,
0.477154,0.169738,2,
0.735633,-0.507779,2,
-1.13133,-0.49694,2,
0.129658,-0.191916,2,
1.21274,-0.405436,2,
-1.12816,1.08523,2,
-1.16561,-0.437508,2,
-0.153674,-0.404689,2,
0.830502,-0.244749,2,
-2.374,-2.47896,-1,
-0.447131,0.632659,2,
0.208804,-0.767044,2,
3.21784,-1.70388,-1,
1.13685,-0.555975,2,
-0.582906,0.966422,2,
-0.665478,0.0609842,2,
-2.11306,-0.00509526,2,
-0.332226,-0.349699,2,
0.0560899,-0.234005,2,
-1.57137,0.201733,2,
-0.612834,-0.473344,2,
-0.572789,-2.36492,2,
0.131688,-0.257096,2,
-1.10534,0.0567617,2,
0.420536,-0.0137307,2,
-1.58553,-0.125523,2,
-0.836431,-0.201696,2,
0.514466,0.633765,2,
-0.494508,0.0671156,2,
-0.937887,-0.132661,2,
0.0494565,-0.172744,2,
0.14584,-0.49081,2,
-0.776456,-0.0219129,2,
2.3159,1.03563,2,
0.8354,-1.07985,2,
-0.191652,0.865594,2,
-1.5661,1.74464,2,
-0.371939,-0.755857,2,
0.977068,1.37801,2,
0.218645,-1.60471,2,
-0.868015,-0.301557,2,
-0.671173,1.82137,2,
0.317548,0.0921985,2,
1.86517,1.10933,2,
-1.03969,0.113517,2,
0.641261,-0.353171,2,
-0.056885,1.16161,2,
-0.17833,0.528104,2,
0.155017,-0.815212,2,
-0.56082,0.083206,2,
-0.0927928,0.89974,2,
-1.13129,0.312953,2,
-0.0762498,-0.864263,2,
1.27791,1.22248,2,
0.233424,0.0578661,2,
1.36665,-0.191598,2,
-1.56015,-2.27122,-1,
0.295441,1.0526,2,
0.955709,0.23897,2,
0.315326,-1.42987,2,
-1.15791,-0.790228,2,
0.110447,-0.712835,2,
0.300937,0.786803,2,
-0.161132,-0.401188,2,
-0.0350429,0.278974,2,
0.288778,-0.636568,2,
0.152213,-0.104626,2,
-1.45325,1.17234,2,
-1.47302,-0.630893,2,
-0.114097,-1.33891,2,
-0.551099,-1.01765,2,
0.374186,1.50327,2,
0.62666,0.766618,2,
0.0808889,-0.778315,2,
-0.59462,1.04375,2,
0.0853451,-0.0886186,2,
1.80813,-0.27896,2,
-1.36895,-0.165182,2,
1.40231,1.30858,2,
-0.629359,-0.42896,2,
1.18623,-2.30509,2,
0.0810544,-0.814174,2,
1.90967,-0.902961,2,
0.17464,-0.219213,2,
-0.957212,1.99999,2,
1.25071,-1.28766,2,
-1.10806,-1.36783,2,
-1.52362,0.537652,2,
2.35046,0.164751,2,
0.323477,-1.43443,2,
0.671478,0.890738,2,
-0.654449,0.404361,2,
1.25278,1.9497,2,
-0.728705,-0.30407,2,
-0.25732,1.5634,2,
0.355489,-0.275662,2,
0.0694921,0.204825,2,
-1.49421,0.173654,2,
-0.071211,-1.49759,2,
-0.585669,0.676543,2,
0.553288,0.280543,2,
1.43655,-1.16428,2,
-0.596813,-0.316614,2,
2.23651,-0.833201,2,
-0.724358,-0.432537,2,
-0.097524,-0.310785,2,
0.472505,0.114151,2,
-0.0325407,-0.307978,2,
0.734184,1.4925,2,
2.25988,-1.67698,-1,
-0.537151,0.959321,2,
1.08553,-0.7937,2,
-1.50669,1.16928,2,
-0.310368,1.2314,2,
-0.614846,-0.111475,2,
0.497285,-2.04091,2,
-1.93262,-0.528795,2,
0.742892,0.302035,2,
-1.60415,0.613481,2,
-0.0545882,-0.382703,2,
1.09135,0.482678,2,
-0.0721131,1.37423,2,
1.7824,0.303453,2,
0.136432,-0.77603,2,
-0.994829,0.217776,2,
0.256276,-0.303224,2,
-0.221297,-0.126037,2,
0.326495,1.29255,2,
0.547197,-0.328273,2,
0.0728772,0.933693,2,
0.325994,-1.28676,2,
1.43059,-0.361339,2,
0.604409,-0.352316,2,
-1.18813,0.595832,2,
-0.474367,-0.0275711,2,
-0.371305,1.71648,2,
-0.47939,0.419257,2,
-1.32713,-0.0123815,2,
-0.178579,0.493548,2,
-0.630993,0.727582,2,
-0.825797,-0.753937,2,
1.76222,0.499954,2,
-0.426806,-2.17303,2,
-0.221597,-0.741323,2,
-0.435442,-1.04441,2,
-0.378169,-0.0252397,2,
-0.425504,-0.669718,2,
0.0455977,0.0626063,2,
2.13604,-0.419281,2,
-0.916059,1.39694,2,
0.362874,-0.323565,2,
-1.33554,0.0127187,2,
0.77514,-0.154082,2,
1.74252,-0.156758,2,
0.0960717,0.688999,2,
1.04914,1.55902,2,
0.110875,0.971609,2,
0.942493,-1.70631,2,
-0.817896,-0.616862,2,
-0.664528,0.541866,2,
-0.545204,0.136684,2,
-0.739437,-0.902535,2,
0.197532,-2.03651,2,
-0.31295,0.747553,2,
0.456343,0.553831,2,
0.555929,0.487624,2,
-0.68749,-1.0102,2,
-0.680953,0.718278,2,
-0.118831,0.263376,2,
0.221418,-1.67933,2,
-0.524005,-2.01997,2,
-1.06024,-0.602417,2,
1.06803,0.508725,2,
-1.48748,-1.31345,2,
-1.34339,0.406635,2,
-0.425683,1.06661,2,
-0.144115,0.0049605,2,
0.457531,-0.0440929,2,
-0.550477,-1.44312,2,
0.0664345,0.269659,2,
-0.653828,-2.62377,2,
0.935878,-0.999501,2,
-0.0425068,0.328785,2,
-1.38641,0.650552,2,
-0.389488,-1.22767,2,
-1.62955,1.66192,2,
-0.571281,0.986021,2,
0.969735,0.988864,2,
-0.469233,0.796179,2,
0.121473,1.68744,2,
1.17283,0.00333551,2,
0.938334,-0.656905,2,
0.510033,-0.560496,2,
-0.860975,0.66911,2,
-0.821833,1.67362,2,
0.0181787,-0.287638,2,
0.83736,-1.28469,2,
-1.43165,-1.25747,2,
0.535794,-0.0904584,2,
1.53974,0.716557,2,
-0.336362,-0.478877,2,
-0.404813,-2.30191,2,
3.81584,-1.41319,-1,
0.769764,0.0603513,2,
2.2097,1.33913,2,
-0.920061,0.952794,2,
0.773663,0.123242,2,
0.869256,0.750369,2,
0.923211,-1.14018,2,
-1.61651,0.128134,2,
0.0828579,-0.248897,2,
-0.708923,-0.417492,2,
-0.267859,0.0211447,2,
0.316963,-0.457842,2,
0.37565,-0.799143,2,
0.118115,-1.04884,2,
0.757368,0.202195,2,
0.26834,0.248806,2,
0.87017,-0.324435,2,
0.790615,-1.41932,2,
0.0731416,0.488152,2,
-0.170485,0.678369,2,
0.368481,0.0428253,2,
0.724307,0.905929,2,
0.418788,0.824733,2,
0.51139,0.459592,2,
-0.10506,-0.346072,2,
-0.800516,0.0756309,2,
1.28578,-0.504518,2,
2.82346,0.308221,2,
-0.794432,-1.44726,2,
-1.34547,-1.01948,2,
1.58259,1.73509,2,
-0.929531,0.11526,2,
-0.527037,1.27482,2,
0.000474692,-1.40179,2,
-1.02215,1.53159,2,
0.133963,-0.638983,2,
-0.10567,0.365137,2,
0.110489,-0.27406,2,
-1.35224,-1.39025,2,
1.2276,0.684109,2,
1.76489,-0.990739,2,
-0.64524,0.844467,2,
-1.11315,1.29969,2,
-0.2301,2.70315,-1,
0.191596,-1.10122,2,
1.85338,-1.08122,2,
-1.50384,-0.00322254,2,
0.126651,0.512515,2,
-0.556754,0.389948,2,
-0.0290531,2.03529,2,
0.812181,0.596258,2,
-0.568529,0.902508,2,
1.00991,-0.493301,2,
1.83266,-0.945925,2,
0.766683,0.268667,2,
0.287157,-1.03615,2,
1.11437,0.439158,2,
1.4221,0.294825,2,
0.406253,-0.605365,2,
0.695849,-0.840102,2,
-0.261357,0.605063,2,
2.31703,1.09321,2,
0.402191,1.17845,2,
-0.106579,0.967941,2,
0.460244,-1.14334,2,
-0.433434,0.0738184,2,
1.03982,-0.677991,2,
-0.0316516,-1.17229,2,
0.616313,1.18386,2,
0.215463,-0.225705,2,
0.259099,-1.6495,2,
-0.837318,-0.46049,2,
-1.39743,1.10922,2,
0.991361,1.91116,2,
-0.224843,0.0855245,2,
0.487355,-0.102846,2,
0.155409,0.413195,2,
-0.0806609,0.983899,2,
-0.403632,0.989579,2,
1.31995,-1.26298,2,
-0.0149436,1.2651,2,
0.184301,-0.755014,2,
0.933809,0.272895,2,
-0.15739,-1.0177,2,
0.22674,1.32213,2,
0.722789,1.99322,2,
0.861925,0.763112,2,
-0.91788,2.07994,2,
-1.406,-0.807188,2,
-0.449065,0.930581,2,
0.156494,0.0553111,2,
1.0882,-0.862257,2,
0.868305,-1.47251,2,
0.918212,-0.703116,2,
-0.144083,-0.134271,2,
1.06746,-0.857511,2,
-0.991748,1.51447,2,
1.31556,1.77707,2,
0.474461,0.12886,2,
-0.290644,-0.861734,2,
0.0360671,-0.948755,2,
0.995349,-0.517971,2,
0.0587496,-0.0703597,2,
-1.25457,2.557,-1,
2.04438,0.268682,2,
-0.729661,-1.67446,2,
0.445127,-1.15905,2,
0.370842,2.57308,-1,
1.13148,1.06235,2,
0.456972,0.884155,2,
-0.189642,-0.633407,2,
-0.0638849,1.23881,2,
-0.537137,0.171924,2,
1.26813,-0.490068,2,
0.0335133,-0.45038,2,
-1.51732,0.920083,2,
1.10274,-0.875553,2,
0.425332,-1.39905,2,
0.388099,-1.36203,2,
2.12498,-0.427519,2,
-1.39489,-1.37395,2,
-0.0554611,0.67397,2,
0.711021,1.13726,2,
-0.452688,1.24493,2,
-2.0378,1.39958,2,
-0.39202,1.51746,2,
-1.1417,-0.738488,2,
0.19829,-1.1989,2,
-0.101287,0.594985,2,
0.200179,0.94326,2,
0.500796,-0.101511,2,
0.818197,0.392568,2,
0.960898,1.97462,2,
-0.229999,-1.38523,2,
-0.646934,0.811589,2,
0.857348,1.30213,2,
-0.00861903,-0.622158,2,
-1.47761,0.102302,2,
1.63528,0.435506,2,
1.32297,-0.281755,2,
1.37067,1.63574,2,
-1.15808,-1.55147,2,
-0.777514,-2.38255,2,
-0.298702,0.338129,2,
-1.98558,1.54938,2,
-0.562843,0.146742,2,
0.630182,0.191624,2,
2.4005,-0.575051,2,
1.16156,-0.706086,2,
0.425096,0.0697866,2,
-0.922866,0.00662312,2,
-1.59984,1.04923,2,
-1.98237,1.31708,2,
-0.948992,-1.21447,2,
-0.174733,0.72239,2,
1.27421,0.82217,2,
-0.404609,-0.387218,2,
-0.133058,1.04788,2,
0.270307,-1.02106,2,
-2.1374,-0.917771,2,
0.287948,-0.435819,2,
-0.242302,1.89281,2,
-1.50492,0.104057,2,
-0.0327576,-0.661407,2,
1.58515,-0.112928,2,
0.894834,0.799669,2,
0.0459001,-1.20467,2,
0.0421747,0.564617,2,
0.544236,0.894703,2,
-0.478441,0.872455,2,
0.755506,0.879596,2,
-0.153332,-0.59884,2,
-0.246446,0.17864,2,
0.175677,-1.62913,2,
-0.417526,0.816553,2,
0.685359,-0.731893,2,
-2.61517,0.665464,-1,
-1.25315,-0.960626,2,
0.366718,-0.530259,2,
0.476381,1.2841,2,
-0.22417,-1.33454,2,
0.599525,-0.365994,2,
0.639283,-1.15983,2,
1.16865,-0.218056,2,
0.0447365,-1.41379,2,
0.98602,-0.29237,2,
0.192082,1.19945,2,
-0.0395823,-1.31722,2,
0.581681,-0.680694,2,
-1.30406,0.846036,2,
0.353489,0.440344,2,
0.727909,1.39159,2,
1.13337,-0.0960004,2,
2.78624,-1.85209,-1,
-0.499735,-1.61727,2,
-1.5646,0.555285,2,
-1.3119,1.39035,2,
-1.12069,-1.27703,2,
1.62536,1.24277,2,
-0.410904,1.34048,2,
1.63306,1.24004,2,
0.407518,0.988021,2,
-0.380324,-0.730711,2,
-0.285425,1.33394,2,
-1.06513,0.722012,2,
-0.860465,0.926485,2,
0.191583,0.0962875,2,
1.70911,-2.47576,-1,
0.451628,-2.16088,2,
1.38965,-0.61874,2,
-0.261486,-0.046056,2,
0.191369,-1.13497,2,
0.414536,-0.392973,2,
-1.62316,0.175834,2,
-1.66525,-0.0173516,2,
0.012606,1.9083,2,
1.03512,0.513445,2,
0.309044,0.931916,2,
0.589472,-0.471224,2,
1.20129,2.97936,-1,
0.130723,1.44685,2,
-1.18419,1.16716,2,
0.14305,1.20776,2,
-0.803486,-0.0678148,2,
0.36889,1.25981,2,
-0.504429,1.67855,2,
-1.35266,-1.0547,2,
1.47262,-0.290414,2,
0.0325929,0.624796,2,
1.06934,1.00452,2,
-0.986504,0.11091,2,
-0.0185614,1.90648,2,
-1.03767,0.465436,2,
0.402967,-0.730225,2,
0.661806,0.0247337,2,
-1.53179,-0.114145,2,
0.773801,-0.688835,2,
0.341322,0.427862,2,
1.49265,-0.323807,2,
-0.192385,-2.05609,2,
2.4853,0.16254,2,
-0.264856,1.6912,2,
1.32824,0.151068,2,
-1.34014,-0.397498,2,
0.0225482,-1.13479,2,
-0.533659,-0.711626,2,
1.6088,-1.58969,2,
-1.18923,-1.42139,2,
-0.921721,0.470644,2,
0.0255806,0.485247,2,
0.941761,-0.896775,2,
1.92229,0.898013,2,
0.597788,-0.0266869,2,
-0.909267,1.92555,2,
-0.227555,0.673488,2,
2.05236,1.77814,2,
-0.608337,0.48664,2,
0.622106,-0.583406,2,
-1.67238,-0.424338,2,
-1.49014,-0.975268,2,
0.0130493,-0.197333,2,
0.655514,-1.47881,2,
-0.494838,0.192046,2,
-1.27402,-0.421361,2,
0.510903,1.10643,2,
-1.38255,-0.519219,2,
-1.44899,1.07148,2,
-0.500456,-0.791277,2,
-0.164952,0.379503,2,
0.680195,-1.51784,2,
-0.91719,0.601526,2,
0.62455,-0.157518,2,
-0.380832,2.05168,2,
1.1573,0.0334069,2,
-0.138525,0.450039,2,
0.413825,-0.217792,2,
-1.30414,-0.1516,2,
-0.344355,-1.3353,2,
0.772508,-1.21692,2,
-0.236076,-0.414862,2,
1.03141,-0.9175,2,
-0.391321,-2.04273,2,
-1.15135,-0.704279,2,
0.67046,0.851663,2,
-1.40284,-0.620089,2,
-0.582969,0.416783,2,
-0.242154,0.445314,2,
0.745728,0.612554,2,
-0.330379,0.243282,2,
0.0699795,-1.99773,2,
0.480432,0.631155,2,
0.291784,1.37451,2,
1.58141,1.29972,2,
-0.204141,0.086449,2,
-1.25927,-0.311779,2,
-0.231872,0.535791,2,
-1.08346,-1.31165,2,
0.0532076,-0.424021,2,
-0.803282,-0.336916,2,
0.388963,-0.39988,2,
-0.240088,0.523018,2,
2.29545,0.142625,2,
-0.184697,0.318585,2,
-0.951843,-0.125794,2,
0.121703,1.77108,2,
1.27974,-0.0192232,2,
-0.839595,0.0100726,2,
-1.80804,0.00133704,2,
1.37205,-1.48122,2,
1.28118,0.459204,2,
0.819777,-0.307977,2,
-1.83415,-0.440795,2,
-2.04956,0.10539,2,
-1.43731,0.682259,2,
0.323083,-0.848551,2,
-0.553044,0.288017,2,
0.990311,-0.650872,2,
0.489659,-1.87361,2,
0.854415,0.453839,2,
-2.2325,-2.00861,-1,
-0.469069,-0.134726,2,
0.15146,-0.244827,2,
-1.54054,1.59114,2,
0.144651,-1.01948,2,
0.755901,-0.716711,2,
-0.408979,-0.848535,2,
-0.735595,0.976905,2,
-0.767223,0.000324244,2,
-1.29401,-0.898259,2,
-0.860656,-1.08831,2,
0.162927,-0.591026,2,
-0.857091,0.356653,2,
1.08199,-0.293959,2,
-1.06632,0.0553283,2,
0.537155,-1.29368,2,
0.332573,-0.121648,2,
-0.246143,0.182118,2,
-0.480629,-1.0911,2,
1.42771,0.703884,2,
0.397575,-0.424516,2,
-0.0437823,-0.281904,2,
1.64638,0.622878,2,
1.05578,0.784264,2,
-1.26729,-1.1546,2,
1.16052,-0.479332,2,
