ID,VP Index,Mediana,L_R,ID_Parent,L_kid,R_kid,L_kid_N,R_kid_N,Left Bound,Right Bound
0,976,6.3827,0,-1,1,1000,999,1000,0,0
1,897,2.71363,-1,0,2,500,498,500,0,0
2,222,1.78616,-1,1,3,251,248,249,0,0
3,39,0.815639,-1,2,4,127,123,124,0,0
4,803,0.623184,-1,3,5,65,60,62,0,0
5,680,0.355645,-1,4,6,35,29,30,0,0
6,170,0.267479,-1,5,7,20,13,15,0,0
7,661,0.138064,-1,6,8,13,5,7,0,0
8,73,0.104775,-1,7,9,10,1,3,0,0
9,973,0,-1,8,-1,-1,0,0,0,0
10,676,0.192466,1,8,-1,11,0,2,0,0
11,946,0.00339167,1,10,-1,12,0,1,0,0
12,956,0,1,11,-1,-1,0,0,0,0
13,957,0.120447,1,7,14,16,2,4,0,0
14,333,0.0536902,-1,13,-1,15,0,1,0,0
15,759,0,1,14,-1,-1,0,0,0,0
16,838,0.231564,1,13,17,18,1,2,0,0
17,109,0,-1,16,-1,-1,0,0,0,0
18,82,0.0580936,1,16,-1,19,0,1,0,0
19,320,0,1,18,-1,-1,0,0,0,0
20,387,0.229694,1,6,21,27,6,8,0,0
21,20,0.228773,-1,20,22,24,2,3,0,0
22,192,0.0123683,-1,21,-1,23,0,1,0,0
23,290,0,1,22,-1,-1,0,0,0,0
24,207,0.0669968,1,21,-1,25,0,2,0,0
25,716,0.0424029,1,24,-1,26,0,1,0,0
26,472,0,1,25,-1,-1,0,0,0,0
27,505,0.129481,1,20,28,31,3,4,0,0
28,327,0.0511279,-1,27,-1,29,0,2,0,0
29,450,0.0297576,1,28,-1,30,0,1,0,0
30,742,0,1,29,-1,-1,0,0,0,0
31,642,0.0298557,1,27,32,33,1,2,0,0
32,856,0,-1,31,-1,-1,0,0,0,0
33,74,0.0968702,1,31,-1,34,0,1,0,0
34,103,0,1,33,-1,-1,0,0,0,0
35,133,0.416217,1,5,36,50,14,15,0,0
36,258,0.169735,-1,35,37,43,6,7,0,0
37,153,0.0914521,-1,36,38,40,2,3,0,0
38,205,0.0413689,-1,37,-1,39,0,1,0,0
39,780,0,1,38,-1,-1,0,0,0,0
40,741,0.191483,1,37,-1,41,0,2,0,0
41,358,0.0888219,1,40,-1,42,0,1,0,0
42,982,0,1,41,-1,-1,0,0,0,0
43,260,0.0764446,1,36,44,46,2,4,0,0
44,102,0.016927,-1,43,-1,45,0,1,0,0
45,612,0,1,44,-1,-1,0,0,0,0
46,837,0.0986599,1,43,47,48,1,2,0,0
47,690,0,-1,46,-1,-1,0,0,0,0
48,422,0.043125,1,46,-1,49,0,1,0,0
49,592,0,1,48,-1,-1,0,0,0,0
50,75,0.147416,1,35,51,57,6,8,0,0
51,684,0.184896,-1,50,52,54,2,3,0,0
52,391,0.034384,-1,51,-1,53,0,1,0,0
53,920,0,1,52,-1,-1,0,0,0,0
54,805,0.0250227,1,51,-1,55,0,2,0,0
55,746,0.0482416,1,54,-1,56,0,1,0,0
56,916,0,1,55,-1,-1,0,0,0,0
57,820,0.184277,1,50,58,61,3,4,0,0
58,898,0.0437192,-1,57,-1,59,0,2,0,0
59,537,0.0289597,1,58,-1,60,0,1,0,0
60,960,0,1,59,-1,-1,0,0,0,0
61,366,0.315531,1,57,62,63,1,2,0,0
62,618,0,-1,61,-1,-1,0,0,0,0
63,826,0.0306384,1,61,-1,64,0,1,0,0
64,399,0,1,63,-1,-1,0,0,0,0
65,38,0.339902,1,4,66,96,30,31,0,0
66,117,0.222619,-1,65,67,81,14,15,0,0
67,240,0.216675,-1,66,68,74,6,7,0,0
68,146,0.058507,-1,67,69,71,2,3,0,0
69,588,0.05442,-1,68,-1,70,0,1,0,0
70,237,0,1,69,-1,-1,0,0,0,0
71,796,0.0142167,1,68,-1,72,0,2,0,0
72,698,0.0328456,1,71,-1,73,0,1,0,0
73,790,0,1,72,-1,-1,0,0,0,0
74,521,0.16607,1,67,75,77,2,4,0,0
75,365,0.143362,-1,74,-1,76,0,1,0,0
76,357,0,1,75,-1,-1,0,0,0,0
77,32,0.118199,1,74,78,79,1,2,0,0
78,808,0,-1,77,-1,-1,0,0,0,0
79,302,0.0565881,1,77,-1,80,0,1,0,0
80,621,0,1,79,-1,-1,0,0,0,0
81,63,0.340982,1,66,82,88,6,8,0,0
82,446,0.187919,-1,81,83,85,2,3,0,0
83,863,0.0204198,-1,82,-1,84,0,1,0,0
84,424,0,1,83,-1,-1,0,0,0,0
85,727,0.121097,1,82,-1,86,0,2,0,0
86,795,0.0924527,1,85,-1,87,0,1,0,0
87,397,0,1,86,-1,-1,0,0,0,0
88,968,0.0963965,1,81,89,92,3,4,0,0
89,254,0.0545954,-1,88,-1,90,0,2,0,0
90,37,0.0742317,1,89,-1,91,0,1,0,0
91,484,0,1,90,-1,-1,0,0,0,0
92,955,0.388946,1,88,93,94,1,2,0,0
93,519,0,-1,92,-1,-1,0,0,0,0
94,975,0.0447978,1,92,-1,95,0,1,0,0
95,420,0,1,94,-1,-1,0,0,0,0
96,286,0.213224,1,65,97,111,14,16,0,0
97,185,0.190648,-1,96,98,104,6,7,0,0
98,355,0.084355,-1,97,99,101,2,3,0,0
99,565,0.0374184,-1,98,-1,100,0,1,0,0
100,172,0,1,99,-1,-1,0,0,0,0
101,239,0.138139,1,98,-1,102,0,2,0,0
102,285,0.10521,1,101,-1,103,0,1,0,0
103,553,0,1,102,-1,-1,0,0,0,0
104,116,0.166148,1,97,105,107,2,4,0,0
105,945,0.0567904,-1,104,-1,106,0,1,0,0
106,328,0,1,105,-1,-1,0,0,0,0
107,464,0.0751815,1,104,108,109,1,2,0,0
108,544,0,-1,107,-1,-1,0,0,0,0
109,718,0.03643,1,107,-1,110,0,1,0,0
110,951,0,1,109,-1,-1,0,0,0,0
111,630,0.344297,1,96,112,119,7,8,0,0
112,141,0.131486,-1,111,113,115,2,4,0,0
113,593,0.0632039,-1,112,-1,114,0,1,0,0
114,829,0,1,113,-1,-1,0,0,0,0
115,245,0.215543,1,112,116,117,1,2,0,0
116,705,0,-1,115,-1,-1,0,0,0,0
117,926,0.115957,1,115,-1,118,0,1,0,0
118,639,0,1,117,-1,-1,0,0,0,0
119,91,0.304608,1,111,120,123,3,4,0,0
120,373,0.302612,-1,119,-1,121,0,2,0,0
121,289,0.0118129,1,120,-1,122,0,1,0,0
122,754,0,1,121,-1,-1,0,0,0,0
123,46,0.498292,1,119,124,125,1,2,0,0
124,801,0,-1,123,-1,-1,0,0,0,0
125,125,0.327439,1,123,-1,126,0,1,0,0
126,532,0,1,125,-1,-1,0,0,0,0
127,494,1.12404,1,3,128,189,61,62,0,0
128,408,0.755151,-1,127,129,158,29,31,0,0
129,513,0.454552,-1,128,130,143,13,15,0,0
130,811,0.26704,-1,129,131,136,5,7,0,0
131,89,0.115612,-1,130,132,133,1,3,0,0
132,645,0,-1,131,-1,-1,0,0,0,0
133,458,0.195176,1,131,-1,134,0,2,0,0
134,248,0.13993,1,133,-1,135,0,1,0,0
135,752,0,1,134,-1,-1,0,0,0,0
136,96,0.151415,1,130,137,139,2,4,0,0
137,538,0.0281896,-1,136,-1,138,0,1,0,0
138,525,0,1,137,-1,-1,0,0,0,0
139,29,0.124322,1,136,140,141,1,2,0,0
140,681,0,-1,139,-1,-1,0,0,0,0
141,434,0.0628468,1,139,-1,142,0,1,0,0
142,688,0,1,141,-1,-1,0,0,0,0
143,902,0.261563,1,129,144,150,6,8,0,0
144,804,0.189465,-1,143,145,147,2,3,0,0
145,178,0.0921573,-1,144,-1,146,0,1,0,0
146,807,0,1,145,-1,-1,0,0,0,0
147,130,0.0502879,1,144,-1,148,0,2,0,0
148,708,0.0600904,1,147,-1,149,0,1,0,0
149,620,0,1,148,-1,-1,0,0,0,0
150,219,0.552902,1,143,151,154,3,4,0,0
151,810,0.0131221,-1,150,-1,152,0,2,0,0
152,704,0.260883,1,151,-1,153,0,1,0,0
153,992,0,1,152,-1,-1,0,0,0,0
154,249,0.213404,1,150,155,156,1,2,0,0
155,274,0,-1,154,-1,-1,0,0,0,0
156,5,0.0855483,1,154,-1,157,0,1,0,0
157,317,0,1,156,-1,-1,0,0,0,0
158,51,0.588615,1,128,159,173,14,16,0,0
159,335,0.331131,-1,158,160,166,6,7,0,0
160,267,0.342103,-1,159,161,163,2,3,0,0
161,449,0.0543002,-1,160,-1,162,0,1,0,0
162,247,0,1,161,-1,-1,0,0,0,0
163,395,0.0885879,1,160,-1,164,0,2,0,0
164,430,0.160075,1,163,-1,165,0,1,0,0
165,52,0,1,164,-1,-1,0,0,0,0
166,85,0.140445,1,159,167,169,2,4,0,0
167,425,0.0789641,-1,166,-1,168,0,1,0,0
168,851,0,1,167,-1,-1,0,0,0,0
169,163,0.123382,1,166,170,171,1,2,0,0
170,520,0,-1,169,-1,-1,0,0,0,0
171,595,0.134403,1,169,-1,172,0,1,0,0
172,455,0,1,171,-1,-1,0,0,0,0
173,26,0.228491,1,158,174,181,7,8,0,0
174,431,0.169407,-1,173,175,177,2,4,0,0
175,468,0.0643453,-1,174,-1,176,0,1,0,0
176,802,0,1,175,-1,-1,0,0,0,0
177,93,0.183026,1,174,178,179,1,2,0,0
178,118,0,-1,177,-1,-1,0,0,0,0
179,952,0.0475496,1,177,-1,180,0,1,0,0
180,548,0,1,179,-1,-1,0,0,0,0
181,84,0.153802,1,173,182,185,3,4,0,0
182,202,0.052631,-1,181,-1,183,0,2,0,0
183,912,0.0796781,1,182,-1,184,0,1,0,0
184,854,0,1,183,-1,-1,0,0,0,0
185,670,0.260866,1,181,186,187,1,2,0,0
186,694,0,-1,185,-1,-1,0,0,0,0
187,233,0.0742048,1,185,-1,188,0,1,0,0
188,423,0,1,187,-1,-1,0,0,0,0
189,389,0.433833,1,127,190,220,30,31,0,0
190,72,0.333845,-1,189,191,205,14,15,0,0
191,228,0.234823,-1,190,192,198,6,7,0,0
192,341,0.0859653,-1,191,193,195,2,3,0,0
193,722,0.0326048,-1,192,-1,194,0,1,0,0
194,208,0,1,193,-1,-1,0,0,0,0
195,270,0.125996,1,192,-1,196,0,2,0,0
196,223,0.172957,1,195,-1,197,0,1,0,0
197,212,0,1,196,-1,-1,0,0,0,0
198,160,0.203699,1,191,199,201,2,4,0,0
199,665,0.0410681,-1,198,-1,200,0,1,0,0
200,655,0,1,199,-1,-1,0,0,0,0
201,88,0.115844,1,198,202,203,1,2,0,0
202,354,0,-1,201,-1,-1,0,0,0,0
203,273,0.129324,1,201,-1,204,0,1,0,0
204,417,0,1,203,-1,-1,0,0,0,0
205,282,0.157124,1,190,206,212,6,8,0,0
206,231,0.133807,-1,205,207,209,2,3,0,0
207,24,0.0449126,-1,206,-1,208,0,1,0,0
208,849,0,1,207,-1,-1,0,0,0,0
209,296,0.105738,1,206,-1,210,0,2,0,0
210,253,0.110998,1,209,-1,211,0,1,0,0
211,697,0,1,210,-1,-1,0,0,0,0
212,283,0.256951,1,205,213,216,3,4,0,0
213,364,0.067953,-1,212,-1,214,0,2,0,0
214,322,0.0681746,1,213,-1,215,0,1,0,0
215,534,0,1,214,-1,-1,0,0,0,0
216,175,0.124237,1,212,217,218,1,2,0,0
217,279,0,-1,216,-1,-1,0,0,0,0
218,238,0.366054,1,216,-1,219,0,1,0,0
219,931,0,1,218,-1,-1,0,0,0,0
220,413,0.775279,1,189,221,235,14,16,0,0
221,25,0.411216,-1,220,222,228,6,7,0,0
222,139,0.528747,-1,221,223,225,2,3,0,0
223,334,0.0377166,-1,222,-1,224,0,1,0,0
224,406,0,1,223,-1,-1,0,0,0,0
225,385,0.0740907,1,222,-1,226,0,2,0,0
226,817,0.26164,1,225,-1,227,0,1,0,0
227,743,0,1,226,-1,-1,0,0,0,0
228,614,0.320642,1,221,229,231,2,4,0,0
229,667,0.109206,-1,228,-1,230,0,1,0,0
230,131,0,1,229,-1,-1,0,0,0,0
231,744,0.317818,1,228,232,233,1,2,0,0
232,470,0,-1,231,-1,-1,0,0,0,0
233,448,0.250691,1,231,-1,234,0,1,0,0
234,841,0,1,233,-1,-1,0,0,0,0
235,56,0.471067,1,220,236,243,7,8,0,0
236,601,0.360404,-1,235,237,239,2,4,0,0
237,613,0.0368726,-1,236,-1,238,0,1,0,0
238,888,0,1,237,-1,-1,0,0,0,0
239,129,0.0514271,1,236,240,241,1,2,0,0
240,767,0,-1,239,-1,-1,0,0,0,0
241,636,0.10786,1,239,-1,242,0,1,0,0
242,932,0,1,241,-1,-1,0,0,0,0
243,570,0.156873,1,235,244,247,3,4,0,0
244,94,0.142384,-1,243,-1,245,0,2,0,0
245,57,0.0618933,1,244,-1,246,0,1,0,0
246,19,0,1,245,-1,-1,0,0,0,0
247,83,0.256893,1,243,248,249,1,2,0,0
248,777,0,-1,247,-1,-1,0,0,0,0
249,55,0.40028,1,247,-1,250,0,1,0,0
250,92,0,1,249,-1,-1,0,0,0,0
251,319,1.19545,1,2,252,375,123,125,0,0
252,8,1.12841,-1,251,253,313,60,62,0,0
253,110,0.560725,-1,252,254,283,29,30,0,0
254,398,0.420018,-1,253,255,268,13,15,0,0
255,106,0.276456,-1,254,256,261,5,7,0,0
256,552,0.12383,-1,255,257,258,1,3,0,0
257,197,0,-1,256,-1,-1,0,0,0,0
258,196,0.0479115,1,256,-1,259,0,2,0,0
259,69,0.0520073,1,258,-1,260,0,1,0,0
260,766,0,1,259,-1,-1,0,0,0,0
261,440,0.259257,1,255,262,264,2,4,0,0
262,475,0.14128,-1,261,-1,263,0,1,0,0
263,372,0,1,262,-1,-1,0,0,0,0
264,14,0.0943442,1,261,265,266,1,2,0,0
265,575,0,-1,264,-1,-1,0,0,0,0
266,858,0.209313,1,264,-1,267,0,1,0,0
267,243,0,1,266,-1,-1,0,0,0,0
268,477,0.366449,1,254,269,275,6,8,0,0
269,48,0.135356,-1,268,270,272,2,3,0,0
270,511,0.0603356,-1,269,-1,271,0,1,0,0
271,769,0,1,270,-1,-1,0,0,0,0
272,112,0.17294,1,269,-1,273,0,2,0,0
273,543,0.184262,1,272,-1,274,0,1,0,0
274,242,0,1,273,-1,-1,0,0,0,0
275,934,0.225243,1,268,276,279,3,4,0,0
276,287,0.118679,-1,275,-1,277,0,2,0,0
277,993,0.185134,1,276,-1,278,0,1,0,0
278,409,0,1,277,-1,-1,0,0,0,0
279,579,0.380662,1,275,280,281,1,2,0,0
280,503,0,-1,279,-1,-1,0,0,0,0
281,350,0.134906,1,279,-1,282,0,1,0,0
282,876,0,1,281,-1,-1,0,0,0,0
283,536,0.670866,1,253,284,298,14,15,0,0
284,204,0.243791,-1,283,285,291,6,7,0,0
285,860,0.281499,-1,284,286,288,2,3,0,0
286,529,0.174382,-1,285,-1,287,0,1,0,0
287,685,0,1,286,-1,-1,0,0,0,0
288,709,0.094147,1,285,-1,289,0,2,0,0
289,230,0.0594515,1,288,-1,290,0,1,0,0
290,793,0,1,289,-1,-1,0,0,0,0
291,971,0.3713,1,284,292,294,2,4,0,0
292,989,0.141648,-1,291,-1,293,0,1,0,0
293,363,0,1,292,-1,-1,0,0,0,0
294,225,0.394665,1,291,295,296,1,2,0,0
295,522,0,-1,294,-1,-1,0,0,0,0
296,954,0.285665,1,294,-1,297,0,1,0,0
297,918,0,1,296,-1,-1,0,0,0,0
298,683,0.812033,1,283,299,305,6,8,0,0
299,353,0.504984,-1,298,300,302,2,3,0,0
300,154,0.110804,-1,299,-1,301,0,1,0,0
301,379,0,1,300,-1,-1,0,0,0,0
302,782,0.117366,1,299,-1,303,0,2,0,0
303,765,0.0178139,1,302,-1,304,0,1,0,0
304,143,0,1,303,-1,-1,0,0,0,0
305,896,0.204123,1,298,306,309,3,4,0,0
306,901,0.110736,-1,305,-1,307,0,2,0,0
307,693,0.0377131,1,306,-1,308,0,1,0,0
308,800,0,1,307,-1,-1,0,0,0,0
309,947,0.323745,1,305,310,311,1,2,0,0
310,479,0,-1,309,-1,-1,0,0,0,0
311,774,0.224632,1,309,-1,312,0,1,0,0
312,193,0,1,311,-1,-1,0,0,0,0
313,883,0.638319,1,252,314,344,30,31,0,0
314,703,0.39561,-1,313,315,329,14,15,0,0
315,776,0.272003,-1,314,316,322,6,7,0,0
316,771,0.129444,-1,315,317,319,2,3,0,0
317,111,0.101043,-1,316,-1,318,0,1,0,0
318,908,0,1,317,-1,-1,0,0,0,0
319,293,0.252469,1,316,-1,320,0,2,0,0
320,890,0.162282,1,319,-1,321,0,1,0,0
321,557,0,1,320,-1,-1,0,0,0,0
322,309,0.191853,1,315,323,325,2,4,0,0
323,388,0.0465345,-1,322,-1,324,0,1,0,0
324,720,0,1,323,-1,-1,0,0,0,0
325,509,0.0822034,1,322,326,327,1,2,0,0
326,12,0,-1,325,-1,-1,0,0,0,0
327,340,0.170063,1,325,-1,328,0,1,0,0
328,919,0,1,327,-1,-1,0,0,0,0
329,668,0.138319,1,314,330,336,6,8,0,0
330,865,0.10022,-1,329,331,333,2,3,0,0
331,615,0.0193837,-1,330,-1,332,0,1,0,0
332,445,0,1,331,-1,-1,0,0,0,0
333,677,0.065237,1,330,-1,334,0,2,0,0
334,485,0.031836,1,333,-1,335,0,1,0,0
335,443,0,1,334,-1,-1,0,0,0,0
336,791,0.418417,1,329,337,340,3,4,0,0
337,136,0.46049,-1,336,-1,338,0,2,0,0
338,49,0.0313088,1,337,-1,339,0,1,0,0
339,985,0,1,338,-1,-1,0,0,0,0
340,369,0.0862864,1,336,341,342,1,2,0,0
341,312,0,-1,340,-1,-1,0,0,0,0
342,295,0.0327597,1,340,-1,343,0,1,0,0
343,933,0,1,342,-1,-1,0,0,0,0
344,343,0.288458,1,313,345,359,14,16,0,0
345,44,0.33887,-1,344,346,352,6,7,0,0
346,307,0.130132,-1,345,347,349,2,3,0,0
347,132,0.0464168,-1,346,-1,348,0,1,0,0
348,562,0,1,347,-1,-1,0,0,0,0
349,701,0.141784,1,346,-1,350,0,2,0,0
350,798,0.0444506,1,349,-1,351,0,1,0,0
351,717,0,1,350,-1,-1,0,0,0,0
352,813,0.173275,1,345,353,355,2,4,0,0
353,768,0.0959972,-1,352,-1,354,0,1,0,0
354,834,0,1,353,-1,-1,0,0,0,0
355,7,0.334394,1,352,356,357,1,2,0,0
356,10,0,-1,355,-1,-1,0,0,0,0
357,514,0.0268844,1,355,-1,358,0,1,0,0
358,929,0,1,357,-1,-1,0,0,0,0
359,255,0.294118,1,344,360,367,7,8,0,0
360,182,0.0840727,-1,359,361,363,2,4,0,0
361,757,0.0296846,-1,360,-1,362,0,1,0,0
362,606,0,1,361,-1,-1,0,0,0,0
363,80,0.158996,1,360,364,365,1,2,0,0
364,436,0,-1,363,-1,-1,0,0,0,0
365,864,0.019886,1,363,-1,366,0,1,0,0
366,713,0,1,365,-1,-1,0,0,0,0
367,338,0.255255,1,359,368,371,3,4,0,0
368,702,0.10076,-1,367,-1,369,0,2,0,0
369,346,0.0867717,1,368,-1,370,0,1,0,0
370,939,0,1,369,-1,-1,0,0,0,0
371,386,0.290587,1,367,372,373,1,2,0,0
372,928,0,-1,371,-1,-1,0,0,0,0
373,815,0.885417,1,371,-1,374,0,1,0,0
374,33,0,1,373,-1,-1,0,0,0,0
375,227,0.928477,1,251,376,437,61,63,0,0
376,226,0.467549,-1,375,377,406,29,31,0,0
377,792,0.297735,-1,376,378,391,13,15,0,0
378,211,0.120243,-1,377,379,384,5,7,0,0
379,546,0.0952604,-1,378,380,381,1,3,0,0
380,501,0,-1,379,-1,-1,0,0,0,0
381,937,0.0407575,1,379,-1,382,0,2,0,0
382,895,0.0767188,1,381,-1,383,0,1,0,0
383,220,0,1,382,-1,-1,0,0,0,0
384,596,0.184251,1,378,385,387,2,4,0,0
385,263,0.0687182,-1,384,-1,386,0,1,0,0
386,972,0,1,385,-1,-1,0,0,0,0
387,818,0.16617,1,384,388,389,1,2,0,0
388,16,0,-1,387,-1,-1,0,0,0,0
389,400,0.0616975,1,387,-1,390,0,1,0,0
390,144,0,1,389,-1,-1,0,0,0,0
391,191,0.180452,1,377,392,398,6,8,0,0
392,823,0.175046,-1,391,393,395,2,3,0,0
393,554,0.0486842,-1,392,-1,394,0,1,0,0
394,547,0,1,393,-1,-1,0,0,0,0
395,121,0.107723,1,392,-1,396,0,2,0,0
396,712,0.0659126,1,395,-1,397,0,1,0,0
397,410,0,1,396,-1,-1,0,0,0,0
398,104,0.120519,1,391,399,402,3,4,0,0
399,79,0.0811463,-1,398,-1,400,0,2,0,0
400,603,0.0253093,1,399,-1,401,0,1,0,0
401,904,0,1,400,-1,-1,0,0,0,0
402,574,0.136504,1,398,403,404,1,2,0,0
403,619,0,-1,402,-1,-1,0,0,0,0
404,629,0.0597561,1,402,-1,405,0,1,0,0
405,428,0,1,404,-1,-1,0,0,0,0
406,113,0.251341,1,376,407,421,14,16,0,0
407,724,0.072055,-1,406,408,414,6,7,0,0
408,560,0.0698207,-1,407,409,411,2,3,0,0
409,739,0.0186441,-1,408,-1,410,0,1,0,0
410,465,0,1,409,-1,-1,0,0,0,0
411,435,0.0915222,1,408,-1,412,0,2,0,0
412,561,0.0105145,1,411,-1,413,0,1,0,0
413,119,0,1,412,-1,-1,0,0,0,0
414,329,0.148918,1,407,415,417,2,4,0,0
415,500,0.0743031,-1,414,-1,416,0,1,0,0
416,419,0,1,415,-1,-1,0,0,0,0
417,71,0.136209,1,414,418,419,1,2,0,0
418,288,0,-1,417,-1,-1,0,0,0,0
419,356,0.0520899,1,417,-1,420,0,1,0,0
420,268,0,1,419,-1,-1,0,0,0,0
421,486,0.254342,1,406,422,429,7,8,0,0
422,236,0.125286,-1,421,423,425,2,4,0,0
423,881,0.0435149,-1,422,-1,424,0,1,0,0
424,891,0,1,423,-1,-1,0,0,0,0
425,624,0.148753,1,422,426,427,1,2,0,0
426,812,0,-1,425,-1,-1,0,0,0,0
427,953,0.116963,1,425,-1,428,0,1,0,0
428,840,0,1,427,-1,-1,0,0,0,0
429,647,0.10262,1,421,430,433,3,4,0,0
430,740,0.0395242,-1,429,-1,431,0,2,0,0
431,337,0.0449703,1,430,-1,432,0,1,0,0
432,827,0,1,431,-1,-1,0,0,0,0
433,159,0.0630858,1,429,434,435,1,2,0,0
434,958,0,-1,433,-1,-1,0,0,0,0
435,0,0.423488,1,433,-1,436,0,1,0,0
436,859,0,1,435,-1,-1,0,0,0,0
437,515,0.556139,1,375,438,468,30,32,0,0
438,65,0.48439,-1,437,439,453,14,15,0,0
439,2,0.143821,-1,438,440,446,6,7,0,0
440,921,0.0782159,-1,439,441,443,2,3,0,0
441,34,0.0192395,-1,440,-1,442,0,1,0,0
442,9,0,1,441,-1,-1,0,0,0,0
443,318,0.196344,1,440,-1,444,0,2,0,0
444,824,0.0552829,1,443,-1,445,0,1,0,0
445,611,0,1,444,-1,-1,0,0,0,0
446,663,0.401504,1,439,447,449,2,4,0,0
447,280,0.0409421,-1,446,-1,448,0,1,0,0
448,778,0,1,447,-1,-1,0,0,0,0
449,967,0.178944,1,446,450,451,1,2,0,0
450,269,0,-1,449,-1,-1,0,0,0,0
451,127,0.0130514,1,449,-1,452,0,1,0,0
452,961,0,1,451,-1,-1,0,0,0,0
453,321,0.150174,1,438,454,460,6,8,0,0
454,308,0.0802359,-1,453,455,457,2,3,0,0
455,101,0.0265274,-1,454,-1,456,0,1,0,0
456,821,0,1,455,-1,-1,0,0,0,0
457,367,0.205268,1,454,-1,458,0,2,0,0
458,641,0.0330503,1,457,-1,459,0,1,0,0
459,910,0,1,458,-1,-1,0,0,0,0
460,232,0.362569,1,453,461,464,3,4,0,0
461,490,0.0988488,-1,460,-1,462,0,2,0,0
462,444,0.119727,1,461,-1,463,0,1,0,0
463,349,0,1,462,-1,-1,0,0,0,0
464,966,0.187293,1,460,465,466,1,2,0,0
465,797,0,-1,464,-1,-1,0,0,0,0
466,987,0.233519,1,464,-1,467,0,1,0,0
467,190,0,1,466,-1,-1,0,0,0,0
468,880,0.763554,1,437,469,484,15,16,0,0
469,375,0.218447,-1,468,470,476,6,8,0,0
470,114,0.147764,-1,469,471,473,2,3,0,0
471,194,0.0754987,-1,470,-1,472,0,1,0,0
472,761,0,1,471,-1,-1,0,0,0,0
473,137,0.0905799,1,470,-1,474,0,2,0,0
474,427,0.0254063,1,473,-1,475,0,1,0,0
475,980,0,1,474,-1,-1,0,0,0,0
476,755,0.497587,1,469,477,480,3,4,0,0
477,323,0.170245,-1,476,-1,478,0,2,0,0
478,550,0.128629,1,477,-1,479,0,1,0,0
479,214,0,1,478,-1,-1,0,0,0,0
480,568,0.827836,1,476,481,482,1,2,0,0
481,867,0,-1,480,-1,-1,0,0,0,0
482,853,0.180855,1,480,-1,483,0,1,0,0
483,277,0,1,482,-1,-1,0,0,0,0
484,68,1.61072,1,468,485,492,7,8,0,0
485,832,0.86525,-1,484,486,488,2,4,0,0
486,900,0.120673,-1,485,-1,487,0,1,0,0
487,306,0,1,486,-1,-1,0,0,0,0
488,156,1.37755,1,485,489,490,1,2,0,0
489,476,0,-1,488,-1,-1,0,0,0,0
490,959,0.444849,1,488,-1,491,0,1,0,0
491,996,0,1,490,-1,-1,0,0,0,0
492,610,2.68427,1,484,493,496,3,4,0,0
493,120,0.333667,-1,492,-1,494,0,2,0,0
494,555,1.18475,1,493,-1,495,0,1,0,0
495,846,0,1,494,-1,-1,0,0,0,0
496,545,0.514555,1,492,497,498,1,2,0,0
497,81,0,-1,496,-1,-1,0,0,0,0
498,488,2.43152,1,496,-1,499,0,1,0,0
499,763,0,1,498,-1,-1,0,0,0,0
500,590,2.0479,1,1,501,750,249,250,0,0
501,930,1.0206,-1,500,502,625,123,125,0,0
502,151,0.583794,-1,501,503,563,60,62,0,0
503,123,0.498626,-1,502,504,533,29,30,0,0
504,64,0.301116,-1,503,505,518,13,15,0,0
505,415,0.172047,-1,504,506,511,5,7,0,0
506,850,0.141055,-1,505,507,508,1,3,0,0
507,847,0,-1,506,-1,-1,0,0,0,0
508,496,0.0357947,1,506,-1,509,0,2,0,0
509,310,0.0615868,1,508,-1,510,0,1,0,0
510,134,0,1,509,-1,-1,0,0,0,0
511,150,0.0840694,1,505,512,514,2,4,0,0
512,625,0.0430065,-1,511,-1,513,0,1,0,0
513,439,0,1,512,-1,-1,0,0,0,0
514,634,0.120449,1,511,515,516,1,2,0,0
515,332,0,-1,514,-1,-1,0,0,0,0
516,90,0.0385464,1,514,-1,517,0,1,0,0
517,241,0,1,516,-1,-1,0,0,0,0
518,999,0.148942,1,504,519,525,6,8,0,0
519,597,0.117038,-1,518,520,522,2,3,0,0
520,244,0.0687326,-1,519,-1,521,0,1,0,0
521,692,0,1,520,-1,-1,0,0,0,0
522,913,0.123162,1,519,-1,523,0,2,0,0
523,617,0.112722,1,522,-1,524,0,1,0,0
524,262,0,1,523,-1,-1,0,0,0,0
525,173,0.201514,1,518,526,529,3,4,0,0
526,278,0.0797214,-1,525,-1,527,0,2,0,0
527,339,0.101025,1,526,-1,528,0,1,0,0
528,21,0,1,527,-1,-1,0,0,0,0
529,656,0.331898,1,525,530,531,1,2,0,0
530,41,0,-1,529,-1,-1,0,0,0,0
531,814,0.0446384,1,529,-1,532,0,1,0,0
532,556,0,1,531,-1,-1,0,0,0,0
533,221,0.329192,1,503,534,548,14,15,0,0
534,22,0.142414,-1,533,535,541,6,7,0,0
535,418,0.0637867,-1,534,536,538,2,3,0,0
536,171,0.00308722,-1,535,-1,537,0,1,0,0
537,911,0,1,536,-1,-1,0,0,0,0
538,138,0.0203174,1,535,-1,539,0,2,0,0
539,251,0.073202,1,538,-1,540,0,1,0,0
540,731,0,1,539,-1,-1,0,0,0,0
541,213,0.159053,1,534,542,544,2,4,0,0
542,831,0.0512724,-1,541,-1,543,0,1,0,0
543,628,0,1,542,-1,-1,0,0,0,0
544,31,0.0770895,1,541,545,546,1,2,0,0
545,188,0,-1,544,-1,-1,0,0,0,0
546,304,0.124249,1,544,-1,547,0,1,0,0
547,437,0,1,546,-1,-1,0,0,0,0
548,482,0.349632,1,533,549,555,6,8,0,0
549,924,0.129243,-1,548,550,552,2,3,0,0
550,923,0.045469,-1,549,-1,551,0,1,0,0
551,265,0,1,550,-1,-1,0,0,0,0
552,166,0.0445418,1,549,-1,553,0,2,0,0
553,651,0.0569098,1,552,-1,554,0,1,0,0
554,300,0,1,553,-1,-1,0,0,0,0
555,541,0.0921493,1,548,556,559,3,4,0,0
556,460,0.0778402,-1,555,-1,557,0,2,0,0
557,773,0.0589581,1,556,-1,558,0,1,0,0
558,723,0,1,557,-1,-1,0,0,0,0
559,644,0.0532786,1,555,560,561,1,2,0,0
560,672,0,-1,559,-1,-1,0,0,0,0
561,935,0.104859,1,559,-1,562,0,1,0,0
562,540,0,1,561,-1,-1,0,0,0,0
563,441,0.630879,1,502,564,594,30,31,0,0
564,157,0.428573,-1,563,565,579,14,15,0,0
565,272,0.23783,-1,564,566,572,6,7,0,0
566,348,0.119667,-1,565,567,569,2,3,0,0
567,527,0.0779077,-1,566,-1,568,0,1,0,0
568,710,0,1,567,-1,-1,0,0,0,0
569,504,0.0775183,1,566,-1,570,0,2,0,0
570,893,0.0161968,1,569,-1,571,0,1,0,0
571,678,0,1,570,-1,-1,0,0,0,0
572,873,0.271513,1,565,573,575,2,4,0,0
573,872,0.0485611,-1,572,-1,574,0,1,0,0
574,594,0,1,573,-1,-1,0,0,0,0
575,502,0.0756076,1,572,576,577,1,2,0,0
576,50,0,-1,575,-1,-1,0,0,0,0
577,984,0.0120485,1,575,-1,578,0,1,0,0
578,635,0,1,577,-1,-1,0,0,0,0
579,344,0.353769,1,564,580,586,6,8,0,0
580,674,0.16402,-1,579,581,583,2,3,0,0
581,788,0.110116,-1,580,-1,582,0,1,0,0
582,889,0,1,581,-1,-1,0,0,0,0
583,392,0.0506935,1,580,-1,584,0,2,0,0
584,726,0.186629,1,583,-1,585,0,1,0,0
585,414,0,1,584,-1,-1,0,0,0,0
586,721,0.179722,1,579,587,590,3,4,0,0
587,627,0.125072,-1,586,-1,588,0,2,0,0
588,481,0.155147,1,587,-1,589,0,1,0,0
589,1,0,1,588,-1,-1,0,0,0,0
590,711,0.099371,1,586,591,592,1,2,0,0
591,326,0,-1,590,-1,-1,0,0,0,0
592,729,0.219867,1,590,-1,593,0,1,0,0
593,59,0,1,592,-1,-1,0,0,0,0
594,135,0.648445,1,563,595,609,14,16,0,0
595,78,0.201089,-1,594,596,602,6,7,0,0
596,682,0.138936,-1,595,597,599,2,3,0,0
597,658,0.0205794,-1,596,-1,598,0,1,0,0
598,882,0,1,597,-1,-1,0,0,0,0
599,909,0.125718,1,596,-1,600,0,2,0,0
600,905,0.129361,1,599,-1,601,0,1,0,0
601,942,0,1,600,-1,-1,0,0,0,0
602,518,0.0914553,1,595,603,605,2,4,0,0
603,512,0.0447077,-1,602,-1,604,0,1,0,0
604,925,0,1,603,-1,-1,0,0,0,0
605,689,0.108944,1,602,606,607,1,2,0,0
606,855,0,-1,605,-1,-1,0,0,0,0
607,906,0.260274,1,605,-1,608,0,1,0,0
608,715,0,1,607,-1,-1,0,0,0,0
609,62,0.175428,1,594,610,617,7,8,0,0
610,794,0.0688978,-1,609,611,613,2,4,0,0
611,217,0.039149,-1,610,-1,612,0,1,0,0
612,764,0,1,611,-1,-1,0,0,0,0
613,294,0.190477,1,610,614,615,1,2,0,0
614,18,0,-1,613,-1,-1,0,0,0,0
615,632,0.0524973,1,613,-1,616,0,1,0,0
616,936,0,1,615,-1,-1,0,0,0,0
617,733,0.138061,1,609,618,621,3,4,0,0
618,161,0.0619493,-1,617,-1,619,0,2,0,0
619,977,0.0346981,1,618,-1,620,0,1,0,0
620,862,0,1,619,-1,-1,0,0,0,0
621,981,0.0818316,1,617,622,623,1,2,0,0
622,662,0,-1,621,-1,-1,0,0,0,0
623,991,0.0604852,1,621,-1,624,0,1,0,0
624,915,0,1,623,-1,-1,0,0,0,0
625,498,0.835333,1,501,626,687,61,63,0,0
626,331,1.04562,-1,625,627,656,29,31,0,0
627,162,0.41596,-1,626,628,641,13,15,0,0
628,426,0.251957,-1,627,629,634,5,7,0,0
629,457,0.178899,-1,628,630,631,1,3,0,0
630,17,0,-1,629,-1,-1,0,0,0,0
631,76,0.121537,1,629,-1,632,0,2,0,0
632,383,0.0335815,1,631,-1,633,0,1,0,0
633,786,0,1,632,-1,-1,0,0,0,0
634,97,0.292332,1,628,635,637,2,4,0,0
635,303,0.13857,-1,634,-1,636,0,1,0,0
636,599,0,1,635,-1,-1,0,0,0,0
637,998,0.166726,1,634,638,639,1,2,0,0
638,899,0,-1,637,-1,-1,0,0,0,0
639,988,0.199418,1,637,-1,640,0,1,0,0
640,186,0,1,639,-1,-1,0,0,0,0
641,147,0.397141,1,627,642,648,6,8,0,0
642,607,0.303992,-1,641,643,645,2,3,0,0
643,730,0.162591,-1,642,-1,644,0,1,0,0
644,650,0,1,643,-1,-1,0,0,0,0
645,209,0.258312,1,642,-1,646,0,2,0,0
646,646,0.0792898,1,645,-1,647,0,1,0,0
647,256,0,1,646,-1,-1,0,0,0,0
648,292,0.397023,1,641,649,652,3,4,0,0
649,844,0.200322,-1,648,-1,650,0,2,0,0
650,949,0.0790641,1,649,-1,651,0,1,0,0
651,970,0,1,650,-1,-1,0,0,0,0
652,148,0.0997145,1,648,653,654,1,2,0,0
653,176,0,-1,652,-1,-1,0,0,0,0
654,442,0.262508,1,652,-1,655,0,1,0,0
655,914,0,1,654,-1,-1,0,0,0,0
656,195,0.26186,1,626,657,671,14,16,0,0
657,77,0.257833,-1,656,658,664,6,7,0,0
658,453,0.169822,-1,657,659,661,2,3,0,0
659,531,0.0529489,-1,658,-1,660,0,1,0,0
660,994,0,1,659,-1,-1,0,0,0,0
661,990,0.0431587,1,658,-1,662,0,2,0,0
662,491,0.0509357,1,661,-1,663,0,1,0,0
663,878,0,1,662,-1,-1,0,0,0,0
664,675,0.09586,1,657,665,667,2,4,0,0
665,140,0.0546499,-1,664,-1,666,0,1,0,0
666,124,0,1,665,-1,-1,0,0,0,0
667,297,0.0268638,1,664,668,669,1,2,0,0
668,573,0,-1,667,-1,-1,0,0,0,0
669,510,0.0495393,1,667,-1,670,0,1,0,0
670,822,0,1,669,-1,-1,0,0,0,0
671,447,0.37789,1,656,672,679,7,8,0,0
672,315,0.341631,-1,671,673,675,2,4,0,0
673,266,0.0500742,-1,672,-1,674,0,1,0,0
674,360,0,1,673,-1,-1,0,0,0,0
675,126,0.112664,1,672,676,677,1,2,0,0
676,566,0,-1,675,-1,-1,0,0,0,0
677,42,0.111263,1,675,-1,678,0,1,0,0
678,35,0,1,677,-1,-1,0,0,0,0
679,530,0.287136,1,671,680,683,3,4,0,0
680,362,0.0180499,-1,679,-1,681,0,2,0,0
681,235,0.0563635,1,680,-1,682,0,1,0,0
682,281,0,1,681,-1,-1,0,0,0,0
683,47,0.316078,1,679,684,685,1,2,0,0
684,99,0,-1,683,-1,-1,0,0,0,0
685,259,0.435309,1,683,-1,686,0,1,0,0
686,669,0,1,685,-1,-1,0,0,0,0
687,884,0.567457,1,625,688,718,30,32,0,0
688,6,0.359018,-1,687,689,703,14,15,0,0
689,585,0.158251,-1,688,690,696,6,7,0,0
690,412,0.0968822,-1,689,691,693,2,3,0,0
691,454,0.0320285,-1,690,-1,692,0,1,0,0
692,940,0,1,691,-1,-1,0,0,0,0
693,927,0.0352933,1,690,-1,694,0,2,0,0
694,169,0.0346376,1,693,-1,695,0,1,0,0
695,181,0,1,694,-1,-1,0,0,0,0
696,583,0.148971,1,689,697,699,2,4,0,0
697,819,0.104253,-1,696,-1,698,0,1,0,0
698,965,0,1,697,-1,-1,0,0,0,0
699,877,0.188371,1,696,700,701,1,2,0,0
700,257,0,-1,699,-1,-1,0,0,0,0
701,301,0.134955,1,699,-1,702,0,1,0,0
702,299,0,1,701,-1,-1,0,0,0,0
703,183,0.292828,1,688,704,710,6,8,0,0
704,36,0.201997,-1,703,705,707,2,3,0,0
705,736,0.0301585,-1,704,-1,706,0,1,0,0
706,760,0,1,705,-1,-1,0,0,0,0
707,164,0.412315,1,704,-1,708,0,2,0,0
708,199,0.049551,1,707,-1,709,0,1,0,0
709,917,0,1,708,-1,-1,0,0,0,0
710,787,0.436336,1,703,711,714,3,4,0,0
711,725,0.332799,-1,710,-1,712,0,2,0,0
712,816,0.0730486,1,711,-1,713,0,1,0,0
713,528,0,1,712,-1,-1,0,0,0,0
714,950,0.0741449,1,710,715,716,1,2,0,0
715,598,0,-1,714,-1,-1,0,0,0,0
716,452,0.0518702,1,714,-1,717,0,1,0,0
717,3,0,1,716,-1,-1,0,0,0,0
718,438,0.902161,1,687,719,734,15,16,0,0
719,523,0.505322,-1,718,720,726,6,8,0,0
720,983,0.275949,-1,719,721,723,2,3,0,0
721,969,0.116007,-1,720,-1,722,0,1,0,0
722,371,0,1,721,-1,-1,0,0,0,0
723,108,0.218549,1,720,-1,724,0,2,0,0
724,517,0.324509,1,723,-1,725,0,1,0,0
725,699,0,1,724,-1,-1,0,0,0,0
726,61,0.291219,1,719,727,730,3,4,0,0
727,152,0.401204,-1,726,-1,728,0,2,0,0
728,275,0.0279888,1,727,-1,729,0,1,0,0
729,943,0,1,728,-1,-1,0,0,0,0
730,149,0.39345,1,726,731,732,1,2,0,0
731,762,0,-1,730,-1,-1,0,0,0,0
732,995,0.0878639,1,730,-1,733,0,1,0,0
733,979,0,1,732,-1,-1,0,0,0,0
734,493,1.23783,1,718,735,742,7,8,0,0
735,600,0.403447,-1,734,736,738,2,4,0,0
736,653,0.141037,-1,735,-1,737,0,1,0,0
737,466,0,1,736,-1,-1,0,0,0,0
738,378,1.149,1,735,739,740,1,2,0,0
739,907,0,-1,738,-1,-1,0,0,0,0
740,342,0.161237,1,738,-1,741,0,1,0,0
741,679,0,1,740,-1,-1,0,0,0,0
742,843,0.287604,1,734,743,746,3,4,0,0
743,402,0.149276,-1,742,-1,744,0,2,0,0
744,15,0.0582769,1,743,-1,745,0,1,0,0
745,145,0,1,744,-1,-1,0,0,0,0
746,95,0.416129,1,742,747,748,1,2,0,0
747,60,0,-1,746,-1,-1,0,0,0,0
748,591,0.958716,1,746,-1,749,0,1,0,0
749,892,0,1,748,-1,-1,0,0,0,0
750,384,0.941073,1,500,751,875,124,125,0,0
751,623,0.600624,-1,750,752,813,61,62,0,0
752,654,0.450118,-1,751,753,782,29,31,0,0
753,368,0.373803,-1,752,754,767,13,15,0,0
754,28,0.228837,-1,753,755,760,5,7,0,0
755,429,0.203401,-1,754,756,757,1,3,0,0
756,738,0,-1,755,-1,-1,0,0,0,0
757,271,0.0650841,1,755,-1,758,0,2,0,0
758,666,0.0792186,1,757,-1,759,0,1,0,0
759,376,0,1,758,-1,-1,0,0,0,0
760,461,0.225201,1,754,761,763,2,4,0,0
761,748,0.0372932,-1,760,-1,762,0,1,0,0
762,747,0,1,761,-1,-1,0,0,0,0
763,735,0.0657673,1,760,764,765,1,2,0,0
764,467,0,-1,763,-1,-1,0,0,0,0
765,168,0.0460694,1,763,-1,766,0,1,0,0
766,215,0,1,765,-1,-1,0,0,0,0
767,495,0.17119,1,753,768,774,6,8,0,0
768,396,0.0491576,-1,767,769,771,2,3,0,0
769,250,0.0295644,-1,768,-1,770,0,1,0,0
770,707,0,1,769,-1,-1,0,0,0,0
771,324,0.0516678,1,768,-1,772,0,2,0,0
772,98,0.0512789,1,771,-1,773,0,1,0,0
773,382,0,1,772,-1,-1,0,0,0,0
774,526,0.0921146,1,767,775,778,3,4,0,0
775,100,0.0595627,-1,774,-1,776,0,2,0,0
776,866,0.0276067,1,775,-1,777,0,1,0,0
777,948,0,1,776,-1,-1,0,0,0,0
778,128,0.251494,1,774,779,780,1,2,0,0
779,201,0,-1,778,-1,-1,0,0,0,0
780,830,0.136213,1,778,-1,781,0,1,0,0
781,471,0,1,780,-1,-1,0,0,0,0
782,789,0.438732,1,752,783,797,14,16,0,0
783,421,0.242523,-1,782,784,790,6,7,0,0
784,246,0.270394,-1,783,785,787,2,3,0,0
785,462,0.0232365,-1,784,-1,786,0,1,0,0
786,361,0,1,785,-1,-1,0,0,0,0
787,158,0.125727,1,784,-1,788,0,2,0,0
788,483,0.163291,1,787,-1,789,0,1,0,0
789,871,0,1,788,-1,-1,0,0,0,0
790,608,0.34546,1,783,791,793,2,4,0,0
791,66,0.11977,-1,790,-1,792,0,1,0,0
792,962,0,1,791,-1,-1,0,0,0,0
793,401,0.288644,1,790,794,795,1,2,0,0
794,857,0,-1,793,-1,-1,0,0,0,0
795,535,0.235969,1,793,-1,796,0,1,0,0
796,781,0,1,795,-1,-1,0,0,0,0
797,584,0.151748,1,782,798,805,7,8,0,0
798,964,0.0756753,-1,797,799,801,2,4,0,0
799,198,0.0161715,-1,798,-1,800,0,1,0,0
800,407,0,1,799,-1,-1,0,0,0,0
801,638,0.0345478,1,798,802,803,1,2,0,0
802,224,0,-1,801,-1,-1,0,0,0,0
803,657,0.036166,1,801,-1,804,0,1,0,0
804,4,0,1,803,-1,-1,0,0,0,0
805,291,0.100725,1,797,806,809,3,4,0,0
806,359,0.0666776,-1,805,-1,807,0,2,0,0
807,894,0.0167784,1,806,-1,808,0,1,0,0
808,347,0,1,807,-1,-1,0,0,0,0
809,750,0.0762378,1,805,810,811,1,2,0,0
810,325,0,-1,809,-1,-1,0,0,0,0
811,58,0.0396774,1,809,-1,812,0,1,0,0
812,604,0,1,811,-1,-1,0,0,0,0
813,67,0.377975,1,751,814,844,30,31,0,0
814,524,0.326482,-1,813,815,829,14,15,0,0
815,463,0.177447,-1,814,816,822,6,7,0,0
816,316,0.0943957,-1,815,817,819,2,3,0,0
817,649,0.0417593,-1,816,-1,818,0,1,0,0
818,845,0,1,817,-1,-1,0,0,0,0
819,572,0.0816799,1,816,-1,820,0,2,0,0
820,564,0.111796,1,819,-1,821,0,1,0,0
821,751,0,1,820,-1,-1,0,0,0,0
822,405,0.319489,1,815,823,825,2,4,0,0
823,30,0.0525206,-1,822,-1,824,0,1,0,0
824,506,0,1,823,-1,-1,0,0,0,0
825,986,0.195605,1,822,826,827,1,2,0,0
826,577,0,-1,825,-1,-1,0,0,0,0
827,86,0.0198725,1,825,-1,828,0,1,0,0
828,648,0,1,827,-1,-1,0,0,0,0
829,728,0.229504,1,814,830,836,6,8,0,0
830,122,0.12652,-1,829,831,833,2,3,0,0
831,174,0.065255,-1,830,-1,832,0,1,0,0
832,234,0,1,831,-1,-1,0,0,0,0
833,696,0.2463,1,830,-1,834,0,2,0,0
834,179,0.114624,1,833,-1,835,0,1,0,0
835,567,0,1,834,-1,-1,0,0,0,0
836,165,0.150576,1,829,837,840,3,4,0,0
837,784,0.0296231,-1,836,-1,838,0,2,0,0
838,167,0.0913476,1,837,-1,839,0,1,0,0
839,637,0,1,838,-1,-1,0,0,0,0
840,903,0.227834,1,836,841,842,1,2,0,0
841,210,0,-1,840,-1,-1,0,0,0,0
842,559,0.245005,1,840,-1,843,0,1,0,0
843,886,0,1,842,-1,-1,0,0,0,0
844,631,0.425702,1,813,845,859,14,16,0,0
845,451,0.366145,-1,844,846,852,6,7,0,0
846,633,0.295636,-1,845,847,849,2,3,0,0
847,922,0.0647606,-1,846,-1,848,0,1,0,0
848,714,0,1,847,-1,-1,0,0,0,0
849,456,0.184337,1,846,-1,850,0,2,0,0
850,732,0.132475,1,849,-1,851,0,1,0,0
851,875,0,1,850,-1,-1,0,0,0,0
852,719,0.166015,1,845,853,855,2,4,0,0
853,107,0.0237476,-1,852,-1,854,0,1,0,0
854,276,0,1,853,-1,-1,0,0,0,0
855,180,0.260483,1,852,856,857,1,2,0,0
856,673,0,-1,855,-1,-1,0,0,0,0
857,549,0.309269,1,855,-1,858,0,1,0,0
858,839,0,1,857,-1,-1,0,0,0,0
859,23,1.09289,1,844,860,867,7,8,0,0
860,155,0.498443,-1,859,861,863,2,4,0,0
861,115,0.052306,-1,860,-1,862,0,1,0,0
862,868,0,1,861,-1,-1,0,0,0,0
863,869,0.285415,1,860,864,865,1,2,0,0
864,582,0,-1,863,-1,-1,0,0,0,0
865,870,0.413272,1,863,-1,866,0,1,0,0
866,770,0,1,865,-1,-1,0,0,0,0
867,411,0.360989,1,859,868,871,3,4,0,0
868,551,0.102385,-1,867,-1,869,0,2,0,0
869,314,0.0308805,1,868,-1,870,0,1,0,0
870,700,0,1,869,-1,-1,0,0,0,0
871,879,0.276819,1,867,872,873,1,2,0,0
872,616,0,-1,871,-1,-1,0,0,0,0
873,374,0.288283,1,871,-1,874,0,1,0,0
874,756,0,1,873,-1,-1,0,0,0,0
875,252,0.804958,1,750,876,937,61,63,0,0
876,609,0.496301,-1,875,877,906,29,31,0,0
877,842,0.456998,-1,876,878,891,13,15,0,0
878,433,0.202592,-1,877,879,884,5,7,0,0
879,492,0.143774,-1,878,880,881,1,3,0,0
880,11,0,-1,879,-1,-1,0,0,0,0
881,775,0.0532723,1,879,-1,882,0,2,0,0
882,40,0.078642,1,881,-1,883,0,1,0,0
883,974,0,1,882,-1,-1,0,0,0,0
884,261,0.363285,1,878,885,887,2,4,0,0
885,229,0.0360905,-1,884,-1,886,0,1,0,0
886,734,0,1,885,-1,-1,0,0,0,0
887,828,0.0921368,1,884,888,889,1,2,0,0
888,27,0,-1,887,-1,-1,0,0,0,0
889,833,0.0252218,1,887,-1,890,0,1,0,0
890,848,0,1,889,-1,-1,0,0,0,0
891,311,0.191976,1,877,892,898,6,8,0,0
892,377,0.170845,-1,891,893,895,2,3,0,0
893,852,0.0946012,-1,892,-1,894,0,1,0,0
894,558,0,1,893,-1,-1,0,0,0,0
895,563,0.0462167,1,892,-1,896,0,2,0,0
896,480,0.0647876,1,895,-1,897,0,1,0,0
897,345,0,1,896,-1,-1,0,0,0,0
898,772,0.279502,1,891,899,902,3,4,0,0
899,432,0.156189,-1,898,-1,900,0,2,0,0
900,659,0.107285,1,899,-1,901,0,1,0,0
901,508,0,1,900,-1,-1,0,0,0,0
902,142,0.574999,1,898,903,904,1,2,0,0
903,336,0,-1,902,-1,-1,0,0,0,0
904,177,0.0171552,1,902,-1,905,0,1,0,0
905,393,0,1,904,-1,-1,0,0,0,0
906,938,0.560919,1,876,907,921,14,16,0,0
907,580,0.182156,-1,906,908,914,6,7,0,0
908,203,0.0898279,-1,907,909,911,2,3,0,0
909,43,0.0425595,-1,908,-1,910,0,1,0,0
910,187,0,1,909,-1,-1,0,0,0,0
911,687,0.285305,1,908,-1,912,0,2,0,0
912,581,0.0346641,1,911,-1,913,0,1,0,0
913,745,0,1,912,-1,-1,0,0,0,0
914,380,0.366072,1,907,915,917,2,4,0,0
915,753,0.0946988,-1,914,-1,916,0,1,0,0
916,105,0,1,915,-1,-1,0,0,0,0
917,885,0.215465,1,914,918,919,1,2,0,0
918,887,0,-1,917,-1,-1,0,0,0,0
919,664,0.0495336,1,917,-1,920,0,1,0,0
920,835,0,1,919,-1,-1,0,0,0,0
921,469,0.796339,1,906,922,929,7,8,0,0
922,686,0.264076,-1,921,923,925,2,4,0,0
923,963,0.115754,-1,922,-1,924,0,1,0,0
924,643,0,1,923,-1,-1,0,0,0,0
925,416,0.218231,1,922,926,927,1,2,0,0
926,836,0,-1,925,-1,-1,0,0,0,0
927,264,0.117799,1,925,-1,928,0,1,0,0
928,578,0,1,927,-1,-1,0,0,0,0
929,200,0.557152,1,921,930,933,3,4,0,0
930,809,0.249212,-1,929,-1,931,0,2,0,0
931,218,0.129579,1,930,-1,932,0,1,0,0
932,737,0,1,931,-1,-1,0,0,0,0
933,997,0.173326,1,929,934,935,1,2,0,0
934,53,0,-1,933,-1,-1,0,0,0,0
935,539,0.214128,1,933,-1,936,0,1,0,0
936,351,0,1,935,-1,-1,0,0,0,0
937,370,2.24265,1,875,938,968,30,32,0,0
938,473,0.894139,-1,937,939,953,14,15,0,0
939,381,0.564884,-1,938,940,946,6,7,0,0
940,487,0.334166,-1,939,941,943,2,3,0,0
941,478,0.028596,-1,940,-1,942,0,1,0,0
942,944,0,1,941,-1,-1,0,0,0,0
943,216,0.810121,1,940,-1,944,0,2,0,0
944,589,0.221488,1,943,-1,945,0,1,0,0
945,758,0,1,944,-1,-1,0,0,0,0
946,605,0.446391,1,939,947,949,2,4,0,0
947,489,0.0715341,-1,946,-1,948,0,1,0,0
948,586,0,1,947,-1,-1,0,0,0,0
949,394,0.162511,1,946,950,951,1,2,0,0
950,45,0,-1,949,-1,-1,0,0,0,0
951,691,0.30682,1,949,-1,952,0,1,0,0
952,189,0,1,951,-1,-1,0,0,0,0
953,403,1.53718,1,938,954,960,6,8,0,0
954,587,0.507288,-1,953,955,957,2,3,0,0
955,640,0.0551499,-1,954,-1,956,0,1,0,0
956,941,0,1,955,-1,-1,0,0,0,0
957,352,1.98582,1,954,-1,958,0,2,0,0
958,779,0.180273,1,957,-1,959,0,1,0,0
959,390,0,1,958,-1,-1,0,0,0,0
960,459,1.9338,1,953,961,964,3,4,0,0
961,542,0.139734,-1,960,-1,962,0,2,0,0
962,571,0.810608,1,961,-1,963,0,1,0,0
963,626,0,1,962,-1,-1,0,0,0,0
964,499,0.957598,1,960,965,966,1,2,0,0
965,474,0,-1,964,-1,-1,0,0,0,0
966,533,0.831889,1,964,-1,967,0,1,0,0
967,978,0,1,966,-1,-1,0,0,0,0
968,497,1.3239,1,937,969,984,15,16,0,0
969,298,1.36507,-1,968,970,976,6,8,0,0
970,785,0.20641,-1,969,971,973,2,3,0,0
971,576,0.0454807,-1,970,-1,972,0,1,0,0
972,695,0,1,971,-1,-1,0,0,0,0
973,206,0.0670609,1,970,-1,974,0,2,0,0
974,330,0.418133,1,973,-1,975,0,1,0,0
975,313,0,1,974,-1,-1,0,0,0,0
976,404,0.540089,1,969,977,980,3,4,0,0
977,305,0.646165,-1,976,-1,978,0,2,0,0
978,652,0.161729,1,977,-1,979,0,1,0,0
979,749,0,1,978,-1,-1,0,0,0,0
980,825,0.895791,1,976,981,982,1,2,0,0
981,13,0,-1,980,-1,-1,0,0,0,0
982,806,0.207311,1,980,-1,983,0,1,0,0
983,660,0,1,982,-1,-1,0,0,0,0
984,284,1.12934,1,968,985,992,7,8,0,0
985,70,0.11413,-1,984,986,988,2,4,0,0
986,87,0.0372309,-1,985,-1,987,0,1,0,0
987,516,0,1,986,-1,-1,0,0,0,0
988,507,0.207001,1,985,989,990,1,2,0,0
989,622,0,-1,988,-1,-1,0,0,0,0
990,602,0.0485803,1,988,-1,991,0,1,0,0
991,783,0,1,990,-1,-1,0,0,0,0
992,184,5.19562,1,984,993,996,3,4,0,0
993,569,1.50035,-1,992,-1,994,0,2,0,0
994,54,3.12163,1,993,-1,995,0,1,0,0
995,874,0,1,994,-1,-1,0,0,0,0
996,671,0.89986,1,992,997,998,1,2,0,0
997,706,0,-1,996,-1,-1,0,0,0,0
998,861,0.635694,1,996,-1,999,0,1,0,0
999,799,0,1,998,-1,-1,0,0,0,0
1000,1462,3.59022,1,0,1001,1500,499,500,0,0
1001,1418,2.27893,-1,1000,1002,1250,248,250,0,0
1002,1414,0.796121,-1,1001,1003,1126,123,124,0,0
1003,1011,0.586209,-1,1002,1004,1064,60,62,0,0
1004,1310,0.34753,-1,1003,1005,1034,29,30,0,0
1005,1791,0.244734,-1,1004,1006,1019,13,15,0,0
1006,1210,0.147233,-1,1005,1007,1012,5,7,0,0
1007,1433,0.118564,-1,1006,1008,1009,1,3,0,0
1008,1083,0,-1,1007,-1,-1,0,0,0,0
1009,1526,0.0358592,1,1007,-1,1010,0,2,0,0
1010,1534,0.0336217,1,1009,-1,1011,0,1,0,0
1011,1576,0,1,1010,-1,-1,0,0,0,0
1012,1096,0.179213,1,1006,1013,1015,2,4,0,0
1013,1818,0.0760796,-1,1012,-1,1014,0,1,0,0
1014,1514,0,1,1013,-1,-1,0,0,0,0
1015,1826,0.0359726,1,1012,1016,1017,1,2,0,0
1016,1280,0,-1,1015,-1,-1,0,0,0,0
1017,1596,0.0562742,1,1015,-1,1018,0,1,0,0
1018,1765,0,1,1017,-1,-1,0,0,0,0
1019,1857,0.158775,1,1005,1020,1026,6,8,0,0
1020,1599,0.1294,-1,1019,1021,1023,2,3,0,0
1021,1490,0.0838298,-1,1020,-1,1022,0,1,0,0
1022,1900,0,1,1021,-1,-1,0,0,0,0
1023,1081,0.100243,1,1020,-1,1024,0,2,0,0
1024,1922,0.0539599,1,1023,-1,1025,0,1,0,0
1025,1980,0,1,1024,-1,-1,0,0,0,0
1026,1382,0.205734,1,1019,1027,1030,3,4,0,0
1027,1755,0.140549,-1,1026,-1,1028,0,2,0,0
1028,1505,0.0867868,1,1027,-1,1029,0,1,0,0
1029,1738,0,1,1028,-1,-1,0,0,0,0
1030,1037,0.136241,1,1026,1031,1032,1,2,0,0
1031,1754,0,-1,1030,-1,-1,0,0,0,0
1032,1092,0.00980022,1,1030,-1,1033,0,1,0,0
1033,1419,0,1,1032,-1,-1,0,0,0,0
1034,1597,0.407318,1,1004,1035,1049,14,15,0,0
1035,1287,0.279384,-1,1034,1036,1042,6,7,0,0
1036,1302,0.180366,-1,1035,1037,1039,2,3,0,0
1037,1446,0.0696602,-1,1036,-1,1038,0,1,0,0
1038,1266,0,1,1037,-1,-1,0,0,0,0
1039,1637,0.107341,1,1036,-1,1040,0,2,0,0
1040,1992,0.0415836,1,1039,-1,1041,0,1,0,0
1041,1437,0,1,1040,-1,-1,0,0,0,0
1042,1257,0.122305,1,1035,1043,1045,2,4,0,0
1043,1265,0.026906,-1,1042,-1,1044,0,1,0,0
1044,1523,0,1,1043,-1,-1,0,0,0,0
1045,1619,0.0569908,1,1042,1046,1047,1,2,0,0
1046,1093,0,-1,1045,-1,-1,0,0,0,0
1047,1120,0.0329003,1,1045,-1,1048,0,1,0,0
1048,1184,0,1,1047,-1,-1,0,0,0,0
1049,1000,0.196698,1,1034,1050,1056,6,8,0,0
1050,1699,0.131145,-1,1049,1051,1053,2,3,0,0
1051,1978,0.0197872,-1,1050,-1,1052,0,1,0,0
1052,1668,0,1,1051,-1,-1,0,0,0,0
1053,1390,0.0654976,1,1050,-1,1054,0,2,0,0
1054,1722,0.0329523,1,1053,-1,1055,0,1,0,0
1055,1899,0,1,1054,-1,-1,0,0,0,0
1056,1710,0.221434,1,1049,1057,1060,3,4,0,0
1057,1813,0.138588,-1,1056,-1,1058,0,2,0,0
1058,1866,0.032152,1,1057,-1,1059,0,1,0,0
1059,1782,0,1,1058,-1,-1,0,0,0,0
1060,1501,0.0695727,1,1056,1061,1062,1,2,0,0
1061,1736,0,-1,1060,-1,-1,0,0,0,0
1062,1821,0.233481,1,1060,-1,1063,0,1,0,0
1063,1464,0,1,1062,-1,-1,0,0,0,0
1064,1188,0.899062,1,1003,1065,1095,30,31,0,0
1065,1159,0.214386,-1,1064,1066,1080,14,15,0,0
1066,1406,0.175447,-1,1065,1067,1073,6,7,0,0
1067,1319,0.124498,-1,1066,1068,1070,2,3,0,0
1068,1379,0.0376508,-1,1067,-1,1069,0,1,0,0
1069,1572,0,1,1068,-1,-1,0,0,0,0
1070,1679,0.0761527,1,1067,-1,1071,0,2,0,0
1071,1460,0.00411918,1,1070,-1,1072,0,1,0,0
1072,1516,0,1,1071,-1,-1,0,0,0,0
1073,1769,0.130516,1,1066,1074,1076,2,4,0,0
1074,1484,0.0570996,-1,1073,-1,1075,0,1,0,0
1075,1952,0,1,1074,-1,-1,0,0,0,0
1076,1692,0.0668614,1,1073,1077,1078,1,2,0,0
1077,1234,0,-1,1076,-1,-1,0,0,0,0
1078,1560,0.0256397,1,1076,-1,1079,0,1,0,0
1079,1226,0,1,1078,-1,-1,0,0,0,0
1080,1024,0.46849,1,1065,1081,1087,6,8,0,0
1081,1373,0.435493,-1,1080,1082,1084,2,3,0,0
1082,1653,0.224643,-1,1081,-1,1083,0,1,0,0
1083,1189,0,1,1082,-1,-1,0,0,0,0
1084,1297,0.0809576,1,1081,-1,1085,0,2,0,0
1085,1593,0.0859351,1,1084,-1,1086,0,1,0,0
1086,1614,0,1,1085,-1,-1,0,0,0,0
1087,1690,0.434904,1,1080,1088,1091,3,4,0,0
1088,1282,0.0602434,-1,1087,-1,1089,0,2,0,0
1089,1934,0.218081,1,1088,-1,1090,0,1,0,0
1090,1985,0,1,1089,-1,-1,0,0,0,0
1091,1162,0.0336486,1,1087,1092,1093,1,2,0,0
1092,1079,0,-1,1091,-1,-1,0,0,0,0
1093,1192,0.0449152,1,1091,-1,1094,0,1,0,0
1094,1169,0,1,1093,-1,-1,0,0,0,0
1095,1667,0.37376,1,1064,1096,1110,14,16,0,0
1096,1213,0.238318,-1,1095,1097,1103,6,7,0,0
1097,1888,0.133835,-1,1096,1098,1100,2,3,0,0
1098,1208,0.112932,-1,1097,-1,1099,0,1,0,0
1099,1713,0,1,1098,-1,-1,0,0,0,0
1100,1843,0.296208,1,1097,-1,1101,0,2,0,0
1101,1518,0.10737,1,1100,-1,1102,0,1,0,0
1102,1969,0,1,1101,-1,-1,0,0,0,0
1103,1263,0.0802391,1,1096,1104,1106,2,4,0,0
1104,1833,0.0227277,-1,1103,-1,1105,0,1,0,0
1105,1307,0,1,1104,-1,-1,0,0,0,0
1106,1359,0.117979,1,1103,1107,1108,1,2,0,0
1107,1666,0,-1,1106,-1,-1,0,0,0,0
1108,1219,0.0516696,1,1106,-1,1109,0,1,0,0
1109,1645,0,1,1108,-1,-1,0,0,0,0
1110,1228,0.108138,1,1095,1111,1118,7,8,0,0
1111,1415,0.124793,-1,1110,1112,1114,2,4,0,0
1112,1603,0.0242345,-1,1111,-1,1113,0,1,0,0
1113,1548,0,1,1112,-1,-1,0,0,0,0
1114,1994,0.0309561,1,1111,1115,1116,1,2,0,0
1115,1954,0,-1,1114,-1,-1,0,0,0,0
1116,1867,0.0527044,1,1114,-1,1117,0,1,0,0
1117,1135,0,1,1116,-1,-1,0,0,0,0
1118,1118,0.136436,1,1110,1119,1122,3,4,0,0
1119,1815,0.0855785,-1,1118,-1,1120,0,2,0,0
1120,1578,0.0760269,1,1119,-1,1121,0,1,0,0
1121,1429,0,1,1120,-1,-1,0,0,0,0
1122,1930,0.145728,1,1118,1123,1124,1,2,0,0
1123,1065,0,-1,1122,-1,-1,0,0,0,0
1124,1873,0.041356,1,1122,-1,1125,0,1,0,0
1125,1410,0,1,1124,-1,-1,0,0,0,0
1126,1487,1.12458,1,1002,1127,1188,61,62,0,0
1127,1441,0.504593,-1,1126,1128,1157,29,31,0,0
1128,1924,0.406073,-1,1127,1129,1142,13,15,0,0
1129,1916,0.230822,-1,1128,1130,1135,5,7,0,0
1130,1672,0.188547,-1,1129,1131,1132,1,3,0,0
1131,1747,0,-1,1130,-1,-1,0,0,0,0
1132,1989,0.0415704,1,1130,-1,1133,0,2,0,0
1133,1246,0.0730895,1,1132,-1,1134,0,1,0,0
1134,1029,0,1,1133,-1,-1,0,0,0,0
1135,1045,0.206294,1,1129,1136,1138,2,4,0,0
1136,1772,0.160467,-1,1135,-1,1137,0,1,0,0
1137,1837,0,1,1136,-1,-1,0,0,0,0
1138,1933,0.252345,1,1135,1139,1140,1,2,0,0
1139,1649,0,-1,1138,-1,-1,0,0,0,0
1140,1773,0.311821,1,1138,-1,1141,0,1,0,0
1141,1284,0,1,1140,-1,-1,0,0,0,0
1142,1033,0.259418,1,1128,1143,1149,6,8,0,0
1143,1449,0.201376,-1,1142,1144,1146,2,3,0,0
1144,1719,0.0906689,-1,1143,-1,1145,0,1,0,0
1145,1447,0,1,1144,-1,-1,0,0,0,0
1146,1316,0.110288,1,1143,-1,1147,0,2,0,0
1147,1289,0.0251343,1,1146,-1,1148,0,1,0,0
1148,1761,0,1,1147,-1,-1,0,0,0,0
1149,1058,0.153797,1,1142,1150,1153,3,4,0,0
1150,1714,0.0925902,-1,1149,-1,1151,0,2,0,0
1151,1224,0.0646273,1,1150,-1,1152,0,1,0,0
1152,1830,0,1,1151,-1,-1,0,0,0,0
1153,1661,0.125214,1,1149,1154,1155,1,2,0,0
1154,1215,0,-1,1153,-1,-1,0,0,0,0
1155,1023,0.0249368,1,1153,-1,1156,0,1,0,0
1156,1336,0,1,1155,-1,-1,0,0,0,0
1157,1329,0.366882,1,1127,1158,1172,14,16,0,0
1158,1688,0.287321,-1,1157,1159,1165,6,7,0,0
1159,1828,0.265891,-1,1158,1160,1162,2,3,0,0
1160,1389,0.0760182,-1,1159,-1,1161,0,1,0,0
1161,1839,0,1,1160,-1,-1,0,0,0,0
1162,1551,0.164372,1,1159,-1,1163,0,2,0,0
1163,1522,0.0388041,1,1162,-1,1164,0,1,0,0
1164,1842,0,1,1163,-1,-1,0,0,0,0
1165,1542,0.147695,1,1158,1166,1168,2,4,0,0
1166,1512,0.022949,-1,1165,-1,1167,0,1,0,0
1167,1161,0,1,1166,-1,-1,0,0,0,0
1168,1725,0.214607,1,1165,1169,1170,1,2,0,0
1169,1492,0,-1,1168,-1,-1,0,0,0,0
1170,1103,0.0287315,1,1168,-1,1171,0,1,0,0
1171,1583,0,1,1170,-1,-1,0,0,0,0
1172,1972,0.486891,1,1157,1173,1180,7,8,0,0
1173,1185,0.381228,-1,1172,1174,1176,2,4,0,0
1174,1610,0.203194,-1,1173,-1,1175,0,1,0,0
1175,1259,0,1,1174,-1,-1,0,0,0,0
1176,1622,0.261502,1,1173,1177,1178,1,2,0,0
1177,1197,0,-1,1176,-1,-1,0,0,0,0
1178,1417,0.0383047,1,1176,-1,1179,0,1,0,0
1179,1568,0,1,1178,-1,-1,0,0,0,0
1180,1788,0.572617,1,1172,1181,1184,3,4,0,0
1181,1291,0.0441823,-1,1180,-1,1182,0,2,0,0
1182,1264,0.0180036,1,1181,-1,1183,0,1,0,0
1183,1835,0,1,1182,-1,-1,0,0,0,0
1184,1912,0.0880121,1,1180,1185,1186,1,2,0,0
1185,1376,0,-1,1184,-1,-1,0,0,0,0
1186,1250,0.775343,1,1184,-1,1187,0,1,0,0
1187,1340,0,1,1186,-1,-1,0,0,0,0
1188,1808,0.614,1,1126,1189,1219,30,31,0,0
1189,1350,0.33252,-1,1188,1190,1204,14,15,0,0
1190,1852,0.294602,-1,1189,1191,1197,6,7,0,0
1191,1154,0.201406,-1,1190,1192,1194,2,3,0,0
1192,1157,0.0801906,-1,1191,-1,1193,0,1,0,0
1193,1177,0,1,1192,-1,-1,0,0,0,0
1194,1194,0.12236,1,1191,-1,1195,0,2,0,0
1195,1539,0.0306634,1,1194,-1,1196,0,1,0,0
1196,1951,0,1,1195,-1,-1,0,0,0,0
1197,1136,0.197805,1,1190,1198,1200,2,4,0,0
1198,1167,0.0128914,-1,1197,-1,1199,0,1,0,0
1199,1984,0,1,1198,-1,-1,0,0,0,0
1200,1008,0.165415,1,1197,1201,1202,1,2,0,0
1201,1102,0,-1,1200,-1,-1,0,0,0,0
1202,1358,0.060639,1,1200,-1,1203,0,1,0,0
1203,1683,0,1,1202,-1,-1,0,0,0,0
1204,1190,0.3735,1,1189,1205,1211,6,8,0,0
1205,1142,0.16822,-1,1204,1206,1208,2,3,0,0
1206,1239,0.121897,-1,1205,-1,1207,0,1,0,0
1207,1849,0,1,1206,-1,-1,0,0,0,0
1208,1143,0.224112,1,1205,-1,1209,0,2,0,0
1209,1760,0.22286,1,1208,-1,1210,0,1,0,0
1210,1796,0,1,1209,-1,-1,0,0,0,0
1211,1075,0.205021,1,1204,1212,1215,3,4,0,0
1212,1631,0.236405,-1,1211,-1,1213,0,2,0,0
1213,1404,0.155624,1,1212,-1,1214,0,1,0,0
1214,1383,0,1,1213,-1,-1,0,0,0,0
1215,1439,0.748296,1,1211,1216,1217,1,2,0,0
1216,1902,0,-1,1215,-1,-1,0,0,0,0
1217,1212,0.085734,1,1215,-1,1218,0,1,0,0
1218,1693,0,1,1217,-1,-1,0,0,0,0
1219,1623,0.604564,1,1188,1220,1234,14,16,0,0
1220,1595,0.333435,-1,1219,1221,1227,6,7,0,0
1221,1894,0.262136,-1,1220,1222,1224,2,3,0,0
1222,1936,0.0556807,-1,1221,-1,1223,0,1,0,0
1223,1317,0,1,1222,-1,-1,0,0,0,0
1224,1474,0.116401,1,1221,-1,1225,0,2,0,0
1225,1654,0.143587,1,1224,-1,1226,0,1,0,0
1226,1300,0,1,1225,-1,-1,0,0,0,0
1227,1255,0.534509,1,1220,1228,1230,2,4,0,0
1228,1348,0.0745652,-1,1227,-1,1229,0,1,0,0
1229,1944,0,1,1228,-1,-1,0,0,0,0
1230,1273,1.04839,1,1227,1231,1232,1,2,0,0
1231,1797,0,-1,1230,-1,-1,0,0,0,0
1232,1160,0.123395,1,1230,-1,1233,0,1,0,0
1233,1401,0,1,1232,-1,-1,0,0,0,0
1234,1051,1.41037,1,1219,1235,1242,7,8,0,0
1235,1509,0.972481,-1,1234,1236,1238,2,4,0,0
1236,1007,0.266977,-1,1235,-1,1237,0,1,0,0
1237,1025,0,1,1236,-1,-1,0,0,0,0
1238,1633,1.30352,1,1235,1239,1240,1,2,0,0
1239,1247,0,-1,1238,-1,-1,0,0,0,0
1240,1220,0.0261928,1,1238,-1,1241,0,1,0,0
1241,1932,0,1,1240,-1,-1,0,0,0,0
1242,1146,0.633364,1,1234,1243,1246,3,4,0,0
1243,1362,0.0538705,-1,1242,-1,1244,0,2,0,0
1244,1615,0.141451,1,1243,-1,1245,0,1,0,0
1245,1863,0,1,1244,-1,-1,0,0,0,0
1246,1533,0.365947,1,1242,1247,1248,1,2,0,0
1247,1339,0,-1,1246,-1,-1,0,0,0,0
1248,1400,0.327063,1,1246,-1,1249,0,1,0,0
1249,1166,0,1,1248,-1,-1,0,0,0,0
1250,1258,0.911846,1,1001,1251,1375,124,125,0,0
1251,1482,0.633125,-1,1250,1252,1313,61,62,0,0
1252,1532,0.450879,-1,1251,1253,1282,29,31,0,0
1253,1178,0.281375,-1,1252,1254,1267,13,15,0,0
1254,1567,0.193244,-1,1253,1255,1260,5,7,0,0
1255,1108,0.0797517,-1,1254,1256,1257,1,3,0,0
1256,1975,0,-1,1255,-1,-1,0,0,0,0
1257,1245,0.080109,1,1255,-1,1258,0,2,0,0
1258,1443,0.134059,1,1257,-1,1259,0,1,0,0
1259,1587,0,1,1258,-1,-1,0,0,0,0
1260,1555,0.128811,1,1254,1261,1263,2,4,0,0
1261,1275,0.025806,-1,1260,-1,1262,0,1,0,0
1262,1326,0,1,1261,-1,-1,0,0,0,0
1263,1546,0.178989,1,1260,1264,1265,1,2,0,0
1264,1305,0,-1,1263,-1,-1,0,0,0,0
1265,1357,0.0851238,1,1263,-1,1266,0,1,0,0
1266,1811,0,1,1265,-1,-1,0,0,0,0
1267,1327,0.146699,1,1253,1268,1274,6,8,0,0
1268,1664,0.0795734,-1,1267,1269,1271,2,3,0,0
1269,1557,0.0199339,-1,1268,-1,1270,0,1,0,0
1270,1141,0,1,1269,-1,-1,0,0,0,0
1271,1953,0.0958475,1,1268,-1,1272,0,2,0,0
1272,1363,0.0504591,1,1271,-1,1273,0,1,0,0
1273,1191,0,1,1272,-1,-1,0,0,0,0
1274,1086,0.145596,1,1267,1275,1278,3,4,0,0
1275,1493,0.104737,-1,1274,-1,1276,0,2,0,0
1276,1958,0.069067,1,1275,-1,1277,0,1,0,0
1277,1479,0,1,1276,-1,-1,0,0,0,0
1278,1878,0.250689,1,1274,1279,1280,1,2,0,0
1279,1485,0,-1,1278,-1,-1,0,0,0,0
1280,1473,0.0419956,1,1278,-1,1281,0,1,0,0
1281,1016,0,1,1280,-1,-1,0,0,0,0
1282,1420,0.279639,1,1252,1283,1297,14,16,0,0
1283,1055,0.194731,-1,1282,1284,1290,6,7,0,0
1284,1767,0.0639886,-1,1283,1285,1287,2,3,0,0
1285,1613,0.0101528,-1,1284,-1,1286,0,1,0,0
1286,1800,0,1,1285,-1,-1,0,0,0,0
1287,1970,0.0413933,1,1284,-1,1288,0,2,0,0
1288,1030,0.120319,1,1287,-1,1289,0,1,0,0
1289,1502,0,1,1288,-1,-1,0,0,0,0
1290,1236,0.18361,1,1283,1291,1293,2,4,0,0
1291,1074,0.0277363,-1,1290,-1,1292,0,1,0,0
1292,1917,0,1,1291,-1,-1,0,0,0,0
1293,1481,0.0814447,1,1290,1294,1295,1,2,0,0
1294,1720,0,-1,1293,-1,-1,0,0,0,0
1295,1295,0.1888,1,1293,-1,1296,0,1,0,0
1296,1544,0,1,1295,-1,-1,0,0,0,0
1297,1144,0.357609,1,1282,1298,1305,7,8,0,0
1298,1686,0.205806,-1,1297,1299,1301,2,4,0,0
1299,1223,0.0306478,-1,1298,-1,1300,0,1,0,0
1300,1577,0,1,1299,-1,-1,0,0,0,0
1301,1903,0.092054,1,1298,1302,1303,1,2,0,0
1302,1428,0,-1,1301,-1,-1,0,0,0,0
1303,1053,0.102404,1,1301,-1,1304,0,1,0,0
1304,1986,0,1,1303,-1,-1,0,0,0,0
1305,1982,0.137113,1,1297,1306,1309,3,4,0,0
1306,1680,0.0763221,-1,1305,-1,1307,0,2,0,0
1307,1961,0.0907035,1,1306,-1,1308,0,1,0,0
1308,1468,0,1,1307,-1,-1,0,0,0,0
1309,1073,0.120303,1,1305,1310,1311,1,2,0,0
1310,1805,0,-1,1309,-1,-1,0,0,0,0
1311,1598,0.311692,1,1309,-1,1312,0,1,0,0
1312,1885,0,1,1311,-1,-1,0,0,0,0
1313,1976,0.389107,1,1251,1314,1344,30,31,0,0
1314,1105,0.293125,-1,1313,1315,1329,14,15,0,0
1315,1528,0.188225,-1,1314,1316,1322,6,7,0,0
1316,1471,0.059082,-1,1315,1317,1319,2,3,0,0
1317,1915,0.0433939,-1,1316,-1,1318,0,1,0,0
1318,1663,0,1,1317,-1,-1,0,0,0,0
1319,1757,0.102805,1,1316,-1,1320,0,2,0,0
1320,1099,0.0535932,1,1319,-1,1321,0,1,0,0
1321,1483,0,1,1320,-1,-1,0,0,0,0
1322,1080,0.132021,1,1315,1323,1325,2,4,0,0
1323,1749,0.0912753,-1,1322,-1,1324,0,1,0,0
1324,1558,0,1,1323,-1,-1,0,0,0,0
1325,1648,0.193043,1,1322,1326,1327,1,2,0,0
1326,1995,0,-1,1325,-1,-1,0,0,0,0
1327,1629,0.0349155,1,1325,-1,1328,0,1,0,0
1328,1353,0,1,1327,-1,-1,0,0,0,0
1329,1519,0.136605,1,1314,1330,1336,6,8,0,0
1330,1365,0.0829649,-1,1329,1331,1333,2,3,0,0
1331,1172,0.0669396,-1,1330,-1,1332,0,1,0,0
1332,1014,0,1,1331,-1,-1,0,0,0,0
1333,1456,0.0526169,1,1330,-1,1334,0,2,0,0
1334,1330,0.0511699,1,1333,-1,1335,0,1,0,0
1335,1536,0,1,1334,-1,-1,0,0,0,0
1336,1299,0.31802,1,1329,1337,1340,3,4,0,0
1337,1990,0.249637,-1,1336,-1,1338,0,2,0,0
1338,1600,0.0555679,1,1337,-1,1339,0,1,0,0
1339,1745,0,1,1338,-1,-1,0,0,0,0
1340,1724,0.0597605,1,1336,1341,1342,1,2,0,0
1341,1125,0,-1,1340,-1,-1,0,0,0,0
1342,1475,0.131894,1,1340,-1,1343,0,1,0,0
1343,1116,0,1,1342,-1,-1,0,0,0,0
1344,1248,0.276976,1,1313,1345,1359,14,16,0,0
1345,1436,0.1795,-1,1344,1346,1352,6,7,0,0
1346,1991,0.0839495,-1,1345,1347,1349,2,3,0,0
1347,1005,0.0338665,-1,1346,-1,1348,0,1,0,0
1348,1827,0,1,1347,-1,-1,0,0,0,0
1349,1948,0.0207223,1,1346,-1,1350,0,2,0,0
1350,1729,0.0554857,1,1349,-1,1351,0,1,0,0
1351,1304,0,1,1350,-1,-1,0,0,0,0
1352,1621,0.194786,1,1345,1353,1355,2,4,0,0
1353,1438,0.0523076,-1,1352,-1,1354,0,1,0,0
1354,1957,0,1,1353,-1,-1,0,0,0,0
1355,1798,0.0858338,1,1352,1356,1357,1,2,0,0
1356,1119,0,-1,1355,-1,-1,0,0,0,0
1357,1368,0.012565,1,1355,-1,1358,0,1,0,0
1358,1943,0,1,1357,-1,-1,0,0,0,0
1359,1217,0.203986,1,1344,1360,1367,7,8,0,0
1360,1395,0.130161,-1,1359,1361,1363,2,4,0,0
1361,1612,0.0341012,-1,1360,-1,1362,0,1,0,0
1362,1131,0,1,1361,-1,-1,0,0,0,0
1363,1703,0.0735522,1,1360,1364,1365,1,2,0,0
1364,1940,0,-1,1363,-1,-1,0,0,0,0
1365,1112,0.0880096,1,1363,-1,1366,0,1,0,0
1366,1911,0,1,1365,-1,-1,0,0,0,0
1367,1589,0.482314,1,1359,1368,1371,3,4,0,0
1368,1665,0.471307,-1,1367,-1,1369,0,2,0,0
1369,1121,0.0857265,1,1368,-1,1370,0,1,0,0
1370,1195,0,1,1369,-1,-1,0,0,0,0
1371,1865,0.161428,1,1367,1372,1373,1,2,0,0
1372,1579,0,-1,1371,-1,-1,0,0,0,0
1373,1179,0.0392505,1,1371,-1,1374,0,1,0,0
1374,1470,0,1,1373,-1,-1,0,0,0,0
1375,1399,0.7124,1,1250,1376,1437,61,63,0,0
1376,1076,0.623745,-1,1375,1377,1406,29,31,0,0
1377,1063,0.305832,-1,1376,1378,1391,13,15,0,0
1378,1817,0.138059,-1,1377,1379,1384,5,7,0,0
1379,1272,0.113268,-1,1378,1380,1381,1,3,0,0
1380,1550,0,-1,1379,-1,-1,0,0,0,0
1381,1662,0.0748168,1,1379,-1,1382,0,2,0,0
1382,1472,0.0325596,1,1381,-1,1383,0,1,0,0
1383,1196,0,1,1382,-1,-1,0,0,0,0
1384,1850,0.0703619,1,1378,1385,1387,2,4,0,0
1385,1540,0.030059,-1,1384,-1,1386,0,1,0,0
1386,1068,0,1,1385,-1,-1,0,0,0,0
1387,1868,0.21369,1,1384,1388,1389,1,2,0,0
1388,1367,0,-1,1387,-1,-1,0,0,0,0
1389,1571,0.173158,1,1387,-1,1390,0,1,0,0
1390,1445,0,1,1389,-1,-1,0,0,0,0
1391,1152,0.730206,1,1377,1392,1398,6,8,0,0
1392,1153,0.307656,-1,1391,1393,1395,2,3,0,0
1393,1627,0.166308,-1,1392,-1,1394,0,1,0,0
1394,1792,0,1,1393,-1,-1,0,0,0,0
1395,1968,0.0599704,1,1392,-1,1396,0,2,0,0
1396,1067,0.0990776,1,1395,-1,1397,0,1,0,0
1397,1636,0,1,1396,-1,-1,0,0,0,0
1398,1701,0.159313,1,1391,1399,1402,3,4,0,0
1399,1478,0.054931,-1,1398,-1,1400,0,2,0,0
1400,1890,0.0801713,1,1399,-1,1401,0,1,0,0
1401,1283,0,1,1400,-1,-1,0,0,0,0
1402,1869,0.186866,1,1398,1403,1404,1,2,0,0
1403,1962,0,-1,1402,-1,-1,0,0,0,0
1404,1238,0.169782,1,1402,-1,1405,0,1,0,0
1405,1967,0,1,1404,-1,-1,0,0,0,0
1406,1412,0.478582,1,1376,1407,1421,14,16,0,0
1407,1115,0.185514,-1,1406,1408,1414,6,7,0,0
1408,1590,0.149763,-1,1407,1409,1411,2,3,0,0
1409,1931,0.0836461,-1,1408,-1,1410,0,1,0,0
1410,1604,0,1,1409,-1,-1,0,0,0,0
1411,1270,0.10981,1,1408,-1,1412,0,2,0,0
1412,1530,0.182242,1,1411,-1,1413,0,1,0,0
1413,1128,0,1,1412,-1,-1,0,0,0,0
1414,1497,0.478637,1,1407,1415,1417,2,4,0,0
1415,1476,0.019525,-1,1414,-1,1416,0,1,0,0
1416,1988,0,1,1415,-1,-1,0,0,0,0
1417,1898,0.0940695,1,1414,1418,1419,1,2,0,0
1418,1918,0,-1,1417,-1,-1,0,0,0,0
1419,1949,0.160344,1,1417,-1,1420,0,1,0,0
1420,1202,0,1,1419,-1,-1,0,0,0,0
1421,1332,0.209545,1,1406,1422,1429,7,8,0,0
1422,1887,0.199103,-1,1421,1423,1425,2,4,0,0
1423,1269,0.0934928,-1,1422,-1,1424,0,1,0,0
1424,1925,0,1,1423,-1,-1,0,0,0,0
1425,1066,0.126643,1,1422,1426,1427,1,2,0,0
1426,1646,0,-1,1425,-1,-1,0,0,0,0
1427,1586,0.0881062,1,1425,-1,1428,0,1,0,0
1428,1859,0,1,1427,-1,-1,0,0,0,0
1429,1442,0.195721,1,1421,1430,1433,3,4,0,0
1430,1504,0.126667,-1,1429,-1,1431,0,2,0,0
1431,1018,0.0551051,1,1430,-1,1432,0,1,0,0
1432,1227,0,1,1431,-1,-1,0,0,0,0
1433,1338,0.566479,1,1429,1434,1435,1,2,0,0
1434,1069,0,-1,1433,-1,-1,0,0,0,0
1435,1770,0.112876,1,1433,-1,1436,0,1,0,0
1436,1844,0,1,1435,-1,-1,0,0,0,0
1437,1455,0.564718,1,1375,1438,1468,30,32,0,0
1438,1124,0.261134,-1,1437,1439,1453,14,15,0,0
1439,1939,0.275974,-1,1438,1440,1446,6,7,0,0
1440,1920,0.129717,-1,1439,1441,1443,2,3,0,0
1441,1085,0.079708,-1,1440,-1,1442,0,1,0,0
1442,1087,0,1,1441,-1,-1,0,0,0,0
1443,1521,0.02805,1,1440,-1,1444,0,2,0,0
1444,1937,0.156299,1,1443,-1,1445,0,1,0,0
1445,1204,0,1,1444,-1,-1,0,0,0,0
1446,1459,0.195701,1,1439,1447,1449,2,4,0,0
1447,1361,0.039163,-1,1446,-1,1448,0,1,0,0
1448,1100,0,1,1447,-1,-1,0,0,0,0
1449,1038,0.119887,1,1446,1450,1451,1,2,0,0
1450,1624,0,-1,1449,-1,-1,0,0,0,0
1451,1781,0.0428936,1,1449,-1,1452,0,1,0,0
1452,1133,0,1,1451,-1,-1,0,0,0,0
1453,1513,0.231637,1,1438,1454,1460,6,8,0,0
1454,1048,0.141286,-1,1453,1455,1457,2,3,0,0
1455,1109,0.0162399,-1,1454,-1,1456,0,1,0,0
1456,1078,0,1,1455,-1,-1,0,0,0,0
1457,1832,0.0745593,1,1454,-1,1458,0,2,0,0
1458,1983,0.198857,1,1457,-1,1459,0,1,0,0
1459,1427,0,1,1458,-1,-1,0,0,0,0
1460,1349,0.42273,1,1453,1461,1464,3,4,0,0
1461,1434,0.0689007,-1,1460,-1,1462,0,2,0,0
1462,1726,0.0787867,1,1461,-1,1463,0,1,0,0
1463,1611,0,1,1462,-1,-1,0,0,0,0
1464,1122,0.108612,1,1460,1465,1466,1,2,0,0
1465,1743,0,-1,1464,-1,-1,0,0,0,0
1466,1913,0.20659,1,1464,-1,1467,0,1,0,0
1467,1384,0,1,1466,-1,-1,0,0,0,0
1468,1444,1.99322,1,1437,1469,1484,15,16,0,0
1469,1377,0.603607,-1,1468,1470,1476,6,8,0,0
1470,1469,0.357418,-1,1469,1471,1473,2,3,0,0
1471,1403,0.00900161,-1,1470,-1,1472,0,1,0,0
1472,1352,0,1,1471,-1,-1,0,0,0,0
1473,1156,0.1671,1,1470,-1,1474,0,2,0,0
1474,1966,0.0660318,1,1473,-1,1475,0,1,0,0
1475,1569,0,1,1474,-1,-1,0,0,0,0
1476,1914,1.01183,1,1469,1477,1480,3,4,0,0
1477,1241,0.204408,-1,1476,-1,1478,0,2,0,0
1478,1814,0.232284,1,1477,-1,1479,0,1,0,0
1479,1095,0,1,1478,-1,-1,0,0,0,0
1480,1026,0.355879,1,1476,1481,1482,1,2,0,0
1481,1831,0,-1,1480,-1,-1,0,0,0,0
1482,1372,0.259435,1,1480,-1,1483,0,1,0,0
1483,1355,0,1,1482,-1,-1,0,0,0,0
1484,1650,0.510181,1,1468,1485,1492,7,8,0,0
1485,1881,0.208461,-1,1484,1486,1488,2,4,0,0
1486,1998,0.0780547,-1,1485,-1,1487,0,1,0,0
1487,1684,0,1,1486,-1,-1,0,0,0,0
1488,1306,0.428048,1,1485,1489,1490,1,2,0,0
1489,1775,0,-1,1488,-1,-1,0,0,0,0
1490,1170,0.0898809,1,1488,-1,1491,0,1,0,0
1491,1626,0,1,1490,-1,-1,0,0,0,0
1492,1164,0.492252,1,1484,1493,1496,3,4,0,0
1493,1974,0.302123,-1,1492,-1,1494,0,2,0,0
1494,1235,0.358137,1,1493,-1,1495,0,1,0,0
1495,1388,0,1,1494,-1,-1,0,0,0,0
1496,1209,0.744448,1,1492,1497,1498,1,2,0,0
1497,1233,0,-1,1496,-1,-1,0,0,0,0
1498,1148,0.148035,1,1496,-1,1499,0,1,0,0
1499,1450,0,1,1498,-1,-1,0,0,0,0
1500,1807,2.73575,1,1000,1501,1750,249,250,0,0
1501,1451,0.899511,-1,1500,1502,1625,123,125,0,0
1502,1211,0.461418,-1,1501,1503,1563,60,62,0,0
1503,1861,0.376444,-1,1502,1504,1533,29,30,0,0
1504,1009,0.325915,-1,1503,1505,1518,13,15,0,0
1505,1137,0.12586,-1,1504,1506,1511,5,7,0,0
1506,1495,0.0908602,-1,1505,1507,1508,1,3,0,0
1507,1309,0,-1,1506,-1,-1,0,0,0,0
1508,1507,0.194106,1,1506,-1,1509,0,2,0,0
1509,1071,0.0310071,1,1508,-1,1510,0,1,0,0
1510,1670,0,1,1509,-1,-1,0,0,0,0
1511,1385,0.0754163,1,1505,1512,1514,2,4,0,0
1512,1559,0.00741923,-1,1511,-1,1513,0,1,0,0
1513,1753,0,1,1512,-1,-1,0,0,0,0
1514,1675,0.0906407,1,1511,1515,1516,1,2,0,0
1515,1804,0,-1,1514,-1,-1,0,0,0,0
1516,1453,0.133645,1,1514,-1,1517,0,1,0,0
1517,1111,0,1,1516,-1,-1,0,0,0,0
1518,1114,0.160906,1,1504,1519,1525,6,8,0,0
1519,1252,0.0641623,-1,1518,1520,1522,2,3,0,0
1520,1134,0.0162773,-1,1519,-1,1521,0,1,0,0
1521,1632,0,1,1520,-1,-1,0,0,0,0
1522,1635,0.050367,1,1519,-1,1523,0,2,0,0
1523,1171,0.0644655,1,1522,-1,1524,0,1,0,0
1524,1517,0,1,1523,-1,-1,0,0,0,0
1525,1057,0.133169,1,1518,1526,1529,3,4,0,0
1526,1331,0.05096,-1,1525,-1,1527,0,2,0,0
1527,1731,0.0708561,1,1526,-1,1528,0,1,0,0
1528,1054,0,1,1527,-1,-1,0,0,0,0
1529,1549,0.178123,1,1525,1530,1531,1,2,0,0
1530,1314,0,-1,1529,-1,-1,0,0,0,0
1531,1892,0.0450533,1,1529,-1,1532,0,1,0,0
1532,1052,0,1,1531,-1,-1,0,0,0,0
1533,1145,0.208693,1,1503,1534,1548,14,15,0,0
1534,1034,0.146465,-1,1533,1535,1541,6,7,0,0
1535,1950,0.0610477,-1,1534,1536,1538,2,3,0,0
1536,1955,0.0309837,-1,1535,-1,1537,0,1,0,0
1537,1500,0,1,1536,-1,-1,0,0,0,0
1538,1187,0.051575,1,1535,-1,1539,0,2,0,0
1539,1591,0.0637643,1,1538,-1,1540,0,1,0,0
1540,1783,0,1,1539,-1,-1,0,0,0,0
1541,1929,0.0753249,1,1534,1542,1544,2,4,0,0
1542,1356,0.0307914,-1,1541,-1,1543,0,1,0,0
1543,1070,0,1,1542,-1,-1,0,0,0,0
1544,1416,0.0380952,1,1541,1545,1546,1,2,0,0
1545,1923,0,-1,1544,-1,-1,0,0,0,0
1546,1691,0.0791458,1,1544,-1,1547,0,1,0,0
1547,1941,0,1,1546,-1,-1,0,0,0,0
1548,1413,0.208477,1,1533,1549,1555,6,8,0,0
1549,1607,0.143917,-1,1548,1550,1552,2,3,0,0
1550,1883,0.0304685,-1,1549,-1,1551,0,1,0,0
1551,1822,0,1,1550,-1,-1,0,0,0,0
1552,1904,0.0476496,1,1549,-1,1553,0,2,0,0
1553,1776,0.11299,1,1552,-1,1554,0,1,0,0
1554,1673,0,1,1553,-1,-1,0,0,0,0
1555,1176,0.161086,1,1548,1556,1559,3,4,0,0
1556,1262,0.0943436,-1,1555,-1,1557,0,2,0,0
1557,1391,0.0527695,1,1556,-1,1558,0,1,0,0
1558,1702,0,1,1557,-1,-1,0,0,0,0
1559,1072,0.069813,1,1555,1560,1561,1,2,0,0
1560,1845,0,-1,1559,-1,-1,0,0,0,0
1561,1149,0.0128228,1,1559,-1,1562,0,1,0,0
1562,1082,0,1,1561,-1,-1,0,0,0,0
1563,1402,0.698776,1,1502,1564,1594,30,31,0,0
1564,1380,0.511034,-1,1563,1565,1579,14,15,0,0
1565,1872,0.212581,-1,1564,1566,1572,6,7,0,0
1566,1784,0.133472,-1,1565,1567,1569,2,3,0,0
1567,1609,0.0701797,-1,1566,-1,1568,0,1,0,0
1568,1321,0,1,1567,-1,-1,0,0,0,0
1569,1510,0.265856,1,1566,-1,1570,0,2,0,0
1570,1344,0.0592688,1,1569,-1,1571,0,1,0,0
1571,1515,0,1,1570,-1,-1,0,0,0,0
1572,1313,0.180165,1,1565,1573,1575,2,4,0,0
1573,1031,0.0330202,-1,1572,-1,1574,0,1,0,0
1574,1182,0,1,1573,-1,-1,0,0,0,0
1575,1582,0.258565,1,1572,1576,1577,1,2,0,0
1576,1440,0,-1,1575,-1,-1,0,0,0,0
1577,1407,0.0150796,1,1575,-1,1578,0,1,0,0
1578,1138,0,1,1577,-1,-1,0,0,0,0
1579,1006,0.154469,1,1564,1580,1586,6,8,0,0
1580,1021,0.128641,-1,1579,1581,1583,2,3,0,0
1581,1397,0.00305234,-1,1580,-1,1582,0,1,0,0
1582,1488,0,1,1581,-1,-1,0,0,0,0
1583,1503,0.0695808,1,1580,-1,1584,0,2,0,0
1584,1718,0.0152184,1,1583,-1,1585,0,1,0,0
1585,1732,0,1,1584,-1,-1,0,0,0,0
1586,1674,0.111661,1,1579,1587,1590,3,4,0,0
1587,1279,0.0651578,-1,1586,-1,1588,0,2,0,0
1588,1909,0.035992,1,1587,-1,1589,0,1,0,0
1589,1809,0,1,1588,-1,-1,0,0,0,0
1590,1293,0.257887,1,1586,1591,1592,1,2,0,0
1591,1715,0,-1,1590,-1,-1,0,0,0,0
1592,1181,0.0896427,1,1590,-1,1593,0,1,0,0
1593,1061,0,1,1592,-1,-1,0,0,0,0
1594,1001,0.374735,1,1563,1595,1609,14,16,0,0
1595,1543,0.238937,-1,1594,1596,1602,6,7,0,0
1596,1764,0.192808,-1,1595,1597,1599,2,3,0,0
1597,1823,0.0861457,-1,1596,-1,1598,0,1,0,0
1598,1337,0,1,1597,-1,-1,0,0,0,0
1599,1938,0.0956617,1,1596,-1,1600,0,2,0,0
1600,1251,0.0965278,1,1599,-1,1601,0,1,0,0
1601,1525,0,1,1600,-1,-1,0,0,0,0
1602,1480,0.15191,1,1595,1603,1605,2,4,0,0
1603,1617,0.0404949,-1,1602,-1,1604,0,1,0,0
1604,1945,0,1,1603,-1,-1,0,0,0,0
1605,1677,0.263807,1,1602,1606,1607,1,2,0,0
1606,1856,0,-1,1605,-1,-1,0,0,0,0
1607,1618,0.0263133,1,1605,-1,1608,0,1,0,0
1608,1678,0,1,1607,-1,-1,0,0,0,0
1609,1261,0.822374,1,1594,1610,1617,7,8,0,0
1610,1347,0.126827,-1,1609,1611,1613,2,4,0,0
1611,1919,0.101239,-1,1610,-1,1612,0,1,0,0
1612,1777,0,1,1611,-1,-1,0,0,0,0
1613,1003,0.0720048,1,1610,1614,1615,1,2,0,0
1614,1107,0,-1,1613,-1,-1,0,0,0,0
1615,1004,0.045247,1,1613,-1,1616,0,1,0,0
1616,1717,0,1,1615,-1,-1,0,0,0,0
1617,1392,0.126341,1,1609,1618,1621,3,4,0,0
1618,1256,0.0586106,-1,1617,-1,1619,0,2,0,0
1619,1580,0.0267808,1,1618,-1,1620,0,1,0,0
1620,1879,0,1,1619,-1,-1,0,0,0,0
1621,1877,0.195846,1,1617,1622,1623,1,2,0,0
1622,1841,0,-1,1621,-1,-1,0,0,0,0
1623,1834,0.0860663,1,1621,-1,1624,0,1,0,0
1624,1723,0,1,1623,-1,-1,0,0,0,0
1625,1886,0.950882,1,1501,1626,1687,61,63,0,0
1626,1101,0.727668,-1,1625,1627,1656,29,31,0,0
1627,1012,0.399654,-1,1626,1628,1641,13,15,0,0
1628,1628,0.231567,-1,1627,1629,1634,5,7,0,0
1629,1147,0.111611,-1,1628,1630,1631,1,3,0,0
1630,1158,0,-1,1629,-1,-1,0,0,0,0
1631,1200,0.101085,1,1629,-1,1632,0,2,0,0
1632,1566,0.0714806,1,1631,-1,1633,0,1,0,0
1633,1778,0,1,1632,-1,-1,0,0,0,0
1634,1574,0.331998,1,1628,1635,1637,2,4,0,0
1635,1766,0.120551,-1,1634,-1,1636,0,1,0,0
1636,1858,0,1,1635,-1,-1,0,0,0,0
1637,1687,0.205543,1,1634,1638,1639,1,2,0,0
1638,1854,0,-1,1637,-1,-1,0,0,0,0
1639,1780,0.268128,1,1637,-1,1640,0,1,0,0
1640,1812,0,1,1639,-1,-1,0,0,0,0
1641,1286,0.39071,1,1627,1642,1648,6,8,0,0
1642,1588,0.162548,-1,1641,1643,1645,2,3,0,0
1643,1896,0.119954,-1,1642,-1,1644,0,1,0,0
1644,1880,0,1,1643,-1,-1,0,0,0,0
1645,1040,0.0997441,1,1642,-1,1646,0,2,0,0
1646,1494,0.099152,1,1645,-1,1647,0,1,0,0
1647,1294,0,1,1646,-1,-1,0,0,0,0
1648,1333,0.446601,1,1641,1649,1652,3,4,0,0
1649,1084,0.150488,-1,1648,-1,1650,0,2,0,0
1650,1647,0.126823,1,1649,-1,1651,0,1,0,0
1651,1260,0,1,1650,-1,-1,0,0,0,0
1652,1537,0.456724,1,1648,1653,1654,1,2,0,0
1653,1908,0,-1,1652,-1,-1,0,0,0,0
1654,1547,0.124509,1,1652,-1,1655,0,1,0,0
1655,1405,0,1,1654,-1,-1,0,0,0,0
1656,1044,0.799672,1,1626,1657,1671,14,16,0,0
1657,1292,0.34587,-1,1656,1658,1664,6,7,0,0
1658,1870,0.214832,-1,1657,1659,1661,2,3,0,0
1659,1423,0.0142434,-1,1658,-1,1660,0,1,0,0
1660,1959,0,1,1659,-1,-1,0,0,0,0
1661,1425,0.143407,1,1658,-1,1662,0,2,0,0
1662,1642,0.156349,1,1661,-1,1663,0,1,0,0
1663,1524,0,1,1662,-1,-1,0,0,0,0
1664,1561,0.936561,1,1657,1665,1667,2,4,0,0
1665,1846,0.323796,-1,1664,-1,1666,0,1,0,0
1666,1374,0,1,1665,-1,-1,0,0,0,0
1667,1271,0.515567,1,1664,1668,1669,1,2,0,0
1668,1762,0,-1,1667,-1,-1,0,0,0,0
1669,1060,0.0811337,1,1667,-1,1670,0,1,0,0
1670,1704,0,1,1669,-1,-1,0,0,0,0
1671,1499,0.39369,1,1656,1672,1679,7,8,0,0
1672,1064,0.0734731,-1,1671,1673,1675,2,4,0,0
1673,1364,0.0534562,-1,1672,-1,1674,0,1,0,0
1674,1091,0,1,1673,-1,-1,0,0,0,0
1675,1739,0.20286,1,1672,1676,1677,1,2,0,0
1676,1875,0,-1,1675,-1,-1,0,0,0,0
1677,1278,0.141986,1,1675,-1,1678,0,1,0,0
1678,1735,0,1,1677,-1,-1,0,0,0,0
1679,1816,0.458908,1,1671,1680,1683,3,4,0,0
1680,1098,0.0806809,-1,1679,-1,1681,0,2,0,0
1681,1288,0.310235,1,1680,-1,1682,0,1,0,0
1682,1927,0,1,1681,-1,-1,0,0,0,0
1683,1424,0.559888,1,1679,1684,1685,1,2,0,0
1684,1698,0,-1,1683,-1,-1,0,0,0,0
1685,1742,0.700165,1,1683,-1,1686,0,1,0,0
1686,1946,0,1,1685,-1,-1,0,0,0,0
1687,1467,0.472909,1,1625,1688,1718,30,32,0,0
1688,1592,0.240459,-1,1687,1689,1703,14,15,0,0
1689,1274,0.201707,-1,1688,1690,1696,6,7,0,0
1690,1552,0.146808,-1,1689,1691,1693,2,3,0,0
1691,1463,0.124503,-1,1690,-1,1692,0,1,0,0
1692,1620,0,1,1691,-1,-1,0,0,0,0
1693,1641,0.178368,1,1690,-1,1694,0,2,0,0
1694,1789,0.147865,1,1693,-1,1695,0,1,0,0
1695,1229,0,1,1694,-1,-1,0,0,0,0
1696,1696,0.0961947,1,1689,1697,1699,2,4,0,0
1697,1386,0.0112718,-1,1696,-1,1698,0,1,0,0
1698,1393,0,1,1697,-1,-1,0,0,0,0
1699,1706,0.13436,1,1696,1700,1701,1,2,0,0
1700,1824,0,-1,1699,-1,-1,0,0,0,0
1701,1829,0.182675,1,1699,-1,1702,0,1,0,0
1702,1206,0,1,1701,-1,-1,0,0,0,0
1703,1097,0.35642,1,1688,1704,1710,6,8,0,0
1704,1387,0.162706,-1,1703,1705,1707,2,3,0,0
1705,1733,0.0372324,-1,1704,-1,1706,0,1,0,0
1706,1744,0,1,1705,-1,-1,0,0,0,0
1707,1563,0.0433333,1,1704,-1,1708,0,2,0,0
1708,1639,0.175785,1,1707,-1,1709,0,1,0,0
1709,1616,0,1,1708,-1,-1,0,0,0,0
1710,1527,0.341628,1,1703,1711,1714,3,4,0,0
1711,1981,0.134666,-1,1710,-1,1712,0,2,0,0
1712,1860,0.0325722,1,1711,-1,1713,0,1,0,0
1713,1658,0,1,1712,-1,-1,0,0,0,0
1714,1059,0.676879,1,1710,1715,1716,1,2,0,0
1715,1354,0,-1,1714,-1,-1,0,0,0,0
1716,1281,0.0731691,1,1714,-1,1717,0,1,0,0
1717,1077,0,1,1716,-1,-1,0,0,0,0
1718,1806,0.546252,1,1687,1719,1734,15,16,0,0
1719,1127,0.430403,-1,1718,1720,1726,6,8,0,0
1720,1117,0.172117,-1,1719,1721,1723,2,3,0,0
1721,1977,0.0700309,-1,1720,-1,1722,0,1,0,0
1722,1090,0,1,1721,-1,-1,0,0,0,0
1723,1520,0.0535228,1,1720,-1,1724,0,2,0,0
1724,1565,0.14732,1,1723,-1,1725,0,1,0,0
1725,1851,0,1,1724,-1,-1,0,0,0,0
1726,1876,0.176668,1,1719,1727,1730,3,4,0,0
1727,1165,0.0710451,-1,1726,-1,1728,0,2,0,0
1728,1458,0.0140841,1,1727,-1,1729,0,1,0,0
1729,1244,0,1,1728,-1,-1,0,0,0,0
1730,1921,0.0718138,1,1726,1731,1732,1,2,0,0
1731,1727,0,-1,1730,-1,-1,0,0,0,0
1732,1341,0.155884,1,1730,-1,1733,0,1,0,0
1733,1203,0,1,1732,-1,-1,0,0,0,0
1734,1129,1.16134,1,1718,1735,1742,7,8,0,0
1735,1489,0.490961,-1,1734,1736,1738,2,4,0,0
1736,1638,0.186692,-1,1735,-1,1737,0,1,0,0
1737,1799,0,1,1736,-1,-1,0,0,0,0
1738,1779,0.32955,1,1735,1739,1740,1,2,0,0
1739,1346,0,-1,1738,-1,-1,0,0,0,0
1740,1697,0.624899,1,1738,-1,1741,0,1,0,0
1741,1013,0,1,1740,-1,-1,0,0,0,0
1742,1370,0.132466,1,1734,1743,1746,3,4,0,0
1743,1010,0.141519,-1,1742,-1,1744,0,2,0,0
1744,1689,0.0174474,1,1743,-1,1745,0,1,0,0
1745,1751,0,1,1744,-1,-1,0,0,0,0
1746,1043,0.604558,1,1742,1747,1748,1,2,0,0
1747,1758,0,-1,1746,-1,-1,0,0,0,0
1748,1019,0.232232,1,1746,-1,1749,0,1,0,0
1749,1602,0,1,1748,-1,-1,0,0,0,0
1750,1408,2.13989,1,1500,1751,1875,124,125,0,0
1751,1889,0.857807,-1,1750,1752,1813,61,62,0,0
1752,1448,0.434415,-1,1751,1753,1782,29,31,0,0
1753,1163,0.384047,-1,1752,1754,1767,13,15,0,0
1754,1028,0.170307,-1,1753,1755,1760,5,7,0,0
1755,1705,0.0684215,-1,1754,1756,1757,1,3,0,0
1756,1027,0,-1,1755,-1,-1,0,0,0,0
1757,1942,0.075778,1,1755,-1,1758,0,2,0,0
1758,1421,0.0936284,1,1757,-1,1759,0,1,0,0
1759,1050,0,1,1758,-1,-1,0,0,0,0
1760,1173,0.295526,1,1754,1761,1763,2,4,0,0
1761,1660,0.104162,-1,1760,-1,1762,0,1,0,0
1762,1094,0,1,1761,-1,-1,0,0,0,0
1763,1741,0.0664873,1,1760,1764,1765,1,2,0,0
1764,1820,0,-1,1763,-1,-1,0,0,0,0
1765,1205,0.067486,1,1763,-1,1766,0,1,0,0
1766,1997,0,1,1765,-1,-1,0,0,0,0
1767,1253,0.218802,1,1753,1768,1774,6,8,0,0
1768,1570,0.129331,-1,1767,1769,1771,2,3,0,0
1769,1669,0.0335608,-1,1768,-1,1770,0,1,0,0
1770,1709,0,1,1769,-1,-1,0,0,0,0
1771,1801,0.314315,1,1768,-1,1772,0,2,0,0
1772,1737,0.0201895,1,1771,-1,1773,0,1,0,0
1773,1511,0,1,1772,-1,-1,0,0,0,0
1774,1625,0.197334,1,1767,1775,1778,3,4,0,0
1775,1871,0.0640925,-1,1774,-1,1776,0,2,0,0
1776,1240,0.093663,1,1775,-1,1777,0,1,0,0
1777,1573,0,1,1776,-1,-1,0,0,0,0
1778,1973,0.111265,1,1774,1779,1780,1,2,0,0
1779,1786,0,-1,1778,-1,-1,0,0,0,0
1780,1553,0.0989526,1,1778,-1,1781,0,1,0,0
1781,1243,0,1,1780,-1,-1,0,0,0,0
1782,1089,0.551718,1,1752,1783,1797,14,16,0,0
1783,1656,0.151452,-1,1782,1784,1790,6,7,0,0
1784,1290,0.0781301,-1,1783,1785,1787,2,3,0,0
1785,1659,0.041681,-1,1784,-1,1786,0,1,0,0
1786,1140,0,1,1785,-1,-1,0,0,0,0
1787,1168,0.0768449,1,1784,-1,1788,0,2,0,0
1788,1285,0.0764076,1,1787,-1,1789,0,1,0,0
1789,1369,0,1,1788,-1,-1,0,0,0,0
1790,1375,0.208592,1,1783,1791,1793,2,4,0,0
1791,1017,0.0879247,-1,1790,-1,1792,0,1,0,0
1792,1214,0,1,1791,-1,-1,0,0,0,0
1793,1062,0.261247,1,1790,1794,1795,1,2,0,0
1794,1328,0,-1,1793,-1,-1,0,0,0,0
1795,1907,0.100718,1,1793,-1,1796,0,1,0,0
1796,1249,0,1,1795,-1,-1,0,0,0,0
1797,1151,0.249491,1,1782,1798,1805,7,8,0,0
1798,1222,0.261526,-1,1797,1799,1801,2,4,0,0
1799,1897,0.0659767,-1,1798,-1,1800,0,1,0,0
1800,1225,0,1,1799,-1,-1,0,0,0,0
1801,1042,0.13182,1,1798,1802,1803,1,2,0,0
1802,1960,0,-1,1801,-1,-1,0,0,0,0
1803,1643,0.127876,1,1801,-1,1804,0,1,0,0
1804,1056,0,1,1803,-1,-1,0,0,0,0
1805,1711,0.253414,1,1797,1806,1809,3,4,0,0
1806,1298,0.164746,-1,1805,-1,1807,0,2,0,0
1807,1088,0.103618,1,1806,-1,1808,0,1,0,0
1808,1964,0,1,1807,-1,-1,0,0,0,0
1809,1712,0.353436,1,1805,1810,1811,1,2,0,0
1810,1218,0,-1,1809,-1,-1,0,0,0,0
1811,1847,0.0658006,1,1809,-1,1812,0,1,0,0
1812,1928,0,1,1811,-1,-1,0,0,0,0
1813,1334,0.678703,1,1751,1814,1844,30,31,0,0
1814,1422,0.34241,-1,1813,1815,1829,14,15,0,0
1815,1198,0.297065,-1,1814,1816,1822,6,7,0,0
1816,1254,0.24148,-1,1815,1817,1819,2,3,0,0
1817,1763,0.108491,-1,1816,-1,1818,0,1,0,0
1818,1506,0,1,1817,-1,-1,0,0,0,0
1819,1230,0.368444,1,1816,-1,1820,0,2,0,0
1820,1126,0.0383959,1,1819,-1,1821,0,1,0,0
1821,1810,0,1,1820,-1,-1,0,0,0,0
1822,1640,0.207851,1,1815,1823,1825,2,4,0,0
1823,1884,0.0696975,-1,1822,-1,1824,0,1,0,0
1824,1201,0,1,1823,-1,-1,0,0,0,0
1825,1308,0.453986,1,1822,1826,1827,1,2,0,0
1826,1130,0,-1,1825,-1,-1,0,0,0,0
1827,1531,0.226067,1,1825,-1,1828,0,1,0,0
1828,1315,0,1,1827,-1,-1,0,0,0,0
1829,1575,0.540027,1,1814,1830,1836,6,8,0,0
1830,1993,0.181673,-1,1829,1831,1833,2,3,0,0
1831,1193,0.08752,-1,1830,-1,1832,0,1,0,0
1832,1652,0,1,1831,-1,-1,0,0,0,0
1833,1996,0.168903,1,1830,-1,1834,0,2,0,0
1834,1793,0.0711811,1,1833,-1,1835,0,1,0,0
1835,1594,0,1,1834,-1,-1,0,0,0,0
1836,1906,0.446991,1,1829,1837,1840,3,4,0,0
1837,1106,0.106543,-1,1836,-1,1838,0,2,0,0
1838,1296,0.214409,1,1837,-1,1839,0,1,0,0
1839,1496,0,1,1838,-1,-1,0,0,0,0
1840,1853,0.0400492,1,1836,1841,1842,1,2,0,0
1841,1855,0,-1,1840,-1,-1,0,0,0,0
1842,1947,0.35502,1,1840,-1,1843,0,1,0,0
1843,1694,0,1,1842,-1,-1,0,0,0,0
1844,1186,1.62698,1,1813,1845,1859,14,16,0,0
1845,1910,0.761081,-1,1844,1846,1852,6,7,0,0
1846,1049,0.40715,-1,1845,1847,1849,2,3,0,0
1847,1795,0.117025,-1,1846,-1,1848,0,1,0,0
1848,1685,0,1,1847,-1,-1,0,0,0,0
1849,1231,0.310282,1,1846,-1,1850,0,2,0,0
1850,1657,0.134161,1,1849,-1,1851,0,1,0,0
1851,1716,0,1,1850,-1,-1,0,0,0,0
1852,1486,0.813593,1,1845,1853,1855,2,4,0,0
1853,1022,0.046543,-1,1852,-1,1854,0,1,0,0
1854,1381,0,1,1853,-1,-1,0,0,0,0
1855,1123,0.780039,1,1852,1856,1857,1,2,0,0
1856,1759,0,-1,1855,-1,-1,0,0,0,0
1857,1491,0.272723,1,1855,-1,1858,0,1,0,0
1858,1825,0,1,1857,-1,-1,0,0,0,0
1859,1277,0.306212,1,1844,1860,1867,7,8,0,0
1860,1728,0.137643,-1,1859,1861,1863,2,4,0,0
1861,1432,0.00947789,-1,1860,-1,1862,0,1,0,0
1862,1787,0,1,1861,-1,-1,0,0,0,0
1863,1311,0.223578,1,1860,1864,1865,1,2,0,0
1864,1366,0,-1,1863,-1,-1,0,0,0,0
1865,1545,0.220287,1,1863,-1,1866,0,1,0,0
1866,1608,0,1,1865,-1,-1,0,0,0,0
1867,1343,0.761778,1,1859,1868,1871,3,4,0,0
1868,1232,0.421,-1,1867,-1,1869,0,2,0,0
1869,1874,0.545177,1,1868,-1,1870,0,1,0,0
1870,1351,0,1,1869,-1,-1,0,0,0,0
1871,1740,0.667513,1,1867,1872,1873,1,2,0,0
1872,1752,0,-1,1871,-1,-1,0,0,0,0
1873,1676,0.208971,1,1871,-1,1874,0,1,0,0
1874,1790,0,1,1873,-1,-1,0,0,0,0
1875,1840,0.549266,1,1750,1876,1937,61,63,0,0
1876,1039,0.604964,-1,1875,1877,1906,29,31,0,0
1877,1411,0.188578,-1,1876,1878,1891,13,15,0,0
1878,1032,0.145708,-1,1877,1879,1884,5,7,0,0
1879,1207,0.115832,-1,1878,1880,1881,1,3,0,0
1880,1457,0,-1,1879,-1,-1,0,0,0,0
1881,1999,0.0684838,1,1879,-1,1882,0,2,0,0
1882,1312,0.0300177,1,1881,-1,1883,0,1,0,0
1883,1768,0,1,1882,-1,-1,0,0,0,0
1884,1756,0.215603,1,1878,1885,1887,2,4,0,0
1885,1466,0.0707828,-1,1884,-1,1886,0,1,0,0
1886,1707,0,1,1885,-1,-1,0,0,0,0
1887,1199,0.0300301,1,1884,1888,1889,1,2,0,0
1888,1987,0,-1,1887,-1,-1,0,0,0,0
1889,1301,0.084628,1,1887,-1,1890,0,1,0,0
1890,1838,0,1,1889,-1,-1,0,0,0,0
1891,1323,0.316553,1,1877,1892,1898,6,8,0,0
1892,1242,0.238746,-1,1891,1893,1895,2,3,0,0
1893,1335,0.028456,-1,1892,-1,1894,0,1,0,0
1894,1794,0,1,1893,-1,-1,0,0,0,0
1895,1508,0.14489,1,1892,-1,1896,0,2,0,0
1896,1882,0.0412195,1,1895,-1,1897,0,1,0,0
1897,1584,0,1,1896,-1,-1,0,0,0,0
1898,1671,0.465439,1,1891,1899,1902,3,4,0,0
1899,1324,0.372889,-1,1898,-1,1900,0,2,0,0
1900,1681,0.146229,1,1899,-1,1901,0,1,0,0
1901,1046,0,1,1900,-1,-1,0,0,0,0
1902,1174,0.120949,1,1898,1903,1904,1,2,0,0
1903,1396,0,-1,1902,-1,-1,0,0,0,0
1904,1893,0.156202,1,1902,-1,1905,0,1,0,0
1905,1864,0,1,1904,-1,-1,0,0,0,0
1906,1581,0.273334,1,1876,1907,1921,14,16,0,0
1907,1730,0.157337,-1,1906,1908,1914,6,7,0,0
1908,1345,0.0586668,-1,1907,1909,1911,2,3,0,0
1909,1785,0.0289753,-1,1908,-1,1910,0,1,0,0
1910,1155,0,1,1909,-1,-1,0,0,0,0
1911,1651,0.0335405,1,1908,-1,1912,0,2,0,0
1912,1926,0.0688753,1,1911,-1,1913,0,1,0,0
1913,1237,0,1,1912,-1,-1,0,0,0,0
1914,1378,0.136195,1,1907,1915,1917,2,4,0,0
1915,1454,0.0347213,-1,1914,-1,1916,0,1,0,0
1916,1342,0,1,1915,-1,-1,0,0,0,0
1917,1836,0.0290927,1,1914,1918,1919,1,2,0,0
1918,1585,0,-1,1917,-1,-1,0,0,0,0
1919,1498,0.0638711,1,1917,-1,1920,0,1,0,0
1920,1035,0,1,1919,-1,-1,0,0,0,0
1921,1461,0.431231,1,1906,1922,1929,7,8,0,0
1922,1303,0.149489,-1,1921,1923,1925,2,4,0,0
1923,1267,0.0582439,-1,1922,-1,1924,0,1,0,0
1924,1183,0,1,1923,-1,-1,0,0,0,0
1925,1221,0.257361,1,1922,1926,1927,1,2,0,0
1926,1644,0,-1,1925,-1,-1,0,0,0,0
1927,1965,0.080119,1,1925,-1,1928,0,1,0,0
1928,1605,0,1,1927,-1,-1,0,0,0,0
1929,1564,0.180965,1,1921,1930,1933,3,4,0,0
1930,1803,0.124942,-1,1929,-1,1931,0,2,0,0
1931,1721,0.0282253,1,1930,-1,1932,0,1,0,0
1932,1971,0,1,1931,-1,-1,0,0,0,0
1933,1748,0.107555,1,1929,1934,1935,1,2,0,0
1934,1320,0,-1,1933,-1,-1,0,0,0,0
1935,1979,0.0165642,1,1933,-1,1936,0,1,0,0
1936,1891,0,1,1935,-1,-1,0,0,0,0
1937,1426,1.15649,1,1875,1938,1968,30,32,0,0
1938,1047,0.98609,-1,1937,1939,1953,14,15,0,0
1939,1700,0.354215,-1,1938,1940,1946,6,7,0,0
1940,1535,0.19783,-1,1939,1941,1943,2,3,0,0
1941,1708,0.0406231,-1,1940,-1,1942,0,1,0,0
1942,1695,0,1,1941,-1,-1,0,0,0,0
1943,1216,0.128997,1,1940,-1,1944,0,2,0,0
1944,1175,0.152103,1,1943,-1,1945,0,1,0,0
1945,1325,0,1,1944,-1,-1,0,0,0,0
1946,1041,0.700827,1,1939,1947,1949,2,4,0,0
1947,1409,0.227909,-1,1946,-1,1948,0,1,0,0
1948,1774,0,1,1947,-1,-1,0,0,0,0
1949,1556,0.304419,1,1946,1950,1951,1,2,0,0
1950,1020,0,-1,1949,-1,-1,0,0,0,0
1951,1601,0.153465,1,1949,-1,1952,0,1,0,0
1952,1802,0,1,1951,-1,-1,0,0,0,0
1953,1322,0.944737,1,1938,1954,1960,6,8,0,0
1954,1276,0.604401,-1,1953,1955,1957,2,3,0,0
1955,1901,0.328452,-1,1954,-1,1956,0,1,0,0
1956,1562,0,1,1955,-1,-1,0,0,0,0
1957,1848,0.456343,1,1954,-1,1958,0,2,0,0
1958,1002,0.24593,1,1957,-1,1959,0,1,0,0
1959,1465,0,1,1958,-1,-1,0,0,0,0
1960,1862,1.27358,1,1953,1961,1964,3,4,0,0
1961,1963,0.225458,-1,1960,-1,1962,0,2,0,0
1962,1538,0.142982,1,1961,-1,1963,0,1,0,0
1963,1435,0,1,1962,-1,-1,0,0,0,0
1964,1452,0.0948367,1,1960,1965,1966,1,2,0,0
1965,1554,0,-1,1964,-1,-1,0,0,0,0
1966,1036,0.0481419,1,1964,-1,1967,0,1,0,0
1967,1734,0,1,1966,-1,-1,0,0,0,0
1968,1398,1.18606,1,1937,1969,1984,15,16,0,0
1969,1371,0.137542,-1,1968,1970,1976,6,8,0,0
1970,1771,0.0611836,-1,1969,1971,1973,2,3,0,0
1971,1746,0.0106401,-1,1970,-1,1972,0,1,0,0
1972,1750,0,1,1971,-1,-1,0,0,0,0
1973,1394,0.0410426,1,1970,-1,1974,0,2,0,0
1974,1935,0.0460074,1,1973,-1,1975,0,1,0,0
1975,1905,0,1,1974,-1,-1,0,0,0,0
1976,1477,1.03364,1,1969,1977,1980,3,4,0,0
1977,1104,0.0748843,-1,1976,-1,1978,0,2,0,0
1978,1630,0.465794,1,1977,-1,1979,0,1,0,0
1979,1318,0,1,1978,-1,-1,0,0,0,0
1980,1139,0.151091,1,1976,1981,1982,1,2,0,0
1981,1015,0,-1,1980,-1,-1,0,0,0,0
1982,1634,0.527135,1,1980,-1,1983,0,1,0,0
1983,1431,0,1,1982,-1,-1,0,0,0,0
1984,1113,1.96277,1,1968,1985,1992,7,8,0,0
1985,1268,0.11752,-1,1984,1986,1988,2,4,0,0
1986,1132,0.0859296,-1,1985,-1,1987,0,1,0,0
1987,1819,0,1,1986,-1,-1,0,0,0,0
1988,1606,0.383737,1,1985,1989,1990,1,2,0,0
1989,1529,0,-1,1988,-1,-1,0,0,0,0
1990,1956,0.916093,1,1988,-1,1991,0,1,0,0
1991,1150,0,1,1990,-1,-1,0,0,0,0
1992,1430,0.309302,1,1984,1993,1996,3,4,0,0
1993,1682,0.368199,-1,1992,-1,1994,0,2,0,0
1994,1541,0.0674283,1,1993,-1,1995,0,1,0,0
1995,1895,0,1,1994,-1,-1,0,0,0,0
1996,1180,0.836893,1,1992,1997,1998,1,2,0,0
1997,1360,0,-1,1996,-1,-1,0,0,0,0
1998,1110,0.786055,1,1996,-1,1999,0,1,0,0
1999,1655,0,1,1998,-1,-1,0,0,0,0
