ID,VP Index,Mediana,L_R,ID_Parent,L_kid,R_kid,L_kid_N,R_kid_N,Left Bound,Right Bound
0,1384,5.47999,0,-1,1,1000,999,1000,5.41573,5.54426
1,1537,2.48689,-1,0,2,500,498,500,2.48631,2.49117
2,1728,1.9396,-1,1,3,251,248,249,1.93944,1.93975
3,1243,0.88538,-1,2,4,127,123,124,0.883317,0.887442
4,1549,0.560846,-1,3,5,65,60,62,0.558521,0.562669
5,1776,0.396716,-1,4,6,35,29,30,0.395524,0.397908
6,1176,0.201304,-1,5,7,20,13,15,0.193044,0.204112
7,1057,0.154399,-1,6,8,13,5,7,0.153239,0.173887
8,1673,0.111294,-1,7,9,10,1,3,0.071541,0.114049
9,1331,0,-1,8,-1,-1,0,0,0,0
10,1171,0.112413,1,8,-1,11,0,2,0,0.22629
11,1052,0.057139,1,10,-1,12,0,1,0,0.114278
12,1731,0,1,11,-1,-1,0,0,0,0
13,1391,0.135328,1,7,14,16,2,4,0.105539,0.138474
14,1702,0.0488179,-1,13,-1,15,0,1,0,0.0976358
15,1262,0,1,14,-1,-1,0,0,0,0
16,1822,0.0710117,1,13,17,18,1,2,0.0609371,0.0810862
17,1883,0,-1,16,-1,-1,0,0,0,0
18,1356,0.05674,1,16,-1,19,0,1,0,0.11348
19,1904,0,1,18,-1,-1,0,0,0,0
20,1313,0.44208,1,6,21,27,6,8,0.328688,0.465015
21,1031,0.217847,-1,20,22,24,2,3,0.153457,0.282238
22,1182,0.109745,-1,21,-1,23,0,1,0,0.21949
23,1607,0,1,22,-1,-1,0,0,0,0
24,1783,0.051575,1,21,-1,25,0,2,0,0.0981721
25,1413,0.0309236,1,24,-1,26,0,1,0,0.0618473
26,1187,0,1,25,-1,-1,0,0,0,0
27,1416,0.0756635,1,20,28,31,3,4,0.0618666,0.0894604
28,1070,0.0449909,-1,27,-1,29,0,2,0,0.0517297
29,1923,0.0304985,1,28,-1,30,0,1,0,0.0609971
30,1691,0,1,29,-1,-1,0,0,0,0
31,1929,0.1592,1,27,32,33,1,2,0.154668,0.163733
32,1635,0,-1,31,-1,-1,0,0,0,0
33,1114,0.0189088,1,31,-1,34,0,1,0,0.0378176
34,1517,0,1,33,-1,-1,0,0,0,0
35,1134,0.406334,1,5,36,50,14,15,0.391669,0.421
36,1054,0.176194,-1,35,37,43,6,7,0.172113,0.180276
37,1845,0.0722915,-1,36,38,40,2,3,0.0698322,0.0747507
38,1892,0.0383406,-1,37,-1,39,0,1,0,0.0766813
39,1149,0,1,38,-1,-1,0,0,0,0
40,1071,0.0620142,1,37,-1,41,0,2,0,0.228406
41,1670,0.121095,1,40,-1,42,0,1,0,0.24219
42,1082,0,1,41,-1,-1,0,0,0,0
43,1137,0.212775,1,36,44,46,2,4,0.12586,0.242174
44,1385,0.0275649,-1,43,-1,45,0,1,0,0.0551298
45,1309,0,1,44,-1,-1,0,0,0,0
46,1211,0.0268042,1,43,47,48,1,2,0.0140793,0.039529
47,1252,0,-1,46,-1,-1,0,0,0,0
48,1314,0.0179712,1,46,-1,49,0,1,0,0.0359424
49,1632,0,1,48,-1,-1,0,0,0,0
50,1380,0.29541,1,35,51,57,6,8,0.260485,0.404795
51,1138,0.17701,-1,50,52,54,2,3,0.157707,0.196312
52,1407,0.0640102,-1,51,-1,53,0,1,0,0.12802
53,1617,0,1,52,-1,-1,0,0,0,0
54,1678,0.0497481,1,51,-1,55,0,2,0,0.11844
55,1451,0.0819048,1,54,-1,56,0,1,0,0.16381
56,1072,0,1,55,-1,-1,0,0,0,0
57,1553,0.152691,1,50,58,61,3,4,0.13444,0.170942
58,1249,0.0367024,-1,57,-1,59,0,2,0,0.213283
59,1261,0.0982714,1,58,-1,60,0,1,0,0.196543
60,1453,0,1,59,-1,-1,0,0,0,0
61,1753,0.0459113,1,57,62,63,1,2,0.0148385,0.0769841
62,1559,0,-1,61,-1,-1,0,0,0,0
63,1089,0.0828301,1,61,-1,64,0,1,0,0.16566
64,1804,0,1,63,-1,-1,0,0,0,0
65,1130,0.622774,1,4,66,96,30,31,0.617658,0.62789
66,1027,0.325838,-1,65,67,81,14,15,0.305905,0.345771
67,1525,0.191738,-1,66,68,74,6,7,0.171405,0.21207
68,1676,0.0657085,-1,67,69,71,2,3,0.0549695,0.0764475
69,1543,0.0423816,-1,68,-1,70,0,1,0,0.0847633
70,1825,0,1,69,-1,-1,0,0,0,0
71,1938,0.106302,1,68,-1,72,0,2,0,0.116544
72,1163,0.0858513,1,71,-1,73,0,1,0,0.171703
73,1001,0,1,72,-1,-1,0,0,0,0
74,1308,0.198203,1,67,75,77,2,4,0.165056,0.223941
75,1205,0.067486,-1,74,-1,76,0,1,0,0.134972
76,1997,0,1,75,-1,-1,0,0,0,0
77,1820,0.052364,1,74,78,79,1,2,0.0491873,0.0555407
78,1741,0,-1,77,-1,-1,0,0,0,0
79,1050,0.0275455,1,77,-1,80,0,1,0,0.0550909
80,1660,0,1,79,-1,-1,0,0,0,0
81,1251,0.280271,1,66,82,88,6,8,0.258088,0.282948
82,1777,0.154016,-1,81,83,85,2,3,0.105552,0.202479
83,1723,0.0257922,-1,82,-1,84,0,1,0,0.0515843
84,1347,0,1,83,-1,-1,0,0,0,0
85,1201,0.41562,1,82,-1,86,0,2,0,0.428671
86,1823,0.107167,1,85,-1,87,0,1,0,0.214335
87,1919,0,1,86,-1,-1,0,0,0,0
88,1763,0.131274,1,81,89,92,3,4,0.0848891,0.17766
89,1254,0.0884303,-1,88,-1,90,0,2,0,0.14052
90,1422,0.0700904,1,89,-1,91,0,1,0,0.140181
91,1884,0,1,90,-1,-1,0,0,0,0
92,1003,0.0720048,1,88,93,94,1,2,0.0684305,0.075579
93,1107,0,-1,92,-1,-1,0,0,0,0
94,1004,0.254368,1,92,-1,95,0,1,0,0.508736
95,1640,0,1,94,-1,-1,0,0,0,0
96,1321,0.539117,1,65,97,111,14,16,0.429674,0.588193
97,1582,0.305146,-1,96,98,104,6,7,0.271271,0.339022
98,1784,0.127237,-1,97,99,101,2,3,0.109455,0.145019
99,1609,0.101052,-1,98,-1,100,0,1,0,0.202105
100,1872,0,1,99,-1,-1,0,0,0,0
101,1515,0.118538,1,98,-1,102,0,2,0,0.265856
102,1344,0.151185,1,101,-1,103,0,1,0,0.30237
103,1510,0,1,102,-1,-1,0,0,0,0
104,1677,0.163677,1,97,105,107,2,4,0.154414,0.203156
105,1764,0.0895983,-1,104,-1,106,0,1,0,0.179197
106,1337,0,1,105,-1,-1,0,0,0,0
107,1717,0.371679,1,104,108,109,1,2,0.190501,0.552857
108,1856,0,-1,107,-1,-1,0,0,0,0
109,1945,0.0170672,1,107,-1,110,0,1,0,0.0341344
110,1480,0,1,109,-1,-1,0,0,0,0
111,1094,0.14579,1,96,112,119,7,8,0.138424,0.153156
112,1421,0.075778,-1,111,113,115,2,4,0.0679466,0.0791663
113,1173,0.0582472,-1,112,-1,114,0,1,0,0.116494
114,1448,0,1,113,-1,-1,0,0,0,0
115,1240,0.123389,1,112,116,117,1,2,0.0585807,0.188197
116,1973,0,-1,115,-1,-1,0,0,0,0
117,1705,0.0342107,1,115,-1,118,0,1,0,0.0684215
118,1942,0,1,117,-1,-1,0,0,0,0
119,1709,0.145462,1,111,120,123,3,4,0.134184,0.156741
120,1669,0.100884,-1,119,-1,121,0,2,0,0.199855
121,1786,0.0588791,1,120,-1,122,0,1,0,0.117758
122,1570,0,1,121,-1,-1,0,0,0,0
123,1028,0.288114,1,119,124,125,1,2,0.216412,0.359815
124,1618,0,-1,123,-1,-1,0,0,0,0
125,1871,0.258624,1,123,-1,126,0,1,0,0.517247
126,1801,0,1,125,-1,-1,0,0,0,0
127,1147,0.564446,1,3,128,189,61,62,0.55955,0.569343
128,1463,0.503718,-1,127,129,158,29,31,0.482165,0.507612
129,1387,0.246112,-1,128,130,143,13,15,0.245775,0.248138
130,1158,0.185864,-1,129,131,136,5,7,0.181087,0.196382
131,1639,0.134203,-1,130,132,133,1,3,0.0433333,0.166415
132,1563,0,-1,131,-1,-1,0,0,0,0
133,1628,0.0801272,1,131,-1,134,0,2,0,0.138026
134,1733,0.0372324,1,133,-1,135,0,1,0,0.0744648
135,1744,0,1,134,-1,-1,0,0,0,0
136,1397,0.236985,1,130,137,139,2,4,0.0888869,0.292966
137,1488,0.0414689,-1,136,-1,138,0,1,0,0.0829378
138,1097,0,1,137,-1,-1,0,0,0,0
139,1824,0.088823,1,136,140,141,1,2,0.0826778,0.0949681
140,1829,0,-1,139,-1,-1,0,0,0,0
141,1467,0.0327558,1,139,-1,142,0,1,0,0.0655115
142,1706,0,1,141,-1,-1,0,0,0,0
143,1006,0.217102,1,129,144,150,6,8,0.214583,0.238465
144,1718,0.139954,-1,143,145,147,2,3,0.0695808,0.210327
145,1440,0.0193251,-1,144,-1,146,0,1,0,0.0386502
146,1503,0,1,145,-1,-1,0,0,0,0
147,1674,0.0442259,1,144,-1,148,0,2,0,0.0866437
148,1809,0.0223619,1,147,-1,149,0,1,0,0.0447239
149,1021,0,1,148,-1,-1,0,0,0,0
150,1909,0.0789287,1,143,151,154,3,4,0.0763182,0.0815391
151,1715,0.0163966,-1,150,-1,152,0,2,0,0.121371
152,1402,0.0560076,1,151,-1,153,0,1,0,0.112015
153,1279,0,1,152,-1,-1,0,0,0,0
154,1641,0.176895,1,150,155,156,1,2,0.163673,0.190118
155,1616,0,-1,154,-1,-1,0,0,0,0
156,1527,0.221043,1,154,-1,157,0,1,0,0.442087
157,1293,0,1,156,-1,-1,0,0,0,0
158,1091,0.412543,1,128,159,173,14,16,0.388877,0.416311
159,1288,0.308766,-1,158,160,166,6,7,0.293017,0.324516
160,1278,0.159292,-1,159,161,163,2,3,0.143005,0.175579
161,1405,0.0288876,-1,160,-1,162,0,1,0,0.0577753
162,1364,0,1,161,-1,-1,0,0,0,0
163,1574,0.1232,1,160,-1,164,0,2,0,0.145348
164,1064,0.0821339,1,163,-1,165,0,1,0,0.164268
165,1735,0,1,164,-1,-1,0,0,0,0
166,1061,0.129016,1,159,167,169,2,4,0.0971973,0.179285
167,1766,0.0387572,-1,166,-1,168,0,1,0,0.0775143
168,1499,0,1,167,-1,-1,0,0,0,0
169,1877,0.289653,1,166,170,171,1,2,0.260249,0.319057
170,1181,0,-1,169,-1,-1,0,0,0,0
171,1858,0.162058,1,169,-1,172,0,1,0,0.324115
172,1812,0,1,171,-1,-1,0,0,0,0
173,1101,0.408841,1,158,174,181,7,8,0.398991,0.418692
174,1260,0.236245,-1,173,175,177,2,4,0.157077,0.242549
175,1084,0.0498327,-1,174,-1,176,0,1,0,0.0996654
176,1333,0,1,175,-1,-1,0,0,0,0
177,1294,0.37115,1,174,178,179,1,2,0.352373,0.389926
178,1854,0,-1,177,-1,-1,0,0,0,0
179,1778,0.040067,1,177,-1,180,0,1,0,0.080134
180,1687,0,1,179,-1,-1,0,0,0,0
181,1012,0.346758,1,173,182,185,3,4,0.298697,0.394819
182,1732,0.246664,-1,181,-1,183,0,2,0,0.337668
183,1566,0.0505426,1,182,-1,184,0,1,0,0.101085
184,1200,0,1,183,-1,-1,0,0,0,0
185,1547,0.135171,1,181,186,187,1,2,0.128023,0.142319
186,1896,0,-1,185,-1,-1,0,0,0,0
187,1880,0.0982184,1,185,-1,188,0,1,0,0.196437
188,1780,0,1,187,-1,-1,0,0,0,0
189,1232,1.50034,1,127,190,220,30,31,1.49781,1.50287
190,1491,0.606289,-1,189,191,205,14,15,0.596821,0.615757
191,1608,0.327456,-1,190,192,198,6,7,0.324354,0.330557
192,1311,0.279622,-1,191,193,195,2,3,0.201471,0.357774
193,1277,0.0744578,-1,192,-1,194,0,1,0,0.148916
194,1366,0,1,193,-1,-1,0,0,0,0
195,1561,0.22674,1,192,-1,196,0,2,0,0.328218
196,1315,0.0552326,1,195,-1,197,0,1,0,0.110465
197,1790,0,1,196,-1,-1,0,0,0,0
198,1432,0.525402,1,191,199,201,2,4,0.403102,0.608923
199,1787,0.202986,-1,198,-1,200,0,1,0,0.405973
200,1752,0,1,199,-1,-1,0,0,0,0
201,1531,0.23999,1,198,202,203,1,2,0.15129,0.328689
202,1506,0,-1,201,-1,-1,0,0,0,0
203,1846,0.343783,1,201,-1,204,0,1,0,0.687567
204,1795,0,1,203,-1,-1,0,0,0,0
205,1642,0.38377,1,190,206,212,6,8,0.379023,0.66103
206,1870,0.179367,-1,205,207,209,2,3,0.1753,0.183434
207,1704,0.152097,-1,206,-1,208,0,1,0,0.304193
208,1959,0,1,207,-1,-1,0,0,0,0
209,1423,0.254736,1,206,-1,210,0,2,0,0.365508
210,1524,0.0717035,1,209,-1,211,0,1,0,0.143407
211,1425,0,1,210,-1,-1,0,0,0,0
212,1545,0.773934,1,205,213,216,3,4,0.695952,0.851916
213,1408,0.378873,-1,212,-1,214,0,2,0,0.530911
214,1740,0.105556,1,213,-1,215,0,1,0,0.211111
215,1044,0,1,214,-1,-1,0,0,0,0
216,1874,1.0365,1,212,217,218,1,2,0.924502,1.14849
217,1762,0,-1,216,-1,-1,0,0,0,0
218,1374,0.420673,1,216,-1,219,0,1,0,0.841346
219,1271,0,1,218,-1,-1,0,0,0,0
220,1034,0.935448,1,189,221,235,14,16,0.89321,1.04413
221,1145,0.831352,-1,220,222,228,6,7,0.783213,0.879492
222,1591,0.0681042,-1,221,223,225,2,3,0.0680043,0.0682042
223,1950,0.0270455,-1,222,-1,224,0,1,0,0.0540911
224,1500,0,1,223,-1,-1,0,0,0,0
225,1955,0.0777316,1,222,-1,226,0,2,0,0.802704
226,1941,0.435111,1,225,-1,227,0,1,0,0.870221
227,1841,0,1,226,-1,-1,0,0,0,0
228,1256,0.0836879,1,221,229,231,2,4,0.0662661,0.0892614
229,1580,0.0182776,-1,228,-1,230,0,1,0,0.0365553
230,1392,0,1,229,-1,-1,0,0,0,0
231,1879,0.14671,1,228,232,233,1,2,0.138209,0.155211
232,1946,0,-1,231,-1,-1,0,0,0,0
233,1875,0.0786985,1,231,-1,234,0,1,0,0.157397
234,1739,0,1,233,-1,-1,0,0,0,0
235,1816,0.434187,1,220,236,243,7,8,0.433594,0.43478
236,1588,0.335326,-1,235,237,239,2,4,0.305465,0.391784
237,1060,0.13786,-1,236,-1,238,0,1,0,0.27572
238,1286,0,1,237,-1,-1,0,0,0,0
239,1098,0.220879,1,236,240,241,1,2,0.0806809,0.361078
240,1927,0,-1,239,-1,-1,0,0,0,0
241,1292,0.15353,1,239,-1,242,0,1,0,0.307059
242,1886,0,1,241,-1,-1,0,0,0,0
243,1742,0.423121,1,235,244,247,3,4,0.417521,0.428721
244,1647,0.21102,-1,243,-1,245,0,2,0,0.266666
245,1494,0.129943,1,244,-1,246,0,1,0,0.259886
246,1908,0,1,245,-1,-1,0,0,0,0
247,1040,0.961428,1,243,248,249,1,2,0.842949,1.07991
248,1424,0,-1,247,-1,-1,0,0,0,0
249,1698,0.792592,1,247,-1,250,0,1,0,1.58518
250,1834,0,1,249,-1,-1,0,0,0,0
251,1579,0.813474,1,2,252,375,123,125,0.811148,0.822701
252,1911,0.657868,-1,251,253,313,60,62,0.648124,0.668967
253,1598,0.36931,-1,252,254,283,29,30,0.366664,0.371957
254,1729,0.234861,-1,253,255,268,13,15,0.208919,0.270293
255,1720,0.198339,-1,254,256,261,5,7,0.175039,0.209609
256,1368,0.123102,-1,255,257,258,1,3,0.0615683,0.194105
257,1005,0,-1,256,-1,-1,0,0,0,0
258,1665,0.0209692,1,256,-1,259,0,2,0,0.170274
259,1295,0.0747721,1,258,-1,260,0,1,0,0.149544
260,1436,0,1,259,-1,-1,0,0,0,0
261,1991,0.104483,1,255,262,264,2,4,0.1041,0.120844
262,1943,0.0529704,-1,261,-1,263,0,1,0,0.105941
263,1827,0,1,262,-1,-1,0,0,0,0
264,1248,0.195688,1,261,265,266,1,2,0.192154,0.199222
265,1258,0,-1,264,-1,-1,0,0,0,0
266,1865,0.0721908,1,264,-1,267,0,1,0,0.144382
267,1948,0,1,266,-1,-1,0,0,0,0
268,1613,0.142114,1,254,269,275,6,8,0.109559,0.145979
269,1502,0.0800307,-1,268,270,272,2,3,0.0682364,0.091825
270,1800,0.0524645,-1,269,-1,271,0,1,0,0.104929
271,1481,0,1,270,-1,-1,0,0,0,0
272,1917,0.0468413,1,269,-1,273,0,2,0,0.0554725
273,1767,0.0474369,1,272,-1,274,0,1,0,0.0948738
274,1074,0,1,273,-1,-1,0,0,0,0
275,1567,0.171684,1,268,276,279,3,4,0.163629,0.179738
276,1975,0.0287616,-1,275,-1,277,0,2,0,0.107286
277,1245,0.0400545,1,276,-1,278,0,1,0,0.080109
278,1587,0,1,277,-1,-1,0,0,0,0
279,1236,0.039061,1,275,280,281,1,2,0.0348224,0.0432997
280,1970,0,-1,279,-1,-1,0,0,0,0
281,1420,0.151451,1,279,-1,282,0,1,0,0.302901
282,1468,0,1,281,-1,-1,0,0,0,0
283,1686,0.424981,1,253,284,298,14,15,0.420713,0.42925
284,1073,0.207863,-1,283,285,291,6,7,0.205738,0.209987
285,1961,0.0781838,-1,284,286,288,2,3,0.0730248,0.0833427
286,1982,0.0120389,-1,285,-1,287,0,1,0,0.0240778
287,1485,0,1,286,-1,-1,0,0,0,0
288,1878,0.140686,1,285,-1,289,0,2,0,0.255809
289,1805,0.0610851,1,288,-1,290,0,1,0,0.12217
290,1885,0,1,289,-1,-1,0,0,0,0
291,1680,0.28666,1,284,292,294,2,4,0.149014,0.335461
292,1055,0.0203986,-1,291,-1,293,0,1,0,0.0407973
293,1053,0,1,292,-1,-1,0,0,0,0
294,1217,0.143043,1,291,295,296,1,2,0.102325,0.183761
295,1544,0,-1,294,-1,-1,0,0,0,0
296,1986,0.142303,1,294,-1,297,0,1,0,0.284606
297,1030,0,1,296,-1,-1,0,0,0,0
298,1612,0.222674,1,283,299,305,6,8,0.222056,0.231227
299,1395,0.193568,-1,298,300,302,2,3,0.175538,0.211598
300,1940,0.0512689,-1,299,-1,301,0,1,0,0.102538
301,1131,0,1,300,-1,-1,0,0,0,0
302,1589,0.0827293,1,299,-1,303,0,2,0,0.193727
303,1121,0.106998,1,302,-1,304,0,1,0,0.213995
304,1703,0,1,303,-1,-1,0,0,0,0
305,1621,0.210194,1,298,306,309,3,4,0.194786,0.225601
306,1438,0.104615,-1,305,-1,307,0,2,0,0.207705
307,1957,0.0578343,1,306,-1,308,0,1,0,0.115669
308,1798,0,1,307,-1,-1,0,0,0,0
309,1119,0.196925,1,305,310,311,1,2,0.175434,0.218417
310,1195,0,-1,309,-1,-1,0,0,0,0
311,1229,0.0130507,1,309,-1,312,0,1,0,0.0261014
312,1059,0,1,311,-1,-1,0,0,0,0
313,1191,0.818035,1,252,314,344,30,31,0.801001,0.835069
314,1749,0.579546,-1,313,315,329,14,15,0.567745,0.591348
315,1811,0.214022,-1,314,316,322,6,7,0.204761,0.223282
316,1275,0.144734,-1,315,317,319,2,3,0.0545597,0.234908
317,1326,0.0032877,-1,316,-1,318,0,1,0,0.0065754
318,1555,0,1,317,-1,-1,0,0,0,0
319,1179,0.0785009,1,316,-1,320,0,2,0,0.111255
320,1357,0.0777702,1,319,-1,321,0,1,0,0.15554
321,1470,0,1,320,-1,-1,0,0,0,0
322,1558,0.416566,1,315,323,325,2,4,0.120253,0.42052
323,1105,0.00894834,-1,322,-1,324,0,1,0,0.0178967
324,1080,0,1,323,-1,-1,0,0,0,0
325,1108,0.0716739,1,322,326,327,1,2,0.0106324,0.132715
326,1178,0,-1,325,-1,-1,0,0,0,0
327,1532,0.0851477,1,325,-1,328,0,1,0,0.170295
328,1443,0,1,327,-1,-1,0,0,0,0
329,1664,0.134771,1,314,330,336,6,8,0.134322,0.135403
330,1327,0.0770775,-1,329,331,333,2,3,0.0768221,0.077333
331,1363,0.0578445,-1,330,-1,332,0,1,0,0.115689
332,1141,0,1,331,-1,-1,0,0,0,0
333,1557,0.123986,1,330,-1,334,0,2,0,0.12854
334,1546,0.0407449,1,333,-1,335,0,1,0,0.0814898
335,1953,0,1,334,-1,-1,0,0,0,0
336,1726,0.233946,1,329,337,340,3,4,0.220646,0.247246
337,1305,0.151883,-1,336,-1,338,0,2,0,0.208551
338,1349,0.0720745,1,337,-1,339,0,1,0,0.144149
339,1493,0,1,338,-1,-1,0,0,0,0
340,1958,0.0768439,1,336,341,342,1,2,0.0155537,0.138134
341,1482,0,-1,340,-1,-1,0,0,0,0
342,1479,0.00631164,1,340,-1,343,0,1,0,0.0126233
343,1086,0,1,342,-1,-1,0,0,0,0
344,1330,0.211976,1,313,345,359,14,16,0.210076,0.218167
345,1507,0.197708,-1,344,346,352,6,7,0.192543,0.202873
346,1009,0.221864,-1,345,347,349,2,3,0.199554,0.244174
347,1014,0.073172,-1,346,-1,348,0,1,0,0.146344
348,1111,0,1,347,-1,-1,0,0,0,0
349,1365,0.0179653,1,346,-1,350,0,2,0,0.0777493
350,1172,0.0415543,1,349,-1,351,0,1,0,0.0831087
351,1519,0,1,350,-1,-1,0,0,0,0
352,1990,0.249425,1,345,353,355,2,4,0.214738,0.278585
353,1398,0.125146,-1,352,-1,354,0,1,0,0.250291
354,1456,0,1,353,-1,-1,0,0,0,0
355,1528,0.0618604,1,352,356,357,1,2,0.03226,0.0914608
356,1757,0,-1,355,-1,-1,0,0,0,0
357,1483,0.0415781,1,355,-1,358,0,1,0,0.0831562
358,1663,0,1,357,-1,-1,0,0,0,0
359,1477,0.404237,1,344,360,367,7,8,0.382631,0.425843
360,1299,0.080667,-1,359,361,363,2,4,0.071619,0.197545
361,1745,0.0269737,-1,360,-1,362,0,1,0,0.0539473
362,1861,0,1,361,-1,-1,0,0,0,0
363,1675,0.0976867,1,360,364,365,1,2,0.0709357,0.124438
364,1495,0,-1,363,-1,-1,0,0,0,0
365,1600,0.212764,1,363,-1,366,0,1,0,0.425528
366,1630,0,1,365,-1,-1,0,0,0,0
367,1099,0.109156,1,359,368,371,3,4,0.105411,0.112901
368,1995,0.0283935,-1,367,-1,369,0,2,0,0.101893
369,1915,0.0598347,1,368,-1,370,0,1,0,0.119669
370,1560,0,1,369,-1,-1,0,0,0,0
371,1353,0.0601533,1,367,372,373,1,2,0.0504756,0.069831
372,1304,0,-1,371,-1,-1,0,0,0,0
373,1471,0.155874,1,371,-1,374,0,1,0,0.311747
374,1629,0,1,373,-1,-1,0,0,0,0
375,1530,0.850194,1,251,376,437,61,63,0.822662,0.855451
376,1018,0.466757,-1,375,377,406,29,31,0.462883,0.471141
377,1988,0.286633,-1,376,378,391,13,15,0.272577,0.315245
378,1153,0.253253,-1,377,379,384,5,7,0.215955,0.263478
379,1227,0.199413,-1,378,380,381,1,3,0.132568,0.266373
380,1476,0,-1,379,-1,-1,0,0,0,0
381,1338,0.0918974,1,379,-1,382,0,2,0,0.115221
382,1604,0.0132368,1,381,-1,383,0,1,0,0.0264736
383,1590,0,1,382,-1,-1,0,0,0,0
384,1223,0.158929,1,378,385,387,2,4,0.0928306,0.174577
385,1442,0.0341087,-1,384,-1,386,0,1,0,0.0682175
386,1577,0,1,385,-1,-1,0,0,0,0
387,1115,0.226271,1,384,388,389,1,2,0.18232,0.270223
388,1128,0,-1,387,-1,-1,0,0,0,0
389,1504,0.109733,1,387,-1,390,0,1,0,0.219465
390,1497,0,1,389,-1,-1,0,0,0,0
391,1887,0.311322,1,377,392,398,6,8,0.223538,0.397152
392,1428,0.175257,-1,391,393,395,2,3,0.1229,0.227613
393,1144,0.0549766,-1,392,-1,394,0,1,0,0.109953
394,1903,0,1,393,-1,-1,0,0,0,0
395,1269,0.0884326,1,392,-1,396,0,2,0,0.159702
396,1069,0.0609044,1,395,-1,397,0,1,0,0.121809
397,1586,0,1,396,-1,-1,0,0,0,0
398,1272,0.109003,1,391,399,402,3,4,0.103266,0.11474
399,1399,0.0743806,-1,398,-1,400,0,2,0,0.180089
400,1367,0.0646094,1,399,-1,401,0,1,0,0.129219
401,1792,0,1,400,-1,-1,0,0,0,0
402,1445,0.304574,1,398,403,404,1,2,0.126699,0.482449
403,1627,0,-1,402,-1,-1,0,0,0,0
404,1270,0.0224529,1,402,-1,405,0,1,0,0.0449058
405,1931,0,1,404,-1,-1,0,0,0,0
406,1868,0.37526,1,376,407,421,14,16,0.350523,0.383943
407,1063,0.30399,-1,406,408,414,6,7,0.302147,0.305832
408,1817,0.0922872,-1,407,409,411,2,3,0.0704155,0.114159
409,1196,0.0288812,-1,408,-1,410,0,1,0,0.0577624
410,1550,0,1,409,-1,-1,0,0,0,0
411,1472,0.086336,1,408,-1,412,0,2,0,0.349355
412,1662,0.177883,1,411,-1,413,0,1,0,0.355765
413,1076,0,1,412,-1,-1,0,0,0,0
414,1283,0.149461,1,407,415,417,2,4,0.131027,0.156601
415,1478,0.0671863,-1,414,-1,416,0,1,0,0.134373
416,1869,0,1,415,-1,-1,0,0,0,0
417,1890,0.206905,1,414,418,419,1,2,0.11439,0.299421
418,1701,0,-1,417,-1,-1,0,0,0,0
419,1962,0.301443,1,417,-1,420,0,1,0,0.602887
420,1067,0,1,419,-1,-1,0,0,0,0
421,1068,0.800931,1,406,422,429,7,8,0.782841,0.81902
422,1636,0.220876,-1,421,423,425,2,4,0.202063,0.85847
423,1850,0.0223069,-1,422,-1,424,0,1,0,0.0446139
424,1540,0,1,423,-1,-1,0,0,0,0
425,1967,0.233498,1,422,426,427,1,2,0.127433,0.339564
426,1469,0,-1,425,-1,-1,0,0,0,0
427,1571,0.406403,1,425,-1,428,0,1,0,0.812806
428,1238,0,1,427,-1,-1,0,0,0,0
429,1156,0.617132,1,421,430,433,3,4,0.616604,0.617661
430,1202,0.275117,-1,429,-1,431,0,2,0,0.320687
431,1949,0.0589219,1,430,-1,432,0,1,0,0.117844
432,1898,0,1,431,-1,-1,0,0,0,0
433,1361,0.111793,1,429,434,435,1,2,0.101302,0.122285
434,1459,0,-1,433,-1,-1,0,0,0,0
435,1412,0.0706727,1,433,-1,436,0,1,0,0.141345
436,1918,0,1,435,-1,-1,0,0,0,0
437,1372,1.75581,1,375,438,468,30,32,1.75358,1.76864
438,1799,0.758833,-1,437,439,453,14,15,0.73461,0.783056
439,1117,0.457586,-1,438,440,446,6,7,0.446736,0.468436
440,1520,0.092603,-1,439,441,443,2,3,0.0842567,0.100949
441,1565,0.062337,-1,440,-1,442,0,1,0,0.124674
442,1727,0,1,441,-1,-1,0,0,0,0
443,1127,0.0803866,1,440,-1,444,0,2,0,0.460104
444,1921,0.263835,1,443,-1,445,0,1,0,0.52767
445,1977,0,1,444,-1,-1,0,0,0,0
446,1346,0.290962,1,439,447,449,2,4,0.19136,0.457615
447,1807,0.0496934,-1,446,-1,448,0,1,0,0.0993869
448,1779,0,1,447,-1,-1,0,0,0,0
449,1806,0.429898,1,446,450,451,1,2,0.136971,0.722825
450,1444,0,-1,449,-1,-1,0,0,0,0
451,1013,0.277504,1,449,-1,452,0,1,0,0.555007
452,1129,0,1,451,-1,-1,0,0,0,0
453,1831,1.32349,1,438,454,460,6,8,1.2253,1.51297
454,1026,0.875486,-1,453,455,457,2,3,0.863538,0.887433
455,1770,0.457806,-1,454,-1,456,0,1,0,0.915613
456,1355,0,1,455,-1,-1,0,0,0,0
457,1968,0.0443397,1,454,-1,458,0,2,0,0.310833
458,1152,0.13589,1,457,-1,459,0,1,0,0.27178
459,1203,0,1,458,-1,-1,0,0,0,0
460,1019,0.204643,1,453,461,464,3,4,0.177154,0.232132
461,1244,0.0281683,-1,460,-1,462,0,2,0,0.17303
462,1341,0.0726893,1,461,-1,463,0,1,0,0.145379
463,1458,0,1,462,-1,-1,0,0,0,0
464,1332,0.239757,1,460,465,466,1,2,0.114727,0.364788
465,1859,0,-1,464,-1,-1,0,0,0,0
466,1844,0.171385,1,464,-1,467,0,1,0,0.342769
467,1876,0,1,466,-1,-1,0,0,0,0
468,1602,0.577131,1,437,469,484,15,16,0.567187,0.587074
469,1010,0.286687,-1,468,470,476,6,8,0.265965,0.316999
470,1689,0.175988,-1,469,471,473,2,3,0.102861,0.249115
471,1751,0.0534883,-1,470,-1,472,0,1,0,0.106977
472,1370,0,1,471,-1,-1,0,0,0,0
473,1165,0.171498,1,470,-1,474,0,2,0,0.192571
474,1281,0.116622,1,473,-1,475,0,1,0,0.233244
475,1697,0,1,474,-1,-1,0,0,0,0
476,1354,0.179999,1,469,477,480,3,4,0.145065,0.214934
477,1860,0.0651443,-1,476,-1,478,0,2,0,0.184108
478,1077,0.0636631,1,477,-1,479,0,1,0,0.127326
479,1658,0,1,478,-1,-1,0,0,0,0
480,1851,0.437452,1,476,481,482,1,2,0.165633,0.70927
481,1090,0,-1,480,-1,-1,0,0,0,0
482,1393,0.0551343,1,480,-1,483,0,1,0,0.110269
483,1981,0,1,482,-1,-1,0,0,0,0
484,1552,0.214788,1,468,485,492,7,8,0.209122,0.220453
485,1112,0.0763199,-1,484,486,488,2,4,0.069368,0.156098
486,1620,0.0594882,-1,485,-1,487,0,1,0,0.118976
487,1274,0,1,486,-1,-1,0,0,0,0
488,1592,0.101628,1,485,489,490,1,2,0.0855061,0.11775
489,1789,0,-1,488,-1,-1,0,0,0,0
490,1386,0.0285951,1,488,-1,491,0,1,0,0.0571903
491,1696,0,1,490,-1,-1,0,0,0,0
492,1489,1.05736,1,484,493,496,3,4,0.870049,1.24466
493,1638,0.745424,-1,492,-1,494,0,2,0,0.97046
494,1758,0.151662,1,493,-1,495,0,1,0,0.303325
495,1043,0,1,494,-1,-1,0,0,0,0
496,1925,0.0714328,1,492,497,498,1,2,0.0549576,0.087908
497,1066,0,-1,496,-1,-1,0,0,0,0
498,1206,0.0679286,1,496,-1,499,0,1,0,0.135857
499,1646,0,1,498,-1,-1,0,0,0,0
500,1797,2.07809,1,1,501,750,249,250,2.07646,2.07972
501,1124,1.227,-1,500,502,625,123,125,1.2258,1.2359
502,1192,0.806774,-1,501,503,563,60,62,0.784171,0.816125
503,1619,0.457338,-1,502,504,533,29,30,0.429718,0.484958
504,1297,0.31578,-1,503,505,518,13,15,0.311851,0.316777
505,1024,0.257955,-1,504,506,511,5,7,0.210633,0.262036
506,1189,0.183294,-1,505,507,508,1,3,0.115721,0.225694
507,1593,0,-1,506,-1,-1,0,0,0,0
508,1614,0.0978416,1,506,-1,509,0,2,0,0.26361
509,1093,0.144951,1,508,-1,510,0,1,0,0.289901
510,1922,0,1,509,-1,-1,0,0,0,0
511,1184,0.0681556,1,505,512,514,2,4,0.0658006,0.107203
512,1523,0.0270364,-1,511,-1,513,0,1,0,0.0540728
513,1120,0,1,512,-1,-1,0,0,0,0
514,1257,0.0732051,1,511,515,516,1,2,0.046731,0.0996793
515,1992,0,-1,514,-1,-1,0,0,0,0
516,1109,0.219446,1,514,-1,517,0,1,0,0.438892
517,1265,0,1,516,-1,-1,0,0,0,0
518,1434,0.420192,1,504,519,525,6,8,0.402837,0.43535
519,1599,0.18524,-1,518,520,522,2,3,0.115991,0.254489
520,1857,0.0772594,-1,519,-1,521,0,1,0,0.154519
521,1900,0,1,520,-1,-1,0,0,0,0
522,1427,0.156424,1,519,-1,523,0,2,0,0.266312
523,1188,0.0747457,1,522,-1,524,0,1,0,0.149491
524,1611,0,1,523,-1,-1,0,0,0,0
525,1490,0.136943,1,518,526,529,3,4,0.133487,0.140398
526,1980,0.100243,-1,525,-1,527,0,2,0,0.119068
527,1081,0.0447499,1,526,-1,528,0,1,0,0.0894998
528,1754,0,1,527,-1,-1,0,0,0,0
529,1637,0.148135,1,525,530,531,1,2,0.107341,0.18893
530,1437,0,-1,529,-1,-1,0,0,0,0
531,1037,0.082078,1,529,-1,532,0,1,0,0.164156
532,1597,0,1,531,-1,-1,0,0,0,0
533,1038,0.81659,1,503,534,548,14,15,0.814547,0.818633
534,1016,0.26266,-1,533,535,541,6,7,0.228501,0.296818
535,1169,0.0504003,-1,534,536,538,2,3,0.044068,0.0567327
536,1653,0.00606931,-1,535,-1,537,0,1,0,0.0121386
537,1162,0,1,536,-1,-1,0,0,0,0
538,1473,0.256832,1,535,-1,539,0,2,0,0.309868
539,1079,0.0564585,1,538,-1,540,0,1,0,0.112917
540,1373,0,1,539,-1,-1,0,0,0,0
541,1596,0.112548,1,534,542,544,2,4,0.0313558,0.212219
542,1092,0.00980022,-1,541,-1,543,0,1,0,0.0196004
543,1419,0,1,542,-1,-1,0,0,0,0
544,1414,0.0856492,1,541,545,546,1,2,0.0685863,0.102712
545,1282,0,-1,544,-1,-1,0,0,0,0
546,1765,0.111711,1,544,-1,547,0,1,0,0.223423
547,1934,0,1,546,-1,-1,0,0,0,0
548,1460,0.28377,1,533,549,555,6,8,0.261408,0.32817
549,1826,0.157483,-1,548,550,552,2,3,0.14658,0.168387
550,1791,0.0664091,-1,549,-1,551,0,1,0,0.132818
551,1280,0,1,550,-1,-1,0,0,0,0
552,1406,0.0303953,1,549,-1,553,0,2,0,0.0509908
553,1516,0.0256024,1,552,-1,554,0,1,0,0.0512047
554,1379,0,1,553,-1,-1,0,0,0,0
555,1287,0.356235,1,548,556,559,3,4,0.314022,0.398448
556,1266,0.0709342,-1,555,-1,557,0,2,0,0.24431
557,1505,0.0867868,1,556,-1,558,0,1,0,0.173574
558,1738,0,1,557,-1,-1,0,0,0,0
559,1818,0.108738,1,555,560,561,1,2,0.0948051,0.122671
560,1433,0,-1,559,-1,-1,0,0,0,0
561,1310,0.0752063,1,559,-1,562,0,1,0,0.150413
562,1083,0,1,561,-1,-1,0,0,0,0
563,1177,0.41104,1,502,564,594,30,31,0.404892,0.417189
564,1136,0.339448,-1,563,565,579,14,15,0.338568,0.340328
565,1078,0.269438,-1,564,566,572,6,7,0.264615,0.27426
566,1157,0.18517,-1,565,567,569,2,3,0.180566,0.189774
567,1154,0.0944592,-1,566,-1,568,0,1,0,0.188918
568,1048,0,1,567,-1,-1,0,0,0,0
569,1167,0.418655,1,566,-1,570,0,2,0,0.443623
570,1781,0.0271106,1,569,-1,571,0,1,0,0.0542212
571,1513,0,1,570,-1,-1,0,0,0,0
572,1008,0.120072,1,565,573,575,2,4,0.113162,0.12792
573,1984,0.0744774,-1,572,-1,574,0,1,0,0.148955
574,1102,0,1,573,-1,-1,0,0,0,0
575,1983,0.248271,1,572,576,577,1,2,0.0745593,0.421984
576,1832,0,-1,575,-1,-1,0,0,0,0
577,1350,0.0270225,1,575,-1,578,0,1,0,0.054045
578,1808,0,1,577,-1,-1,0,0,0,0
579,1775,0.286904,1,564,580,586,6,8,0.274504,0.290832
580,1170,0.227327,-1,579,581,583,2,3,0.179762,0.274893
581,1650,0.0395281,-1,580,-1,582,0,1,0,0.0790562
582,1626,0,1,581,-1,-1,0,0,0,0
583,1902,0.165957,1,580,-1,584,0,2,0,0.277978
584,1998,0.125248,1,583,-1,585,0,1,0,0.250495
585,1693,0,1,584,-1,-1,0,0,0,0
586,1122,0.36894,1,579,587,590,3,4,0.222439,0.515442
587,1914,0.151273,-1,586,-1,588,0,2,0,0.158781
588,1881,0.0179715,1,587,-1,589,0,1,0,0.035943
589,1684,0,1,588,-1,-1,0,0,0,0
590,1194,0.126637,1,586,591,592,1,2,0.12236,0.130915
591,1951,0,-1,590,-1,-1,0,0,0,0
592,1539,0.0458377,1,590,-1,593,0,1,0,0.0916754
593,1852,0,1,592,-1,-1,0,0,0,0
594,1148,0.930021,1,563,595,609,14,16,0.908282,0.980904
595,1241,0.484425,-1,594,596,602,6,7,0.452453,0.516396
596,1095,0.410045,-1,595,597,599,2,3,0.372095,0.447994
597,1233,0.369113,-1,596,-1,598,0,1,0,0.738226
598,1743,0,1,597,-1,-1,0,0,0,0
599,1814,0.723668,1,596,-1,600,0,2,0,0.726126
600,1521,0.014025,1,599,-1,601,0,1,0,0.02805
601,1204,0,1,600,-1,-1,0,0,0,0
602,1450,0.969829,1,595,603,605,2,4,0.753243,1.05994
603,1212,0.132742,-1,602,-1,604,0,1,0,0.265483
604,1796,0,1,603,-1,-1,0,0,0,0
605,1087,0.109171,1,602,606,607,1,2,0.0641134,0.15423
606,1920,0,-1,605,-1,-1,0,0,0,0
607,1939,0.132608,1,605,-1,608,0,1,0,0.265215
608,1937,0,1,607,-1,-1,0,0,0,0
609,1133,0.838272,1,594,610,617,7,8,0.825853,0.85069
610,1085,0.225062,-1,609,611,613,2,4,0.167704,0.935381
611,1455,0.0161232,-1,610,-1,612,0,1,0,0.0322465
612,1100,0,1,611,-1,-1,0,0,0,0
613,1383,0.235065,1,610,614,615,1,2,0.177741,0.29239
614,1358,0,-1,613,-1,-1,0,0,0,0
615,1624,0.442834,1,613,-1,616,0,1,0,0.885668
616,1683,0,1,615,-1,-1,0,0,0,0
617,1439,0.20818,1,609,618,621,3,4,0.167447,0.248913
618,1142,0.110031,-1,617,-1,619,0,2,0,0.140304
619,1631,0.0617726,1,618,-1,620,0,1,0,0.123545
620,1239,0,1,619,-1,-1,0,0,0,0
621,1143,0.553956,1,617,622,623,1,2,0.488905,0.619007
622,1075,0,-1,621,-1,-1,0,0,0,0
623,1404,0.00658319,1,621,-1,624,0,1,0,0.0131664
624,1932,0,1,623,-1,-1,0,0,0,0
625,1103,0.504593,1,501,626,687,61,63,0.50437,0.506221
626,1576,0.489662,-1,625,627,656,29,31,0.475637,0.49193
627,1213,0.337539,-1,626,628,641,13,15,0.337486,0.370529
628,1501,0.221217,-1,627,629,634,5,7,0.171341,0.235932
629,1534,0.118994,-1,628,630,631,1,3,0.0426158,0.136166
630,1210,0,-1,629,-1,-1,0,0,0,0
631,1969,0.140368,1,629,-1,632,0,2,0,0.167361
632,1736,0.0136485,1,631,-1,633,0,1,0,0.027297
633,1464,0,1,632,-1,-1,0,0,0,0
634,1316,0.236113,1,628,635,637,2,4,0.188023,0.262588
635,1813,0.011309,-1,634,-1,636,0,1,0,0.022618
636,1710,0,1,635,-1,-1,0,0,0,0
637,1208,0.11516,1,634,638,639,1,2,0.114584,0.115736
638,1667,0,-1,637,-1,-1,0,0,0,0
639,1888,0.112494,1,637,-1,640,0,1,0,0.224989
640,1224,0,1,639,-1,-1,0,0,0,0
641,1000,0.178378,1,627,642,648,6,8,0.132899,0.17895
642,1899,0.145312,-1,641,643,645,2,3,0.128535,0.162089
643,1668,0.083075,-1,642,-1,644,0,1,0,0.16615
644,1446,0,1,643,-1,-1,0,0,0,0
645,1382,0.14771,1,642,-1,646,0,2,0,0.237466
646,1755,0.0647929,1,645,-1,647,0,1,0,0.129586
647,1978,0,1,646,-1,-1,0,0,0,0
648,1866,0.156597,1,641,649,652,3,4,0.151888,0.161306
649,1699,0.0979089,-1,648,-1,650,0,2,0,0.168029
650,1782,0.0735536,1,649,-1,651,0,1,0,0.147107
651,1390,0,1,650,-1,-1,0,0,0,0
652,1289,0.390647,1,648,653,654,1,2,0.352544,0.428751
653,1821,0,-1,652,-1,-1,0,0,0,0
654,1722,0.0680174,1,652,-1,655,0,1,0,0.136035
655,1302,0,1,654,-1,-1,0,0,0,0
656,1447,0.469621,1,626,657,671,14,16,0.453243,0.496336
657,1773,0.215557,-1,656,658,664,6,7,0.210845,0.220269
658,1761,0.166259,-1,657,659,661,2,3,0.163315,0.169203
659,1989,0.021926,-1,658,-1,660,0,1,0,0.0438519
660,1045,0,1,659,-1,-1,0,0,0,0
661,1772,0.149921,1,658,-1,662,0,2,0,0.194694
662,1246,0.123253,1,661,-1,663,0,1,0,0.246507
663,1583,0,1,662,-1,-1,0,0,0,0
664,1837,0.144942,1,657,665,667,2,4,0.0874415,0.179797
665,1033,0.0530798,-1,664,-1,666,0,1,0,0.10616
666,1449,0,1,665,-1,-1,0,0,0,0
667,1029,0.224544,1,664,668,669,1,2,0.188547,0.260541
668,1672,0,-1,667,-1,-1,0,0,0,0
669,1933,0.160408,1,667,-1,670,0,1,0,0.320817
670,1719,0,1,669,-1,-1,0,0,0,0
671,1389,0.190725,1,656,672,679,7,8,0.188473,0.192977
672,1622,0.0746669,-1,671,673,675,2,4,0.0679105,0.226263
673,1828,0.0429361,-1,672,-1,674,0,1,0,0.0858721
674,1725,0,1,673,-1,-1,0,0,0,0
675,1161,0.199295,1,672,676,677,1,2,0.15674,0.241849
676,1492,0,-1,675,-1,-1,0,0,0,0
677,1839,0.022929,1,675,-1,678,0,1,0,0.0458579
678,1688,0,1,677,-1,-1,0,0,0,0
679,1542,0.350664,1,671,680,683,3,4,0.334989,0.366339
680,1329,0.199243,-1,679,-1,681,0,2,0,0.522778
681,1512,0.171845,1,680,-1,682,0,1,0,0.34369
682,1916,0,1,681,-1,-1,0,0,0,0
683,1551,0.173747,1,679,684,685,1,2,0.164372,0.183122
684,1522,0,-1,683,-1,-1,0,0,0,0
685,1842,0.373607,1,683,-1,686,0,1,0,0.747215
686,1924,0,1,685,-1,-1,0,0,0,0
687,1972,0.897067,1,625,688,718,30,32,0.894509,0.932178
688,1835,0.981441,-1,687,689,703,14,15,0.953203,1.00968
689,1197,0.350728,-1,688,690,696,6,7,0.335298,0.366158
690,1362,0.187643,-1,689,691,693,2,3,0.187047,0.188238
691,1615,0.066658,-1,690,-1,692,0,1,0,0.133316
692,1944,0,1,691,-1,-1,0,0,0,0
693,1417,0.389559,1,690,-1,694,0,2,0,0.549166
694,1255,0.0804919,1,693,-1,695,0,1,0,0.160984
695,1146,0,1,694,-1,-1,0,0,0,0
696,1348,0.552647,1,689,697,699,2,4,0.250423,0.612223
697,1894,0.0850816,-1,696,-1,698,0,1,0,0.170163
698,1317,0,1,697,-1,-1,0,0,0,0
699,1264,0.0428474,1,696,700,701,1,2,0.0415126,0.0441823
700,1788,0,-1,699,-1,-1,0,0,0,0
701,1291,0.049616,1,699,-1,702,0,1,0,0.0992321
702,1273,0,1,701,-1,-1,0,0,0,0
703,1185,0.466333,1,688,704,710,6,8,0.454261,0.542778
704,1259,0.354532,-1,703,705,707,2,3,0.302675,0.406389
705,1340,0.196108,-1,704,-1,706,0,1,0,0.392216
706,1568,0,1,705,-1,-1,0,0,0,0
707,1610,0.0948494,1,704,-1,708,0,2,0,0.245283
708,1747,0.0835878,1,707,-1,709,0,1,0,0.167176
709,1284,0,1,708,-1,-1,0,0,0,0
710,1339,0.384786,1,703,711,714,3,4,0.324574,0.444997
711,1400,0.216535,-1,710,-1,712,0,2,0,0.42275
712,1533,0.297851,1,711,-1,713,0,1,0,0.595702
713,1418,0,1,712,-1,-1,0,0,0,0
714,1441,0.102425,1,710,715,716,1,2,0.0997072,0.105142
715,1487,0,-1,714,-1,-1,0,0,0,0
716,1649,0.478668,1,714,-1,717,0,1,0,0.957337
717,1863,0,1,716,-1,-1,0,0,0,0
718,1164,1.60597,1,687,719,734,15,16,1.60327,1.60867
719,1388,1.0959,-1,718,720,726,6,8,1.00837,1.44124
720,1235,0.589197,-1,719,721,723,2,3,0.446629,0.731765
721,1306,0.353427,-1,720,-1,722,0,1,0,0.706853
722,1974,0,1,721,-1,-1,0,0,0,0
723,1509,0.0985187,1,720,-1,724,0,2,0,0.839945
724,1462,0.387922,1,723,-1,725,0,1,0,0.775845
725,1025,0,1,724,-1,-1,0,0,0,0
726,1007,0.540734,1,719,727,730,3,4,0.528358,0.553111
727,1474,0.116401,-1,726,-1,728,0,2,0,0.987252
728,1300,0.439503,1,727,-1,729,0,1,0,0.879006
729,1051,0,1,728,-1,-1,0,0,0,0
730,1633,0.759983,1,726,731,732,1,2,0.617603,0.902363
731,1623,0,-1,730,-1,-1,0,0,0,0
732,1760,0.068191,1,730,-1,733,0,1,0,0.136382
733,1190,0,1,732,-1,-1,0,0,0,0
734,1849,0.927649,1,718,735,742,7,8,0.870915,0.984383
735,1011,0.902752,-1,734,736,738,2,4,0.261185,1.03778
736,1247,0.0213446,-1,735,-1,737,0,1,0,0.0426892
737,1220,0,1,736,-1,-1,0,0,0,0
738,1401,0.306551,1,735,739,740,1,2,0.261255,0.351847
739,1654,0,-1,738,-1,-1,0,0,0,0
740,1936,0.0675218,1,738,-1,741,0,1,0,0.135044
741,1595,0,1,740,-1,-1,0,0,0,0
742,1514,0.116495,1,734,743,746,3,4,0.100357,0.132633
743,1526,0.139802,-1,742,-1,744,0,2,0,0.149099
744,1690,0.0493554,1,743,-1,745,0,1,0,0.0987108
745,1096,0,1,744,-1,-1,0,0,0,0
746,1985,1.1032,1,742,747,748,1,2,0.133838,2.07257
747,1518,0,-1,746,-1,-1,0,0,0,0
748,1166,0.475816,1,746,-1,749,0,1,0,0.951632
749,1160,0,1,748,-1,-1,0,0,0,0
750,1802,1.57831,1,500,751,875,124,125,1.57492,1.5817
751,1394,0.832779,-1,750,752,813,61,62,0.825151,0.840406
752,1508,0.543454,-1,751,753,782,29,31,0.520597,0.553859
753,1323,0.261026,-1,752,754,767,13,15,0.260771,0.281385
754,1199,0.165665,-1,753,755,760,5,7,0.13883,0.188218
755,1242,0.0983371,-1,754,756,757,1,3,0.0552472,0.138377
756,1838,0,-1,755,-1,-1,0,0,0,0
757,1987,0.0599464,1,755,-1,758,0,2,0,0.104318
758,1301,0.0657615,1,757,-1,759,0,1,0,0.131523
759,1411,0,1,758,-1,-1,0,0,0,0
760,1207,0.0960432,1,754,761,763,2,4,0.0902878,0.142286
761,1032,0.0706613,-1,760,-1,762,0,1,0,0.141323
762,1794,0,1,761,-1,-1,0,0,0,0
763,1457,0.269274,1,760,764,765,1,2,0.219094,0.319453
764,1335,0,-1,763,-1,-1,0,0,0,0
765,1847,0.0790906,1,763,-1,766,0,1,0,0.158181
766,1017,0,1,765,-1,-1,0,0,0,0
767,1681,0.203649,1,753,768,774,6,8,0.157565,0.274692
768,1312,0.10216,-1,767,769,771,2,3,0.0684838,0.135837
769,1768,0.0540721,-1,768,-1,770,0,1,0,0.108144
770,1999,0,1,769,-1,-1,0,0,0,0
771,1466,0.139687,1,768,-1,772,0,2,0,0.260472
772,1174,0.0705054,1,771,-1,773,0,1,0,0.141011
773,1864,0,1,772,-1,-1,0,0,0,0
774,1756,0.228142,1,767,775,778,3,4,0.225794,0.23049
775,1707,0.0674214,-1,774,-1,776,0,2,0,0.202347
776,1046,0.133844,1,775,-1,777,0,1,0,0.267689
777,1840,0,1,776,-1,-1,0,0,0,0
778,1882,0.0606911,1,774,779,780,1,2,0.0389432,0.082439
779,1893,0,-1,778,-1,-1,0,0,0,0
780,1584,0.280819,1,778,-1,781,0,1,0,0.561638
781,1671,0,1,780,-1,-1,0,0,0,0
782,1267,0.483523,1,752,783,797,14,16,0.474399,0.493494
783,1318,0.236767,-1,782,784,790,6,7,0.231436,0.242097
784,1320,0.219652,-1,783,785,787,2,3,0.208652,0.230653
785,1371,0.0776311,-1,784,-1,786,0,1,0,0.155262
786,1748,0,1,785,-1,-1,0,0,0,0
787,1746,0.0212803,1,784,-1,788,0,2,0,0.150455
788,1905,0.0658436,1,787,-1,789,0,1,0,0.131687
789,1750,0,1,788,-1,-1,0,0,0,0
790,1183,0.184631,1,783,791,793,2,4,0.129992,0.300484
791,1644,0.026163,-1,790,-1,792,0,1,0,0.052326
792,1971,0,1,791,-1,-1,0,0,0,0
793,1396,0.0689843,1,790,794,795,1,2,0.0109838,0.126985
794,1803,0,-1,793,-1,-1,0,0,0,0
795,1564,0.0622059,1,793,-1,796,0,1,0,0.124412
796,1721,0,1,795,-1,-1,0,0,0,0
797,1041,0.482661,1,782,798,805,7,8,0.457774,0.507548
798,1015,0.381865,-1,797,799,801,2,4,0.124304,0.442799
799,1139,0.0365224,-1,798,-1,800,0,1,0,0.0730448
800,1771,0,1,799,-1,-1,0,0,0,0
801,1554,0.200379,1,798,802,803,1,2,0.0820135,0.318745
802,1452,0,-1,801,-1,-1,0,0,0,0
803,1216,0.0644985,1,801,-1,804,0,1,0,0.128997
804,1175,0,1,803,-1,-1,0,0,0,0
805,1113,0.234155,1,797,806,809,3,4,0.232499,0.235811
806,1150,0.126647,-1,805,-1,807,0,2,0,0.194328
807,1538,0.0367538,1,806,-1,808,0,1,0,0.0735075
808,1734,0,1,807,-1,-1,0,0,0,0
809,1935,0.239887,1,805,810,811,1,2,0.1259,0.353874
810,1634,0,-1,809,-1,-1,0,0,0,0
811,1036,0.156397,1,809,-1,812,0,1,0,0.312795
812,1963,0,1,811,-1,-1,0,0,0,0
813,1276,1.89524,1,751,814,844,30,31,1.89213,1.89834
814,1132,0.698563,-1,813,815,829,14,15,0.697805,0.699321
815,1774,0.570969,-1,814,816,822,6,7,0.546856,0.595081
816,1268,0.3579,-1,815,817,819,2,3,0.196908,0.518891
817,1529,0.069349,-1,816,-1,818,0,1,0,0.138698
818,1606,0,1,817,-1,-1,0,0,0,0
819,1409,0.469602,1,816,-1,820,0,2,0,0.53012
820,1601,0.0456161,1,819,-1,821,0,1,0,0.0912322
821,1047,0,1,820,-1,-1,0,0,0,0
822,1819,0.206797,1,815,823,825,2,4,0.157894,0.283538
823,1039,0.0450805,-1,822,-1,824,0,1,0,0.0901611
824,1431,0,1,823,-1,-1,0,0,0,0
825,1956,0.639612,1,822,826,827,1,2,0.403295,0.87593
826,1123,0,-1,825,-1,-1,0,0,0,0
827,1056,0.090856,1,825,-1,828,0,1,0,0.181712
828,1042,0,1,827,-1,-1,0,0,0,0
829,1325,0.645254,1,814,830,836,6,8,0.604591,0.694619
830,1020,0.471494,-1,829,831,833,2,3,0.446397,0.496591
831,1535,0.0934673,-1,830,-1,832,0,1,0,0.186935
832,1700,0,1,831,-1,-1,0,0,0,0
833,1695,0.0812463,1,830,-1,834,0,2,0,0.618956
834,1708,0.340788,1,833,-1,835,0,1,0,0.681575
835,1901,0,1,834,-1,-1,0,0,0,0
836,1110,1.41845,1,829,837,840,3,4,1.40639,1.4305
837,1426,0.657887,-1,836,-1,838,0,2,0,0.685129
838,1556,0.417893,1,837,-1,839,0,1,0,0.835786
839,1002,0,1,838,-1,-1,0,0,0,0
840,1465,0.686562,1,836,841,842,1,2,0.456343,0.916781
841,1848,0,-1,840,-1,-1,0,0,0,0
842,1562,0.0701073,1,840,-1,843,0,1,0,0.140215
843,1322,0,1,842,-1,-1,0,0,0,0
844,1225,0.478056,1,813,845,859,14,16,0.459106,0.532034
845,1793,0.466443,-1,844,846,852,6,7,0.45869,0.474195
846,1151,0.25215,-1,845,847,849,2,3,0.243925,0.260375
847,1222,0.0579105,-1,846,-1,848,0,1,0,0.115821
848,1897,0,1,847,-1,-1,0,0,0,0
849,1964,0.216512,1,846,-1,850,0,2,0,0.52486
850,1712,0.180204,1,849,-1,851,0,1,0,0.360407
851,1575,0,1,850,-1,-1,0,0,0,0
852,1328,0.103281,1,845,853,855,2,4,0.0481117,0.136539
853,1062,0.0258476,-1,852,-1,854,0,1,0,0.0516952
854,1218,0,1,853,-1,-1,0,0,0,0
855,1928,0.0835637,1,852,856,857,1,2,0.0338486,0.133279
856,1643,0,-1,855,-1,-1,0,0,0,0
857,1960,0.153009,1,855,-1,858,0,1,0,0.306018
858,1088,0,1,857,-1,-1,0,0,0,0
859,1193,0.901457,1,844,860,867,7,8,0.900295,0.90262
860,1906,0.429041,-1,859,861,863,2,4,0.423412,0.433736
861,1652,0.0709738,-1,860,-1,862,0,1,0,0.141948
862,1996,0,1,861,-1,-1,0,0,0,0
863,1375,1.06582,1,860,864,865,1,2,0.980855,1.15079
864,1594,0,-1,863,-1,-1,0,0,0,0
865,1022,0.271517,1,863,-1,866,0,1,0,0.543034
866,1759,0,1,865,-1,-1,0,0,0,0
867,1360,0.269335,1,859,868,871,3,4,0.218774,0.319895
868,1186,0.347304,-1,867,-1,869,0,2,0,0.378923
869,1541,0.0674283,1,868,-1,870,0,1,0,0.134857
870,1895,0,1,869,-1,-1,0,0,0,0
871,1682,0.361513,1,867,872,873,1,2,0.298709,0.424317
872,1430,0,-1,871,-1,-1,0,0,0,0
873,1381,0.334461,1,871,-1,874,0,1,0,0.668923
874,1180,0,1,873,-1,-1,0,0,0,0
875,1716,2.33064,1,750,876,937,61,63,2.32855,2.33533
876,1303,0.604328,-1,875,877,906,29,31,0.583989,0.60695
877,1035,0.226364,-1,876,878,891,13,15,0.196396,0.231247
878,1345,0.111574,-1,877,879,884,5,7,0.086784,0.126021
879,1651,0.0367018,-1,878,880,881,1,3,0.0335405,0.0499976
880,1237,0,-1,879,-1,-1,0,0,0,0
881,1785,0.0135069,1,879,-1,882,0,2,0,0.0579507
882,1730,0.0326208,1,881,-1,883,0,1,0,0.0652416
883,1155,0,1,882,-1,-1,0,0,0,0
884,1116,0.239706,1,878,885,887,2,4,0.190171,0.251069
885,1930,0.0865941,-1,884,-1,886,0,1,0,0.173188
886,1581,0,1,885,-1,-1,0,0,0,0
887,1926,0.196101,1,884,888,889,1,2,0.195837,0.196366
888,1585,0,-1,887,-1,-1,0,0,0,0
889,1836,0.0218308,1,887,-1,890,0,1,0,0.0436615
890,1498,0,1,889,-1,-1,0,0,0,0
891,1454,0.355897,1,877,892,898,6,8,0.299983,0.46252
892,1965,0.144725,-1,891,893,895,2,3,0.0846378,0.204812
893,1324,0.0102629,-1,892,-1,894,0,1,0,0.0205259
894,1461,0,1,893,-1,-1,0,0,0,0
895,1221,0.144182,1,892,-1,896,0,2,0,0.152819
896,1378,0.0220882,1,895,-1,897,0,1,0,0.0441765
897,1342,0,1,896,-1,-1,0,0,0,0
898,1140,0.195689,1,891,899,902,3,4,0.191815,0.199563
899,1889,0.113681,-1,898,-1,900,0,2,0,0.15631
900,1656,0.023952,1,899,-1,901,0,1,0,0.047904
901,1290,0,1,900,-1,-1,0,0,0,0
902,1168,0.0927845,1,898,903,904,1,2,0.0856945,0.0998745
903,1907,0,-1,902,-1,-1,0,0,0,0
904,1369,0.0676219,1,902,-1,905,0,1,0,0.135244
905,1605,0,1,904,-1,-1,0,0,0,0
906,1853,0.615099,1,876,907,921,14,16,0.59223,0.684798
907,1993,0.388259,-1,906,908,914,6,7,0.290063,0.486455
908,1106,0.151296,-1,907,909,911,2,3,0.128233,0.174358
909,1296,0.0231137,-1,908,-1,910,0,1,0,0.0462275
910,1334,0,1,909,-1,-1,0,0,0,0
911,1126,0.0767918,1,908,-1,912,0,2,0,0.153829
912,1810,0.106216,1,911,-1,913,0,1,0,0.212431
913,1198,0,1,912,-1,-1,0,0,0,0
914,1496,0.376906,1,907,915,917,2,4,0.341709,0.381217
915,1855,0.0394595,-1,914,-1,916,0,1,0,0.078919
916,1947,0,1,915,-1,-1,0,0,0,0
917,1657,0.52014,1,914,918,919,1,2,0.310282,0.729998
918,1231,0,-1,917,-1,-1,0,0,0,0
919,1230,0.278173,1,917,-1,920,0,1,0,0.556347
920,1685,0,1,919,-1,-1,0,0,0,0
921,1214,0.391679,1,906,922,929,7,8,0.377098,0.406261
922,1253,0.179211,-1,921,923,925,2,4,0.114955,0.183959
923,1659,0.0416152,-1,922,-1,924,0,1,0,0.0832304
924,1285,0,1,923,-1,-1,0,0,0,0
925,1737,0.137557,1,922,926,927,1,2,0.040379,0.234735
926,1511,0,-1,925,-1,-1,0,0,0,0
927,1711,0.00928344,1,925,-1,928,0,1,0,0.0185669
928,1298,0,1,927,-1,-1,0,0,0,0
929,1049,0.973684,1,921,930,933,3,4,0.819043,1.12832
930,1910,0.562727,-1,929,-1,931,0,2,0,1.00088
931,1351,0.294763,1,930,-1,932,0,1,0,0.589526
932,1343,0,1,931,-1,-1,0,0,0,0
933,1573,0.139072,1,929,934,935,1,2,0.0349597,0.243185
934,1625,0,-1,933,-1,-1,0,0,0,0
935,1486,0.57183,1,933,-1,936,0,1,0,1.14366
936,1694,0,1,935,-1,-1,0,0,0,0
937,1104,0.681929,1,875,938,968,30,32,0.675091,0.715183
938,1661,0.732017,-1,937,939,953,14,15,0.720211,0.743823
939,1714,0.189321,-1,938,940,946,6,7,0.185141,0.193501
940,1023,0.274917,-1,939,941,943,2,3,0.268517,0.281316
941,1336,0.110325,-1,940,-1,942,0,1,0,0.22065
942,1058,0,1,941,-1,-1,0,0,0,0
943,1979,0.0331283,1,940,-1,944,0,2,0,0.0721575
944,1891,0.0491833,1,943,-1,945,0,1,0,0.0983666
945,1830,0,1,944,-1,-1,0,0,0,0
946,1215,0.521417,1,939,947,949,2,4,0.518873,0.586517
947,1376,0.0467076,-1,946,-1,948,0,1,0,0.0934153
948,1250,0,1,947,-1,-1,0,0,0,0
949,1843,0.122642,1,946,950,951,1,2,0.105352,0.139933
950,1912,0,-1,949,-1,-1,0,0,0,0
951,1219,0.0516696,1,949,-1,952,0,1,0,0.103339
952,1645,0,1,951,-1,-1,0,0,0,0
953,1228,0.128489,1,938,954,960,6,8,0.0986399,0.131065
954,1603,0.0835878,-1,953,955,957,2,3,0.0806515,0.0865242
955,1135,0.0411231,-1,954,-1,956,0,1,0,0.0822463
956,1954,0,1,955,-1,-1,0,0,0,0
957,1359,0.0500444,1,954,-1,958,0,2,0,0.0804643
958,1867,0.0179072,1,957,-1,959,0,1,0,0.0358144
959,1994,0,1,958,-1,-1,0,0,0,0
960,1307,0.0629341,1,953,961,964,3,4,0.0466775,0.0791907
961,1833,0.00957699,-1,960,-1,962,0,2,0,0.0878626
962,1666,0.0401195,1,961,-1,963,0,1,0,0.0802391
963,1263,0,1,962,-1,-1,0,0,0,0
964,1815,0.218131,1,960,965,966,1,2,0.206742,0.229521
965,1713,0,-1,964,-1,-1,0,0,0,0
966,1410,0.041356,1,964,-1,967,0,1,0,0.082712
967,1873,0,1,966,-1,-1,0,0,0,0
968,1769,0.268911,1,937,969,984,15,16,0.26698,0.270841
969,1976,0.154416,-1,968,970,976,6,8,0.143773,0.204362
970,1234,0.0628106,-1,969,971,973,2,3,0.0563779,0.0692434
971,1692,0.0135754,-1,970,-1,972,0,1,0,0.0271509
972,1475,0,1,971,-1,-1,0,0,0,0
973,1118,0.0486,1,970,-1,974,0,2,0,0.238662
974,1578,0.119304,1,973,-1,975,0,1,0,0.238607
975,1648,0,1,974,-1,-1,0,0,0,0
976,1572,0.0841689,1,969,977,980,3,4,0.0737008,0.0946369
977,1319,0.01677,-1,976,-1,978,0,2,0,0.131255
978,1159,0.0676256,1,977,-1,979,0,1,0,0.135251
979,1679,0,1,978,-1,-1,0,0,0,0
980,1484,0.0935078,1,976,981,982,1,2,0.0728163,0.114199
981,1429,0,-1,980,-1,-1,0,0,0,0
982,1952,0.0546317,1,980,-1,983,0,1,0,0.109263
983,1226,0,1,982,-1,-1,0,0,0,0
984,1352,2.2285,1,968,985,992,7,8,2.2083,2.2487
985,1569,0.280422,-1,984,986,988,2,4,0.221169,0.42425
986,1966,0.111886,-1,985,-1,987,0,1,0,0.223772
987,1403,0,1,986,-1,-1,0,0,0,0
988,1536,2.17314,1,985,989,990,1,2,1.85838,2.48791
989,1913,0,-1,988,-1,-1,0,0,0,0
990,1377,0.43596,1,988,-1,991,0,1,0,0.871921
991,1209,0,1,990,-1,-1,0,0,0,0
992,1435,1.53533,1,984,993,996,3,4,1.5149,1.55577
993,1415,0.064566,-1,992,-1,994,0,2,0,2.5565
994,1548,1.29158,1,993,-1,995,0,1,0,2.58316
995,1862,0,1,994,-1,-1,0,0,0,0
996,1724,0.0870835,1,992,997,998,1,2,0.0300576,0.144109
997,1125,0,-1,996,-1,-1,0,0,0,0
998,1065,1.82737,1,996,-1,999,0,1,0,3.65475
999,1655,0,1,998,-1,-1,0,0,0,0
1000,499,3.27444,1,0,1001,1500,499,500,3.27407,3.27481
1001,640,1.93743,-1,1000,1002,1250,248,250,1.93731,1.94034
1002,260,0.954629,-1,1001,1003,1126,123,124,0.942852,0.966406
1003,502,0.513969,-1,1002,1004,1064,60,62,0.513442,0.514288
1004,678,0.383885,-1,1003,1005,1034,29,30,0.3778,0.389969
1005,326,0.323883,-1,1004,1006,1019,13,15,0.290189,0.340692
1006,711,0.24831,-1,1005,1007,1012,5,7,0.233535,0.275551
1007,481,0.189104,-1,1006,1008,1009,1,3,0.105341,0.237142
1008,651,0,-1,1007,-1,-1,0,0,0,0
1009,893,0.0483463,1,1007,-1,1010,0,2,0,0.0815133
1010,272,0.0277967,1,1009,-1,1011,0,1,0,0.0555935
1011,504,0,1,1010,-1,-1,0,0,0,0
1012,348,0.200413,1,1006,1013,1015,2,4,0.189727,0.222469
1013,672,0.0540579,-1,1012,-1,1014,0,1,0,0.108116
1014,710,0,1,1013,-1,-1,0,0,0,0
1015,540,0.183892,1,1012,1016,1017,1,2,0.0580744,0.30971
1016,644,0,-1,1015,-1,-1,0,0,0,0
1017,889,0.0772064,1,1015,-1,1018,0,1,0,0.154413
1018,674,0,1,1017,-1,-1,0,0,0,0
1019,414,0.206114,1,1005,1020,1026,6,8,0.148822,0.216715
1020,977,0.0754211,-1,1019,1021,1023,2,3,0.0668996,0.0839426
1021,161,0.0641464,-1,1020,-1,1022,0,1,0,0.128293
1022,915,0,1,1021,-1,-1,0,0,0,0
1023,873,0.0722276,1,1020,-1,1024,0,2,0,0.21731
1024,344,0.0733829,1,1023,-1,1025,0,1,0,0.146766
1025,392,0,1,1024,-1,-1,0,0,0,0
1026,872,0.111822,1,1019,1027,1030,3,4,0.107063,0.116581
1027,527,0.0523596,-1,1026,-1,1028,0,2,0,0.13409
1028,594,0.0496735,1,1027,-1,1029,0,1,0,0.099347
1029,984,0,1,1028,-1,-1,0,0,0,0
1030,930,0.0461024,1,1026,1031,1032,1,2,0.0407448,0.0514601
1031,936,0,-1,1030,-1,-1,0,0,0,0
1032,981,0.270508,1,1030,-1,1033,0,1,0,0.541016
1033,460,0,1,1032,-1,-1,0,0,0,0
1034,62,0.167919,1,1004,1035,1049,14,15,0.163424,0.172414
1035,647,0.135643,-1,1034,1036,1042,6,7,0.124628,0.146658
1036,603,0.118297,-1,1035,1037,1039,2,3,0.109908,0.126686
1037,740,0.0385598,-1,1036,-1,1038,0,1,0,0.0771195
1038,823,0,1,1037,-1,-1,0,0,0,0
1039,859,0.0479436,1,1036,-1,1040,0,2,0,0.0767291
1040,827,0.0449703,1,1039,-1,1041,0,1,0,0.0899405
1041,337,0,1,1040,-1,-1,0,0,0,0
1042,715,0.0856592,1,1035,1043,1045,2,4,0.079805,0.0936097
1043,294,0.0235584,-1,1042,-1,1044,0,1,0,0.0471168
1044,217,0,1,1043,-1,-1,0,0,0,0
1045,794,0.0512817,1,1042,1046,1047,1,2,0.0336657,0.0688978
1046,764,0,-1,1045,-1,-1,0,0,0,0
1047,18,0.0627063,1,1045,-1,1048,0,1,0,0.125413
1048,635,0,1,1047,-1,-1,0,0,0,0
1049,803,0.17644,1,1034,1050,1056,6,8,0.15622,0.272687
1050,592,0.11109,-1,1049,1051,1053,2,3,0.0862501,0.13593
1051,133,0.0529876,-1,1050,-1,1052,0,1,0,0.105975
1052,422,0,1,1051,-1,-1,0,0,0,0
1053,632,0.00667942,1,1050,-1,1054,0,2,0,0.202616
1054,662,0.101551,1,1053,-1,1055,0,1,0,0.203101
1055,624,0,1,1054,-1,-1,0,0,0,0
1056,723,0.241181,1,1049,1057,1060,3,4,0.198243,0.284119
1057,935,0.0805201,-1,1056,-1,1058,0,2,0,0.124991
1058,773,0.0251434,1,1057,-1,1059,0,1,0,0.0502868
1059,541,0,1,1058,-1,-1,0,0,0,0
1060,991,0.296075,1,1056,1061,1062,1,2,0.105637,0.486513
1061,862,0,-1,1060,-1,-1,0,0,0,0
1062,157,0.00624309,1,1060,-1,1063,0,1,0,0.0124862
1063,50,0,1,1062,-1,-1,0,0,0,0
1064,526,0.348509,1,1003,1065,1095,30,31,0.348228,0.34879
1065,604,0.264518,-1,1064,1066,1080,14,15,0.256243,0.272793
1066,198,0.253275,-1,1065,1067,1073,6,7,0.250667,0.255883
1067,964,0.200309,-1,1066,1068,1070,2,3,0.178556,0.222062
1068,58,0.0386129,-1,1067,-1,1069,0,1,0,0.0772258
1069,359,0,1,1068,-1,-1,0,0,0,0
1070,471,0.0113622,1,1067,-1,1071,0,2,0,0.0571134
1071,291,0.0282976,1,1070,-1,1072,0,1,0,0.0565953
1072,894,0,1,1071,-1,-1,0,0,0,0
1073,325,0.180819,1,1066,1074,1076,2,4,0.106577,0.203421
1074,871,0.0334783,-1,1073,-1,1075,0,1,0,0.0669567
1075,857,0,1,1074,-1,-1,0,0,0,0
1076,347,0.100051,1,1073,1077,1078,1,2,0.0945143,0.105587
1077,401,0,-1,1076,-1,-1,0,0,0,0
1078,623,0.113318,1,1076,-1,1079,0,1,0,0.226636
1079,250,0,1,1078,-1,-1,0,0,0,0
1080,100,0.134022,1,1065,1081,1087,6,8,0.117596,0.146109
1081,396,0.177893,-1,1080,1082,1084,2,3,0.15672,0.199066
1082,747,0.0669079,-1,1081,-1,1083,0,1,0,0.133816
1083,948,0,1,1082,-1,-1,0,0,0,0
1084,461,0.0338715,1,1081,-1,1085,0,2,0,0.109559
1085,201,0.0397185,1,1084,-1,1086,0,1,0,0.079437
1086,866,0,1,1085,-1,-1,0,0,0,0
1087,707,0.128313,1,1080,1088,1091,3,4,0.111839,0.144786
1088,98,0.0721004,-1,1087,-1,1089,0,2,0,0.0830483
1089,495,0.0652841,1,1088,-1,1090,0,1,0,0.130568
1090,324,0,1,1089,-1,-1,0,0,0,0
1091,748,0.216592,1,1087,1092,1093,1,2,0.17635,0.256834
1092,376,0,-1,1091,-1,-1,0,0,0,0
1093,830,0.0262672,1,1091,-1,1094,0,1,0,0.0525345
1094,382,0,1,1093,-1,-1,0,0,0,0
1095,4,0.287313,1,1064,1096,1110,14,16,0.282576,0.29831
1096,459,0.111443,-1,1095,1097,1103,6,7,0.108221,0.114664
1097,542,0.115743,-1,1096,1098,1100,2,3,0.113537,0.117949
1098,584,0.052553,-1,1097,-1,1099,0,1,0,0.105106
1099,779,0,1,1098,-1,-1,0,0,0,0
1100,638,0.0359664,1,1097,-1,1101,0,2,0,0.051698
1101,657,0.0426415,1,1100,-1,1102,0,1,0,0.0852829
1102,626,0,1,1101,-1,-1,0,0,0,0
1103,20,0.158917,1,1096,1104,1106,2,4,0.153601,0.224814
1104,327,0.0436303,-1,1103,-1,1105,0,1,0,0.0872606
1105,742,0,1,1104,-1,-1,0,0,0,0
1106,733,0.158996,1,1103,1107,1108,1,2,0.117884,0.200108
1107,224,0,-1,1106,-1,-1,0,0,0,0
1108,407,0.161874,1,1106,-1,1109,0,1,0,0.323749
1109,103,0,1,1108,-1,-1,0,0,0,0
1110,215,0.808855,1,1095,1111,1118,7,8,0.77891,0.838799
1111,467,0.166389,-1,1110,1112,1114,2,4,0.0885964,0.177257
1112,168,0.0542425,-1,1111,-1,1113,0,1,0,0.108485
1113,654,0,1,1112,-1,-1,0,0,0,0
1114,729,0.0760706,1,1111,1115,1116,1,2,0.0675895,0.0845516
1115,788,0,-1,1114,-1,-1,0,0,0,0
1116,726,0.410774,1,1114,-1,1117,0,1,0,0.821548
1117,690,0,1,1116,-1,-1,0,0,0,0
1118,642,0.140731,1,1110,1119,1122,3,4,0.133638,0.147825
1119,450,0.074323,-1,1118,-1,1120,0,2,0,0.0776505
1120,856,0.0739075,1,1119,-1,1121,0,1,0,0.147815
1121,505,0,1,1120,-1,-1,0,0,0,0
1122,612,0.0405397,1,1118,1123,1124,1,2,0.0338539,0.0472254
1123,102,0,-1,1122,-1,-1,0,0,0,0
1124,741,0.0668108,1,1122,-1,1125,0,1,0,0.133622
1125,837,0,1,1124,-1,-1,0,0,0,0
1126,300,0.711266,1,1002,1127,1188,61,62,0.705145,0.717388
1127,738,0.647629,-1,1126,1128,1157,29,31,0.603158,0.663299
1128,770,0.242295,-1,1127,1129,1142,13,15,0.232433,0.262126
1129,368,0.191307,-1,1128,1130,1135,5,7,0.167586,0.1918
1130,86,0.0575449,-1,1129,1131,1132,1,3,0.0397451,0.143341
1131,648,0,-1,1130,-1,-1,0,0,0,0
1132,524,0.0863845,1,1130,-1,1133,0,2,0,0.134498
1133,666,0.0780526,1,1132,-1,1134,0,1,0,0.156105
1134,30,0,1,1133,-1,-1,0,0,0,0
1135,564,0.146904,1,1129,1136,1138,2,4,0.119825,0.15596
1136,845,0.0331513,-1,1135,-1,1137,0,1,0,0.0663026
1137,572,0,1,1136,-1,-1,0,0,0,0
1138,384,0.139345,1,1135,1139,1140,1,2,0.101749,0.176941
1139,316,0,-1,1138,-1,-1,0,0,0,0
1140,649,0.184491,1,1138,-1,1141,0,1,0,0.368982
1141,28,0,1,1140,-1,-1,0,0,0,0
1142,210,0.337988,1,1128,1143,1149,6,8,0.215687,0.374912
1143,167,0.0996885,-1,1142,1144,1146,2,3,0.0706462,0.128731
1144,67,0.0265929,-1,1143,-1,1145,0,1,0,0.0531858
1145,165,0,1,1144,-1,-1,0,0,0,0
1146,751,0.0577526,1,1143,-1,1147,0,2,0,0.196866
1147,179,0.109899,1,1146,-1,1148,0,1,0,0.219797
1148,463,0,1,1147,-1,-1,0,0,0,0
1149,735,0.332195,1,1142,1150,1153,3,4,0.324607,0.339783
1150,577,0.160572,-1,1149,-1,1151,0,2,0,0.351691
1151,271,0.228883,1,1150,-1,1152,0,1,0,0.457765
1152,986,0,1,1151,-1,-1,0,0,0,0
1153,627,0.0738613,1,1149,1154,1155,1,2,0.0546382,0.0930844
1154,567,0,-1,1153,-1,-1,0,0,0,0
1155,721,0.0934026,1,1153,-1,1156,0,1,0,0.186805
1156,174,0,1,1155,-1,-1,0,0,0,0
1157,441,0.384401,1,1127,1158,1172,14,16,0.380627,0.386725
1158,265,0.174904,-1,1157,1159,1165,6,7,0.162702,0.187107
1159,831,0.0884463,-1,1158,1160,1162,2,3,0.0776885,0.0992042
1160,923,0.0342058,-1,1159,-1,1161,0,1,0,0.0684116
1161,924,0,1,1160,-1,-1,0,0,0,0
1162,628,0.0361079,1,1159,-1,1163,0,2,0,0.208613
1163,482,0.0868502,1,1162,-1,1164,0,1,0,0.1737
1164,166,0,1,1163,-1,-1,0,0,0,0
1165,1,0.309485,1,1158,1166,1168,2,4,0.151309,0.311198
1166,59,0.0377447,-1,1165,-1,1167,0,1,0,0.0754895
1167,728,0,1,1166,-1,-1,0,0,0,0
1168,304,0.188751,1,1165,1169,1170,1,2,0.159053,0.218449
1169,213,0,-1,1168,-1,-1,0,0,0,0
1170,911,0.0409806,1,1168,-1,1171,0,1,0,0.0819612
1171,731,0,1,1170,-1,-1,0,0,0,0
1172,173,0.613426,1,1157,1173,1180,7,8,0.606234,0.620619
1173,22,0.124394,-1,1172,1174,1176,2,4,0.104217,0.23426
1174,949,0.0243571,-1,1173,-1,1175,0,1,0,0.0487143
1175,418,0,1,1174,-1,-1,0,0,0,0
1176,171,0.210241,1,1173,1177,1178,1,2,0.134157,0.286324
1177,970,0,-1,1176,-1,-1,0,0,0,0
1178,188,0.294829,1,1176,-1,1179,0,1,0,0.589659
1179,331,0,1,1178,-1,-1,0,0,0,0
1180,559,0.210644,1,1172,1181,1184,3,4,0.20731,0.213977
1181,637,0.0296231,-1,1180,-1,1182,0,2,0,0.302639
1182,784,0.137654,1,1181,-1,1183,0,1,0,0.275307
1183,696,0,1,1182,-1,-1,0,0,0,0
1184,234,0.220792,1,1180,1185,1186,1,2,0.0201299,0.421455
1185,122,0,-1,1184,-1,-1,0,0,0,0
1186,292,0.0631059,1,1184,-1,1187,0,1,0,0.126212
1187,844,0,1,1186,-1,-1,0,0,0,0
1188,411,0.913064,1,1126,1189,1219,30,31,0.912495,0.913633
1189,691,0.749457,-1,1188,1190,1204,14,15,0.744076,0.754837
1190,758,0.556897,-1,1189,1191,1197,6,7,0.54788,0.565913
1191,394,0.524367,-1,1190,1192,1194,2,3,0.496545,0.552189
1192,478,0.112359,-1,1191,-1,1193,0,1,0,0.224718
1193,473,0,1,1192,-1,-1,0,0,0,0
1194,944,0.199587,1,1191,-1,1195,0,2,0,0.218766
1195,381,0.0896416,1,1194,-1,1196,0,1,0,0.179283
1196,487,0,1,1195,-1,-1,0,0,0,0
1197,45,0.442104,1,1190,1198,1200,2,4,0.327474,0.491592
1198,586,0.0920787,-1,1197,-1,1199,0,1,0,0.184157
1199,370,0,1,1198,-1,-1,0,0,0,0
1200,616,0.212993,1,1197,1201,1202,1,2,0.175245,0.250742
1201,879,0,-1,1200,-1,-1,0,0,0,0
1202,314,0.0308805,1,1200,-1,1203,0,1,0,0.0617611
1203,700,0,1,1202,-1,-1,0,0,0,0
1204,673,0.380597,1,1189,1205,1211,6,8,0.323859,0.411639
1205,276,0.363399,-1,1204,1206,1208,2,3,0.336076,0.390721
1206,180,0.0675934,-1,1205,-1,1207,0,1,0,0.135187
1207,868,0,1,1206,-1,-1,0,0,0,0
1208,115,0.142696,1,1205,-1,1209,0,2,0,0.203093
1209,155,0.0308879,1,1208,-1,1210,0,1,0,0.0617759
1210,886,0,1,1209,-1,-1,0,0,0,0
1211,489,0.438433,1,1204,1212,1215,3,4,0.383935,0.492931
1212,605,0.401949,-1,1211,-1,1213,0,2,0,0.419553
1213,571,0.122013,1,1212,-1,1214,0,1,0,0.244027
1214,374,0,1,1213,-1,-1,0,0,0,0
1215,756,0.203168,1,1211,1216,1217,1,2,0.162091,0.244245
1216,551,0,-1,1215,-1,-1,0,0,0,0
1217,405,0.165477,1,1215,-1,1218,0,1,0,0.330954
1218,903,0,1,1217,-1,-1,0,0,0,0
1219,506,0.550848,1,1188,1220,1234,14,16,0.50604,0.570443
1220,451,0.231579,-1,1219,1221,1227,6,7,0.210939,0.252219
1221,714,0.146822,-1,1220,1222,1224,2,3,0.129521,0.164122
1222,631,0.0605349,-1,1221,-1,1223,0,1,0,0.12107
1223,922,0,1,1222,-1,-1,0,0,0,0
1224,456,0.110806,1,1221,-1,1225,0,2,0,0.202624
1225,962,0.156524,1,1224,-1,1226,0,1,0,0.313049
1226,732,0,1,1225,-1,-1,0,0,0,0
1227,839,0.187477,1,1220,1228,1230,2,4,0.105403,0.371228
1228,429,0.0315624,-1,1227,-1,1229,0,1,0,0.0631248
1229,633,0,1,1228,-1,-1,0,0,0,0
1230,128,0.143227,1,1227,1231,1232,1,2,0.106764,0.179691
1231,608,0,-1,1230,-1,-1,0,0,0,0
1232,66,0.152443,1,1230,-1,1233,0,1,0,0.304886
1233,246,0,1,1232,-1,-1,0,0,0,0
1234,216,0.815526,1,1219,1235,1242,7,8,0.810121,0.820932
1235,403,0.273643,-1,1234,1236,1238,2,4,0.271124,0.488795
1236,549,0.0684605,-1,1235,-1,1237,0,1,0,0.136921
1237,869,0,1,1236,-1,-1,0,0,0,0
1238,107,0.199752,1,1235,1239,1240,1,2,0.0602111,0.339292
1239,719,0,-1,1238,-1,-1,0,0,0,0
1240,589,0.652651,1,1238,-1,1241,0,1,0,1.3053
1241,582,0,1,1240,-1,-1,0,0,0,0
1242,789,0.302482,1,1234,1243,1246,3,4,0.200413,0.404551
1243,361,0.046473,-1,1242,-1,1244,0,2,0,0.111602
1244,421,0.0368965,1,1243,-1,1245,0,1,0,0.073793
1245,462,0,1,1244,-1,-1,0,0,0,0
1246,875,0.223525,1,1242,1247,1248,1,2,0.215531,0.231519
1247,870,0,-1,1246,-1,-1,0,0,0,0
1248,23,0.181448,1,1246,-1,1249,0,1,0,0.362897
1249,941,0,1,1248,-1,-1,0,0,0,0
1250,500,1.16831,1,1001,1251,1375,124,125,1.1665,1.17011
1251,465,0.650297,-1,1250,1252,1313,61,62,0.64923,0.651364
1252,942,0.508613,-1,1251,1253,1282,29,31,0.487513,0.522839
1253,501,0.225707,-1,1252,1254,1267,13,15,0.224946,0.250099
1254,512,0.266834,-1,1253,1255,1260,5,7,0.257,0.286782
1255,546,0.141601,-1,1254,1256,1257,1,3,0.123044,0.158997
1256,220,0,-1,1255,-1,-1,0,0,0,0
1257,226,0.0165639,1,1255,-1,1258,0,2,0,0.116185
1258,144,0.0616975,1,1257,-1,1259,0,1,0,0.123395
1259,400,0,1,1258,-1,-1,0,0,0,0
1260,428,0.194961,1,1254,1261,1263,2,4,0.158667,0.225807
1261,629,0.0252517,-1,1260,-1,1262,0,1,0,0.0505033
1262,211,0,1,1261,-1,-1,0,0,0,0
1263,712,0.0979034,1,1260,1264,1265,1,2,0.0831641,0.112643
1264,895,0,-1,1263,-1,-1,0,0,0,0
1265,818,0.0421995,1,1263,-1,1266,0,1,0,0.084399
1266,937,0,1,1265,-1,-1,0,0,0,0
1267,904,0.157322,1,1253,1268,1274,6,8,0.146215,0.180148
1268,554,0.111389,-1,1267,1269,1271,2,3,0.0973683,0.125409
1269,547,0.0501247,-1,1268,-1,1270,0,1,0,0.100249
1270,121,0,1,1269,-1,-1,0,0,0,0
1271,79,0.0480282,1,1268,-1,1272,0,2,0,0.213588
1272,812,0.0884264,1,1271,-1,1273,0,1,0,0.176853
1273,104,0,1,1272,-1,-1,0,0,0,0
1274,78,0.190042,1,1267,1275,1278,3,4,0.152729,0.227354
1275,882,0.0411589,-1,1274,-1,1276,0,2,0,0.121883
1276,658,0.0646551,1,1275,-1,1277,0,1,0,0.12931
1277,682,0,1,1276,-1,-1,0,0,0,0
1278,689,0.226164,1,1274,1279,1280,1,2,0.0609704,0.391357
1279,855,0,-1,1278,-1,-1,0,0,0,0
1280,191,0.0262684,1,1278,-1,1281,0,1,0,0.0525368
1281,953,0,1,1280,-1,-1,0,0,0,0
1282,410,0.185971,1,1252,1283,1297,14,16,0.181262,0.187159
1283,435,0.0985786,-1,1282,1284,1290,6,7,0.098062,0.0990951
1284,419,0.0817227,-1,1283,1285,1287,2,3,0.0780195,0.0854259
1285,724,0.0182797,-1,1284,-1,1286,0,1,0,0.0365594
1286,739,0,1,1285,-1,-1,0,0,0,0
1287,574,0.149343,1,1284,-1,1288,0,2,0,0.161496
1288,561,0.0105145,1,1287,-1,1289,0,1,0,0.0210291
1289,119,0,1,1288,-1,-1,0,0,0,0
1290,329,0.0891297,1,1283,1291,1293,2,4,0.0809612,0.188503
1291,840,0.0512991,-1,1290,-1,1292,0,1,0,0.102598
1292,560,0,1,1291,-1,-1,0,0,0,0
1293,486,0.118904,1,1290,1294,1295,1,2,0.100235,0.137573
1294,236,0,-1,1293,-1,-1,0,0,0,0
1295,891,0.0435149,1,1293,-1,1296,0,1,0,0.0870298
1296,881,0,1,1295,-1,-1,0,0,0,0
1297,356,0.299641,1,1282,1298,1305,7,8,0.296588,0.302695
1298,16,0.163318,-1,1297,1299,1301,2,4,0.150738,0.16827
1299,619,0.0548465,-1,1298,-1,1300,0,1,0,0.109693
1300,113,0,1,1299,-1,-1,0,0,0,0
1301,263,0.135517,1,1298,1302,1303,1,2,0.133598,0.137436
1302,596,0,-1,1301,-1,-1,0,0,0,0
1303,780,0.245841,1,1301,-1,1304,0,1,0,0.491682
1304,972,0,1,1303,-1,-1,0,0,0,0
1305,703,0.0612955,1,1297,1306,1309,3,4,0.0585092,0.0640818
1306,12,0.0572083,-1,1305,-1,1307,0,2,0,0.0797151
1307,388,0.0459931,1,1306,-1,1308,0,1,0,0.0919861
1308,919,0,1,1307,-1,-1,0,0,0,0
1309,111,0.0979447,1,1305,1310,1311,1,2,0.0607395,0.13515
1310,509,0,-1,1309,-1,-1,0,0,0,0
1311,720,0.134556,1,1309,-1,1312,0,1,0,0.269111
1312,792,0,1,1311,-1,-1,0,0,0,0
1313,244,0.381874,1,1251,1314,1344,30,31,0.348707,0.415041
1314,99,0.307634,-1,1313,1315,1329,14,15,0.304215,0.311052
1315,634,0.175778,-1,1314,1316,1322,6,7,0.16161,0.189947
1316,47,0.114815,-1,1315,1317,1319,2,3,0.0829499,0.14668
1317,123,0.0541996,-1,1316,-1,1318,0,1,0,0.108399
1318,914,0,1,1317,-1,-1,0,0,0,0
1319,90,0.0723388,1,1316,-1,1320,0,2,0,0.0923631
1320,310,0.0595969,1,1319,-1,1321,0,1,0,0.119194
1321,332,0,1,1320,-1,-1,0,0,0,0
1322,64,0.216635,1,1315,1323,1325,2,4,0.17023,0.246457
1323,415,0.0547093,-1,1322,-1,1324,0,1,0,0.109419
1324,909,0,1,1323,-1,-1,0,0,0,0
1325,150,0.0543677,1,1322,1326,1327,1,2,0.0401872,0.0685483
1326,625,0,-1,1325,-1,-1,0,0,0,0
1327,134,0.0628084,1,1325,-1,1328,0,1,0,0.125617
1328,241,0,1,1327,-1,-1,0,0,0,0
1329,262,0.16882,1,1314,1330,1336,6,8,0.142098,0.18696
1330,597,0.103639,-1,1329,1331,1333,2,3,0.0890197,0.118258
1331,999,0.0288131,-1,1330,-1,1332,0,1,0,0.0576261
1332,439,0,1,1331,-1,-1,0,0,0,0
1333,339,0.121614,1,1330,-1,1334,0,2,0,0.233532
1334,496,0.0964905,1,1333,-1,1335,0,1,0,0.192981
1335,913,0,1,1334,-1,-1,0,0,0,0
1336,556,0.165831,1,1329,1337,1340,3,4,0.128193,0.203468
1337,617,0.0823588,-1,1336,-1,1338,0,2,0,0.096537
1338,814,0.0648149,1,1337,-1,1339,0,1,0,0.12963
1339,692,0,1,1338,-1,-1,0,0,0,0
1340,847,0.0756336,1,1336,1341,1342,1,2,0.04601,0.105257
1341,850,0,-1,1340,-1,-1,0,0,0,0
1342,905,0.280414,1,1340,-1,1343,0,1,0,0.560828
1343,278,0,1,1342,-1,-1,0,0,0,0
1344,518,0.382537,1,1313,1345,1359,14,16,0.381752,0.412563
1345,3,0.258142,-1,1344,1346,1352,6,7,0.218453,0.297831
1346,340,0.132378,-1,1345,1347,1349,2,3,0.10217,0.162586
1347,485,0.031836,-1,1346,-1,1348,0,1,0,0.063672
1348,443,0,1,1347,-1,-1,0,0,0,0
1349,164,0.193906,1,1346,-1,1350,0,2,0,0.260717
1350,677,0.0334136,1,1349,-1,1351,0,1,0,0.0668272
1351,883,0,1,1350,-1,-1,0,0,0,0
1352,925,0.121121,1,1345,1353,1355,2,4,0.0697981,0.256985
1353,227,0.0518592,-1,1352,-1,1354,0,1,0,0.103718
1354,135,0,1,1353,-1,-1,0,0,0,0
1355,183,0.180744,1,1352,1356,1357,1,2,0.0266024,0.334885
1356,36,0,-1,1355,-1,-1,0,0,0,0
1357,890,0.186596,1,1355,-1,1358,0,1,0,0.373193
1358,906,0,1,1357,-1,-1,0,0,0,0
1359,445,0.234953,1,1344,1360,1367,7,8,0.182382,0.287524
1360,438,0.0874569,-1,1359,1361,1363,2,4,0.0851416,0.187378
1361,979,0.0334965,-1,1360,-1,1362,0,1,0,0.066993
1362,452,0,1,1361,-1,-1,0,0,0,0
1363,791,0.118239,1,1360,1364,1365,1,2,0.105367,0.13111
1364,865,0,-1,1363,-1,-1,0,0,0,0
1365,668,0.017268,1,1363,-1,1366,0,1,0,0.0345361
1366,615,0,1,1365,-1,-1,0,0,0,0
1367,771,0.148032,1,1359,1368,1371,3,4,0.140347,0.155716
1368,776,0.0295977,-1,1367,-1,1369,0,2,0,0.258213
1369,293,0.12539,1,1368,-1,1370,0,1,0,0.250781
1370,908,0,1,1369,-1,-1,0,0,0,0
1371,736,0.933178,1,1367,1372,1373,1,2,0.925311,0.941046
1372,136,0,-1,1371,-1,-1,0,0,0,0
1373,557,0.0396815,1,1371,-1,1374,0,1,0,0.0793631
1374,933,0,1,1373,-1,-1,0,0,0,0
1375,41,0.928434,1,1250,1376,1437,61,63,0.922162,0.936998
1376,251,0.612605,-1,1375,1377,1406,29,31,0.603125,0.622194
1377,221,0.300281,-1,1376,1378,1391,13,15,0.279532,0.302679
1378,17,0.185801,-1,1377,1379,1384,5,7,0.178575,0.240911
1379,426,0.0804765,-1,1378,1380,1381,1,3,0.0785786,0.104549
1380,457,0,-1,1379,-1,-1,0,0,0,0
1381,76,0.0346216,1,1379,-1,1382,0,2,0,0.229891
1382,21,0.0986361,1,1381,-1,1383,0,1,0,0.197272
1383,656,0,1,1382,-1,-1,0,0,0,0
1384,31,0.156859,1,1378,1385,1387,2,4,0.140177,0.187771
1385,437,0.0435336,-1,1384,-1,1386,0,1,0,0.0870671
1386,138,0,1,1385,-1,-1,0,0,0,0
1387,442,0.107273,1,1384,1388,1389,1,2,0.103867,0.110679
1388,148,0,-1,1387,-1,-1,0,0,0,0
1389,151,0.139744,1,1387,-1,1390,0,1,0,0.279488
1390,176,0,1,1389,-1,-1,0,0,0,0
1391,303,0.335763,1,1377,1392,1398,6,8,0.277139,0.35844
1392,256,0.154086,-1,1391,1393,1395,2,3,0.149593,0.15858
1393,97,0.0692965,-1,1392,-1,1394,0,1,0,0.138593
1394,498,0,1,1393,-1,-1,0,0,0,0
1395,599,0.476464,1,1392,-1,1396,0,2,0,0.490947
1396,147,0.155968,1,1395,-1,1397,0,1,0,0.311936
1397,646,0,1,1396,-1,-1,0,0,0,0
1398,786,0.170757,1,1391,1399,1402,3,4,0.166645,0.174868
1399,383,0.154684,-1,1398,-1,1400,0,2,0,0.211918
1400,899,0.0420422,1,1399,-1,1401,0,1,0,0.0840844
1401,988,0,1,1400,-1,-1,0,0,0,0
1402,162,0.139666,1,1398,1403,1404,1,2,0.0612409,0.218092
1403,998,0,-1,1402,-1,-1,0,0,0,0
1404,209,0.45232,1,1402,-1,1405,0,1,0,0.904641
1405,822,0,1,1404,-1,-1,0,0,0,0
1406,199,0.334292,1,1376,1407,1421,14,16,0.300803,0.364961
1407,760,0.189838,-1,1406,1408,1414,6,7,0.186743,0.192932
1408,917,0.0888574,-1,1407,1409,1411,2,3,0.0604893,0.117226
1409,140,0.0331826,-1,1408,-1,1410,0,1,0,0.0663651
1410,675,0,1,1409,-1,-1,0,0,0,0
1411,124,0.0820432,1,1408,-1,1412,0,2,0,0.085367
1412,573,0.00207045,1,1411,-1,1413,0,1,0,0.00414091
1413,297,0,1,1412,-1,-1,0,0,0,0
1414,510,0.1011,1,1407,1415,1417,2,4,0.0849083,0.153571
1415,878,0.0215793,-1,1414,-1,1416,0,1,0,0.0431587
1416,990,0,1,1415,-1,-1,0,0,0,0
1417,491,0.116584,1,1414,1418,1419,1,2,0.112587,0.120582
1418,884,0,-1,1417,-1,-1,0,0,0,0
1419,528,0.126947,1,1417,-1,1420,0,1,0,0.253893
1420,195,0,1,1419,-1,-1,0,0,0,0
1421,453,0.257065,1,1406,1422,1429,7,8,0.249586,0.264545
1422,126,0.158092,-1,1421,1423,1425,2,4,0.0539974,0.183578
1423,566,0.0239297,-1,1422,-1,1424,0,1,0,0.0478593
1424,669,0,1,1423,-1,-1,0,0,0,0
1425,35,0.0598306,1,1422,1426,1427,1,2,0.0170258,0.102635
1426,531,0,-1,1425,-1,-1,0,0,0,0
1427,77,0.0920835,1,1425,-1,1428,0,1,0,0.184167
1428,994,0,1,1427,-1,-1,0,0,0,0
1429,965,0.563467,1,1421,1430,1433,3,4,0.303939,0.822995
1430,819,0.132518,-1,1429,-1,1431,0,2,0,0.188543
1431,816,0.0302906,1,1430,-1,1432,0,1,0,0.0605812
1432,787,0,1,1431,-1,-1,0,0,0,0
1433,186,0.380536,1,1429,1434,1435,1,2,0.324695,0.436377
1434,42,0,-1,1433,-1,-1,0,0,0,0
1435,607,0.14908,1,1433,-1,1436,0,1,0,0.29816
1436,730,0,1,1435,-1,-1,0,0,0,0
1437,257,0.601991,1,1375,1438,1468,30,32,0.598306,0.617071
1438,454,0.318725,-1,1437,1439,1453,14,15,0.316544,0.320905
1439,585,0.138277,-1,1438,1440,1446,6,7,0.133261,0.143292
1440,940,0.0572085,-1,1439,1441,1443,2,3,0.0181639,0.0962531
1441,950,0.00994043,-1,1440,-1,1442,0,1,0,0.0198809
1442,598,0,1,1441,-1,-1,0,0,0,0
1443,169,0.0487586,1,1440,-1,1444,0,2,0,0.0975113
1444,412,0.0634623,1,1443,-1,1445,0,1,0,0.126925
1445,927,0,1,1444,-1,-1,0,0,0,0
1446,181,0.285952,1,1439,1447,1449,2,4,0.261409,0.292651
1447,299,0.134955,-1,1446,-1,1448,0,1,0,0.26991
1448,301,0,1,1447,-1,-1,0,0,0,0
1449,61,0.139091,1,1446,1450,1451,1,2,0.0793614,0.19882
1450,590,0,-1,1449,-1,-1,0,0,0,0
1451,943,0.0743981,1,1449,-1,1452,0,1,0,0.148796
1452,517,0,1,1451,-1,-1,0,0,0,0
1453,149,0.277829,1,1438,1454,1460,6,8,0.264827,0.333004
1454,60,0.346232,-1,1453,1455,1457,2,3,0.312906,0.379557
1455,762,0.0761814,-1,1454,-1,1456,0,1,0,0.152363
1456,877,0,1,1455,-1,-1,0,0,0,0
1457,152,0.0907006,1,1454,-1,1458,0,2,0,0.116203
1458,6,0.101249,1,1457,-1,1459,0,1,0,0.202497
1459,983,0,1,1458,-1,-1,0,0,0,0
1460,402,0.679036,1,1453,1461,1464,3,4,0.615683,0.74239
1461,725,0.236811,-1,1460,-1,1462,0,2,0,0.673163
1462,371,0.300077,1,1461,-1,1463,0,1,0,0.600154
1463,95,0,1,1462,-1,-1,0,0,0,0
1464,969,0.321176,1,1460,1465,1466,1,2,0.109558,0.532794
1465,108,0,-1,1464,-1,-1,0,0,0,0
1466,447,0.306381,1,1464,-1,1467,0,1,0,0.612763
1467,583,0,1,1466,-1,-1,0,0,0,0
1468,530,1.37069,1,1437,1469,1484,15,16,1.33501,1.40636
1469,266,0.787965,-1,1468,1470,1476,6,8,0.717546,0.859612
1470,235,0.257222,-1,1469,1471,1473,2,3,0.112727,0.401716
1471,362,0.0626326,-1,1470,-1,1472,0,1,0,0.125265
1472,281,0,1,1471,-1,-1,0,0,0,0
1473,315,0.110412,1,1470,-1,1474,0,2,0,0.595419
1474,976,0.351546,1,1473,-1,1475,0,1,0,0.703092
1475,360,0,1,1474,-1,-1,0,0,0,0
1476,474,0.657624,1,1469,1477,1480,3,4,0.48217,0.833079
1477,533,0.14236,-1,1476,-1,1478,0,2,0,0.405689
1478,259,0.191008,1,1477,-1,1479,0,1,0,0.382016
1479,650,0,1,1478,-1,-1,0,0,0,0
1480,184,1.31298,1,1476,1481,1482,1,2,0.949072,1.67689
1481,892,0,-1,1480,-1,-1,0,0,0,0
1482,145,0.0896672,1,1480,-1,1483,0,1,0,0.179334
1483,843,0,1,1482,-1,-1,0,0,0,0
1484,15,0.896332,1,1468,1485,1492,7,8,0.745856,1.04681
1485,591,0.48121,-1,1484,1486,1488,2,4,0.357095,0.584893
1486,600,0.10519,-1,1485,-1,1487,0,1,0,0.21038
1487,653,0,1,1486,-1,-1,0,0,0,0
1488,907,0.235557,1,1485,1489,1490,1,2,0.191909,0.279206
1489,466,0,-1,1488,-1,-1,0,0,0,0
1490,679,0.332075,1,1488,-1,1491,0,1,0,0.66415
1491,699,0,1,1490,-1,-1,0,0,0,0
1492,49,0.383991,1,1484,1493,1496,3,4,0.381477,0.386504
1493,995,0.229684,-1,1492,-1,1494,0,2,0,0.521433
1494,985,0.176737,1,1493,-1,1495,0,1,0,0.353474
1495,523,0,1,1494,-1,-1,0,0,0,0
1496,275,2.05359,1,1492,1497,1498,1,2,0.736066,3.37112
1497,815,0,-1,1496,-1,-1,0,0,0,0
1498,978,0.195451,1,1496,-1,1499,0,1,0,0.390902
1499,189,0,1,1498,-1,-1,0,0,0,0
1500,671,4.01202,1,1000,1501,1750,249,250,4.01157,4.01248
1501,957,0.886246,-1,1500,1502,1625,123,125,0.886206,0.889652
1502,391,0.663128,-1,1501,1503,1563,60,62,0.657069,0.676644
1503,74,0.419423,-1,1502,1504,1533,29,30,0.414805,0.42404
1504,333,0.196144,-1,1503,1505,1518,13,15,0.194023,0.207386
1505,73,0.149015,-1,1504,1506,1511,5,7,0.111291,0.1524
1506,973,0.121715,-1,1505,1507,1508,1,3,0.0879967,0.154868
1507,661,0,-1,1506,-1,-1,0,0,0,0
1508,320,0.133938,1,1506,-1,1509,0,2,0,0.137162
1509,956,0.00339167,1,1508,-1,1510,0,1,0,0.00678334
1510,946,0,1,1509,-1,-1,0,0,0,0
1511,170,0.164811,1,1505,1512,1514,2,4,0.133174,0.244354
1512,838,0.0923726,-1,1511,-1,1513,0,1,0,0.184745
1513,759,0,1,1512,-1,-1,0,0,0,0
1514,676,0.0412708,1,1511,1515,1516,1,2,0.025504,0.0570376
1515,192,0,-1,1514,-1,-1,0,0,0,0
1516,680,0.137299,1,1514,-1,1517,0,1,0,0.274597
1517,109,0,1,1516,-1,-1,0,0,0,0
1518,618,0.273568,1,1504,1519,1525,6,8,0.205933,0.304345
1519,39,0.139573,-1,1518,1520,1522,2,3,0.0923191,0.186827
1520,982,0.0281787,-1,1519,-1,1521,0,1,0,0.0563575
1521,960,0,1,1520,-1,-1,0,0,0,0
1522,82,0.0990769,1,1519,-1,1523,0,2,0,0.117404
1523,746,0.0125113,1,1522,-1,1524,0,1,0,0.0250227
1524,805,0,1,1523,-1,-1,0,0,0,0
1525,926,0.292544,1,1518,1526,1529,3,4,0.270555,0.314533
1526,290,0.106677,-1,1525,-1,1527,0,2,0,0.405548
1527,727,0.19368,1,1526,-1,1528,0,1,0,0.387359
1528,207,0,1,1527,-1,-1,0,0,0,0
1529,716,0.311645,1,1525,1530,1531,1,2,0.0944862,0.528803
1530,387,0,-1,1529,-1,-1,0,0,0,0
1531,399,0.0306384,1,1529,-1,1532,0,1,0,0.0612767
1532,826,0,1,1531,-1,-1,0,0,0,0
1533,588,0.220733,1,1503,1534,1548,14,15,0.214851,0.226616
1534,240,0.215793,-1,1533,1535,1541,6,7,0.213314,0.218272
1535,117,0.113632,-1,1534,1536,1538,2,3,0.113183,0.114081
1536,146,0.0272998,-1,1535,-1,1537,0,1,0,0.0545996
1537,237,0,1,1536,-1,-1,0,0,0,0
1538,698,0.0142167,1,1535,-1,1539,0,2,0,0.0656913
1539,790,0.0399534,1,1538,-1,1540,0,1,0,0.0799069
1540,796,0,1,1539,-1,-1,0,0,0,0
1541,38,0.134759,1,1534,1542,1544,2,4,0.0929346,0.154008
1542,521,0.0620993,-1,1541,-1,1543,0,1,0,0.124199
1543,365,0,1,1542,-1,-1,0,0,0,0
1544,302,0.198533,1,1541,1545,1546,1,2,0.167672,0.229393
1545,32,0,-1,1544,-1,-1,0,0,0,0
1546,357,0.118633,1,1544,-1,1547,0,1,0,0.237265
1547,808,0,1,1546,-1,-1,0,0,0,0
1548,705,0.402766,1,1533,1549,1555,6,8,0.391438,0.430366
1549,484,0.192575,-1,1548,1550,1552,2,3,0.124479,0.260671
1550,801,0.092301,-1,1549,-1,1551,0,1,0,0.184602
1551,397,0,1,1550,-1,-1,0,0,0,0
1552,795,0.318214,1,1549,-1,1553,0,2,0,0.363253
1553,46,0.0243095,1,1552,-1,1554,0,1,0,0.048619
1554,829,0,1,1553,-1,-1,0,0,0,0
1555,620,0.456359,1,1548,1556,1559,3,4,0.39823,0.514489
1556,130,0.380702,-1,1555,-1,1557,0,2,0,0.445039
1557,254,0.0335079,1,1556,-1,1558,0,1,0,0.0670159
1558,968,0,1,1557,-1,-1,0,0,0,0
1559,920,0.0849434,1,1555,1560,1561,1,2,0.0773253,0.0925614
1560,916,0,-1,1559,-1,-1,0,0,0,0
1561,446,0.0696823,1,1559,-1,1562,0,1,0,0.139365
1562,63,0,1,1561,-1,-1,0,0,0,0
1563,37,0.677217,1,1502,1564,1594,30,31,0.668476,0.685958
1564,389,0.354578,-1,1563,1565,1579,14,15,0.341641,0.367515
1565,212,0.232992,-1,1564,1566,1572,6,7,0.222323,0.243662
1566,341,0.077443,-1,1565,1567,1569,2,3,0.0417707,0.113115
1567,208,0.0326048,-1,1566,-1,1568,0,1,0,0.0652095
1568,722,0,1,1567,-1,-1,0,0,0,0
1569,228,0.247324,1,1566,-1,1570,0,2,0,0.258154
1570,72,0.0794208,1,1569,-1,1571,0,1,0,0.158842
1571,88,0,1,1570,-1,-1,0,0,0,0
1572,238,0.198663,1,1565,1573,1575,2,4,0.171441,0.273464
1573,175,0.0385169,-1,1572,-1,1574,0,1,0,0.0770339
1574,279,0,1,1573,-1,-1,0,0,0,0
1575,270,0.273055,1,1572,1576,1577,1,2,0.125996,0.420113
1576,223,0,-1,1575,-1,-1,0,0,0,0
1577,534,0.0467563,1,1575,-1,1578,0,1,0,0.0935126
1578,364,0,1,1577,-1,-1,0,0,0,0
1579,55,0.389227,1,1564,1580,1586,6,8,0.370311,0.430995
1580,274,0.186021,-1,1579,1581,1583,2,3,0.159622,0.21242
1581,249,0.091052,-1,1580,-1,1582,0,1,0,0.182104
1582,807,0,1,1581,-1,-1,0,0,0,0
1583,408,0.0826758,1,1580,-1,1584,0,2,0,0.30427
1584,804,0.192903,1,1583,-1,1585,0,1,0,0.385805
1585,283,0,1,1584,-1,-1,0,0,0,0
1586,92,0.465692,1,1579,1587,1590,3,4,0.269934,0.661451
1587,245,0.104985,-1,1586,-1,1588,0,2,0,0.131486
1588,141,0.0318492,1,1587,-1,1589,0,1,0,0.0636985
1589,593,0,1,1588,-1,-1,0,0,0,0
1590,178,0.146383,1,1586,1591,1592,1,2,0.145899,0.146867
1591,902,0,-1,1590,-1,-1,0,0,0,0
1592,525,0.188745,1,1590,-1,1593,0,1,0,0.377491
1593,955,0,1,1592,-1,-1,0,0,0,0
1594,783,0.408532,1,1563,1595,1609,14,16,0.404135,0.442845
1595,602,0.19919,-1,1594,1596,1602,6,7,0.19747,0.20091
1596,70,0.0888564,-1,1595,1597,1599,2,3,0.0885404,0.0891724
1597,516,0.0184276,-1,1596,-1,1598,0,1,0,0.0368552
1598,284,0,1,1597,-1,-1,0,0,0,0
1599,472,0.140362,1,1596,-1,1600,0,2,0,0.291088
1600,87,0.139851,1,1599,-1,1601,0,1,0,0.279702
1601,639,0,1,1600,-1,-1,0,0,0,0
1602,622,0.261406,1,1595,1603,1605,2,4,0.114348,0.269828
1603,507,0.0854124,-1,1602,-1,1604,0,1,0,0.170825
1604,630,0,1,1603,-1,-1,0,0,0,0
1605,390,0.10304,1,1602,1606,1607,1,2,0.0806743,0.125406
1606,750,0,-1,1605,-1,-1,0,0,0,0
1607,781,0.0419857,1,1605,-1,1608,0,1,0,0.0839713
1608,842,0,1,1607,-1,-1,0,0,0,0
1609,563,0.246919,1,1594,1610,1617,7,8,0.23951,0.254328
1610,313,0.168398,-1,1609,1611,1613,2,4,0.164356,0.215413
1611,177,0.00601921,-1,1610,-1,1612,0,1,0,0.0120384
1612,336,0,1,1611,-1,-1,0,0,0,0
1613,345,0.0495158,1,1610,1614,1615,1,2,0.0443475,0.0546841
1614,558,0,-1,1613,-1,-1,0,0,0,0
1615,273,0.121777,1,1613,-1,1616,0,1,0,0.243553
1616,393,0,1,1615,-1,-1,0,0,0,0
1617,298,0.137439,1,1609,1618,1621,3,4,0.136308,0.13857
1618,833,0.117553,-1,1617,-1,1619,0,2,0,0.232717
1619,828,0.067461,1,1618,-1,1620,0,1,0,0.134922
1620,206,0,1,1619,-1,-1,0,0,0,0
1621,848,0.115063,1,1617,1622,1623,1,2,0.0969397,0.133186
1622,11,0,-1,1621,-1,-1,0,0,0,0
1623,609,0.0235319,1,1621,-1,1624,0,1,0,0.0470639
1624,27,0,1,1623,-1,-1,0,0,0,0
1625,352,2.46899,1,1501,1626,1687,61,63,2.45485,2.49433
1626,404,1.14716,-1,1625,1627,1656,29,31,1.09493,1.16839
1627,200,0.622626,-1,1626,1628,1641,13,15,0.612137,0.676303
1628,311,0.297279,-1,1627,1629,1634,5,7,0.254027,0.337068
1629,160,0.272071,-1,1628,1630,1631,1,3,0.265504,0.288442
1630,377,0,-1,1629,-1,-1,0,0,0,0
1631,659,0.0868706,1,1629,-1,1632,0,2,0,0.240024
1632,852,0.102275,1,1631,-1,1633,0,1,0,0.20455
1633,480,0,1,1632,-1,-1,0,0,0,0
1634,432,0.237659,1,1628,1635,1637,2,4,0.225751,0.381734
1635,772,0.0357872,-1,1634,-1,1636,0,1,0,0.0715745
1636,508,0,1,1635,-1,-1,0,0,0,0
1637,218,0.254185,1,1634,1638,1639,1,2,0.249212,0.259158
1638,809,0,-1,1637,-1,-1,0,0,0,0
1639,737,0.253459,1,1637,-1,1640,0,1,0,0.506918
1640,686,0,1,1639,-1,-1,0,0,0,0
1641,416,0.315652,1,1627,1642,1648,6,8,0.277782,0.3993
1642,643,0.270834,-1,1641,1643,1645,2,3,0.231507,0.310162
1643,963,0.0613305,-1,1642,-1,1644,0,1,0,0.122661
1644,252,0,1,1643,-1,-1,0,0,0,0
1645,687,0.0335762,1,1642,-1,1646,0,2,0,0.394925
1646,836,0.180713,1,1645,-1,1647,0,1,0,0.361425
1647,264,0,1,1646,-1,-1,0,0,0,0
1648,539,0.488606,1,1641,1649,1652,3,4,0.428257,0.548956
1649,997,0.123334,-1,1648,-1,1650,0,2,0,0.223318
1650,351,0.160544,1,1649,-1,1651,0,1,0,0.321088
1651,53,0,1,1650,-1,-1,0,0,0,0
1652,578,0.705535,1,1648,1653,1654,1,2,0.52242,0.888649
1653,305,0,-1,1652,-1,-1,0,0,0,0
1654,861,0.836128,1,1652,-1,1655,0,1,0,1.67226
1655,142,0,1,1654,-1,-1,0,0,0,0
1656,885,0.3504,1,1626,1657,1671,14,16,0.338314,0.350804
1657,203,0.232336,-1,1656,1658,1664,6,7,0.207809,0.256862
1658,187,0.0660683,-1,1657,1659,1661,2,3,0.0634271,0.0687096
1659,745,0.0602671,-1,1658,-1,1660,0,1,0,0.120534
1660,580,0,1,1659,-1,-1,0,0,0,0
1661,43,0.141215,1,1658,-1,1662,0,2,0,0.141399
1662,887,0.0963058,1,1661,-1,1663,0,1,0,0.192612
1663,581,0,1,1662,-1,-1,0,0,0,0
1664,229,0.169166,1,1657,1665,1667,2,4,0.125342,0.423981
1665,775,0.0266362,-1,1664,-1,1666,0,1,0,0.0532723
1666,974,0,1,1665,-1,-1,0,0,0,0
1667,261,0.410808,1,1664,1668,1669,1,2,0.369793,0.451824
1668,938,0,-1,1667,-1,-1,0,0,0,0
1669,835,0.0495336,1,1667,-1,1670,0,1,0,0.0990672
1670,664,0,1,1669,-1,-1,0,0,0,0
1671,706,2.05091,1,1656,1672,1679,7,8,1.92947,2.17236
1672,380,0.346477,-1,1671,1673,1675,2,4,0.311295,0.403791
1673,469,0.229717,-1,1672,-1,1674,0,1,0,0.459434
1674,105,0,1,1673,-1,-1,0,0,0,0
1675,753,0.583251,1,1672,1676,1677,1,2,0.0730839,1.09342
1676,587,0,-1,1675,-1,-1,0,0,0,0
1677,54,0.0741155,1,1675,-1,1678,0,1,0,0.148231
1678,799,0,1,1677,-1,-1,0,0,0,0
1679,158,0.171081,1,1671,1680,1683,3,4,0.139943,0.20222
1680,535,0.24389,-1,1679,-1,1681,0,2,0,0.256655
1681,483,0.00649676,1,1680,-1,1682,0,1,0,0.0129935
1682,40,0,1,1681,-1,-1,0,0,0,0
1683,433,0.182062,1,1679,1684,1685,1,2,0.142705,0.221419
1684,492,0,-1,1683,-1,-1,0,0,0,0
1685,569,1.28385,1,1683,-1,1686,0,1,0,2.5677
1686,734,0,1,1685,-1,-1,0,0,0,0
1687,296,0.476237,1,1625,1688,1718,30,32,0.474302,0.484621
1688,231,0.296813,-1,1687,1689,1703,14,15,0.28508,0.308546
1689,24,0.189958,-1,1688,1690,1696,6,7,0.186739,0.193178
1690,253,0.133252,-1,1689,1691,1693,2,3,0.123471,0.143034
1691,282,0.109907,-1,1690,-1,1692,0,1,0,0.219813
1692,601,0,1,1691,-1,-1,0,0,0,0
1693,931,0.0858556,1,1690,-1,1694,0,2,0,0.180764
1694,697,0.0841542,1,1693,-1,1695,0,1,0,0.168308
1695,849,0,1,1694,-1,-1,0,0,0,0
1696,665,0.223566,1,1689,1697,1699,2,4,0.164951,0.289504
1697,932,0.0207091,-1,1696,-1,1698,0,1,0,0.0414182
1698,222,0,1,1697,-1,-1,0,0,0,0
1699,322,0.28664,1,1696,1700,1701,1,2,0.107028,0.466252
1700,417,0,-1,1699,-1,-1,0,0,0,0
1701,129,0.0101769,1,1699,-1,1702,0,1,0,0.0203538
1702,767,0,1,1701,-1,-1,0,0,0,0
1703,94,0.263173,1,1688,1704,1710,6,8,0.258615,0.271062
1704,613,0.177153,-1,1703,1705,1707,2,3,0.170263,0.184044
1705,888,0.0487356,-1,1704,-1,1706,0,1,0,0.0974711
1706,57,0,1,1705,-1,-1,0,0,0,0
1707,19,0.141369,1,1704,-1,1708,0,2,0,0.224791
1708,570,0.0586566,1,1707,-1,1709,0,1,0,0.117313
1709,317,0,1,1708,-1,-1,0,0,0,0
1710,777,0.2879,1,1703,1711,1714,3,4,0.285041,0.29076
1711,5,0.164652,-1,1710,-1,1712,0,2,0,0.218319
1712,83,0.189582,1,1711,-1,1713,0,1,0,0.379164
1713,810,0,1,1712,-1,-1,0,0,0,0
1714,354,0.378875,1,1710,1715,1716,1,2,0.119607,0.638144
1715,655,0,-1,1714,-1,-1,0,0,0,0
1716,56,0.380242,1,1714,-1,1717,0,1,0,0.760483
1717,704,0,1,1716,-1,-1,0,0,0,0
1718,89,0.630165,1,1687,1719,1734,15,16,0.614771,0.645559
1719,538,0.624353,-1,1718,1720,1726,6,8,0.593888,0.660514
1720,458,0.161132,-1,1719,1721,1723,2,3,0.127087,0.195176
1721,645,0.0942093,-1,1720,-1,1722,0,1,0,0.188419
1722,811,0,1,1721,-1,-1,0,0,0,0
1723,752,0.186032,1,1720,-1,1724,0,2,0,0.339416
1724,434,0.25222,1,1723,-1,1725,0,1,0,0.504441
1725,744,0,1,1724,-1,-1,0,0,0,0
1726,743,0.470979,1,1719,1727,1730,3,4,0.418677,0.52328
1727,667,0.202956,-1,1726,-1,1728,0,2,0,0.472566
1728,841,0.143525,1,1727,-1,1729,0,1,0,0.28705
1729,406,0,1,1728,-1,-1,0,0,0,0
1730,470,0.233158,1,1726,1731,1732,1,2,0.0416137,0.424703
1731,817,0,-1,1730,-1,-1,0,0,0,0
1732,131,0.0362258,1,1730,-1,1733,0,1,0,0.0724516
1733,614,0,1,1732,-1,-1,0,0,0,0
1734,330,0.680173,1,1718,1735,1742,7,8,0.659775,0.700571
1735,660,0.271356,-1,1734,1736,1738,2,4,0.269843,0.361125
1736,636,0.112511,-1,1735,-1,1737,0,1,0,0.225023
1737,497,0,1,1736,-1,-1,0,0,0,0
1738,576,0.134461,1,1735,1739,1740,1,2,0.0909615,0.17796
1739,695,0,-1,1738,-1,-1,0,0,0,0
1740,749,0.218843,1,1738,-1,1741,0,1,0,0.437685
1741,785,0,1,1740,-1,-1,0,0,0,0
1742,448,0.65071,1,1734,1743,1746,3,4,0.523952,0.777468
1743,385,0.0441914,-1,1742,-1,1744,0,2,0,0.991585
1744,806,0.490171,1,1743,-1,1745,0,1,0,0.980342
1745,413,0,1,1744,-1,-1,0,0,0,0
1746,825,0.562043,1,1742,1747,1748,1,2,0.36652,0.757566
1747,652,0,-1,1746,-1,-1,0,0,0,0
1748,488,0.688179,1,1746,-1,1749,0,1,0,1.37636
1749,13,0,1,1748,-1,-1,0,0,0,0
1750,846,2.17915,1,1500,1751,1875,124,125,2.1778,2.1805
1751,9,0.740203,-1,1750,1752,1813,61,62,0.729018,0.751389
1752,766,0.781411,-1,1751,1753,1782,29,31,0.772267,0.790029
1753,308,0.219466,-1,1752,1754,1767,13,15,0.215204,0.224519
1754,515,0.142608,-1,1753,1755,1760,5,7,0.138966,0.147313
1755,444,0.0591259,-1,1754,1756,1757,1,3,0.0464093,0.113566
1756,232,0,-1,1755,-1,-1,0,0,0,0
1757,280,0.172632,1,1755,-1,1758,0,2,0,0.207114
1758,321,0.0305722,1,1757,-1,1759,0,1,0,0.0611445
1759,101,0,1,1758,-1,-1,0,0,0,0
1760,349,0.0988488,1,1754,1761,1763,2,4,0.0913952,0.154084
1761,910,0.0475247,-1,1760,-1,1762,0,1,0,0.0950495
1762,494,0,1,1761,-1,-1,0,0,0,0
1763,490,0.197875,1,1760,1764,1765,1,2,0.146564,0.249185
1764,641,0,-1,1763,-1,-1,0,0,0,0
1765,367,0.0484289,1,1763,-1,1766,0,1,0,0.0968578
1766,821,0,1,1765,-1,-1,0,0,0,0
1767,106,0.411452,1,1753,1768,1774,6,8,0.363888,0.446904
1768,33,0.214208,-1,1767,1769,1771,2,3,0.199002,0.229414
1769,929,0.0597237,-1,1768,-1,1770,0,1,0,0.119447
1770,768,0,1,1769,-1,-1,0,0,0,0
1771,552,0.0671689,1,1768,-1,1772,0,2,0,0.143172
1772,196,0.0384781,1,1771,-1,1773,0,1,0,0.0769562
1773,197,0,1,1772,-1,-1,0,0,0,0
1774,190,0.48778,1,1767,1775,1778,3,4,0.458882,0.516678
1775,854,0.340067,-1,1774,-1,1776,0,2,0,0.425767
1776,797,0.293384,1,1775,-1,1777,0,1,0,0.586768
1777,778,0,1,1776,-1,-1,0,0,0,0
1778,2,0.126921,1,1774,1779,1780,1,2,0.126886,0.126956
1779,10,0,-1,1778,-1,-1,0,0,0,0
1780,514,0.1113,1,1778,-1,1781,0,1,0,0.2226
1781,318,0,1,1780,-1,-1,0,0,0,0
1782,424,0.364334,1,1752,1783,1797,14,16,0.348907,0.38555
1783,863,0.155105,-1,1782,1784,1790,6,7,0.135915,0.174294
1784,464,0.139262,-1,1783,1785,1787,2,3,0.113562,0.164962
1785,951,0.043793,-1,1784,-1,1786,0,1,0,0.087586
1786,239,0,1,1785,-1,-1,0,0,0,0
1787,621,0.133952,1,1784,-1,1788,0,2,0,0.21613
1788,718,0.0439361,1,1787,-1,1789,0,1,0,0.0878722
1789,286,0,1,1788,-1,-1,0,0,0,0
1790,289,0.140805,1,1783,1791,1793,2,4,0.128527,0.14565
1791,754,0.0746395,-1,1790,-1,1792,0,1,0,0.149279
1792,328,0,1,1791,-1,-1,0,0,0,0
1793,975,0.306873,1,1790,1794,1795,1,2,0.282499,0.331246
1794,116,0,-1,1793,-1,-1,0,0,0,0
1795,945,0.0285507,1,1793,-1,1796,0,1,0,0.0571014
1796,91,0,1,1795,-1,-1,0,0,0,0
1797,219,0.314163,1,1782,1798,1805,7,8,0.302509,0.325817
1798,519,0.19868,-1,1797,1799,1801,2,4,0.127966,0.217103
1799,532,0.0565838,-1,1798,-1,1800,0,1,0,0.113168
1800,420,0,1,1799,-1,-1,0,0,0,0
1801,694,0.089089,1,1798,1802,1803,1,2,0.0225609,0.155617
1802,233,0,-1,1801,-1,-1,0,0,0,0
1803,423,0.0830259,1,1801,-1,1804,0,1,0,0.166052
1804,84,0,1,1803,-1,-1,0,0,0,0
1805,431,0.213589,1,1797,1806,1809,3,4,0.19896,0.228217
1806,468,0.112415,-1,1805,-1,1807,0,2,0,0.128691
1807,802,0.113919,1,1806,-1,1808,0,1,0,0.227838
1808,202,0,1,1807,-1,-1,0,0,0,0
1809,663,0.117846,1,1805,1810,1811,1,2,0.0551279,0.180565
1810,373,0,-1,1809,-1,-1,0,0,0,0
1811,921,0.209213,1,1809,-1,1812,0,1,0,0.418426
1812,912,0,1,1811,-1,-1,0,0,0,0
1813,243,1.05822,1,1751,1814,1844,30,31,1.05146,1.06497
1814,163,0.570204,-1,1813,1815,1829,14,15,0.551402,0.589006
1815,427,0.357019,-1,1814,1816,1822,6,7,0.344197,0.369841
1816,137,0.171565,-1,1815,1817,1819,2,3,0.156595,0.186534
1817,980,0.0812647,-1,1816,-1,1818,0,1,0,0.162529
1818,761,0,1,1817,-1,-1,0,0,0,0
1819,425,0.310063,1,1816,-1,1820,0,2,0,0.398615
1820,867,0.119179,1,1819,-1,1821,0,1,0,0.238358
1821,375,0,1,1820,-1,-1,0,0,0,0
1822,595,0.0856789,1,1815,1823,1825,2,4,0.085392,0.125744
1823,548,0.0666929,-1,1822,-1,1824,0,1,0,0.133386
1824,26,0,1,1823,-1,-1,0,0,0,0
1825,880,0.165489,1,1822,1826,1827,1,2,0.0750017,0.255976
1826,952,0,-1,1825,-1,-1,0,0,0,0
1827,520,0.0653154,1,1825,-1,1828,0,1,0,0.130631
1828,118,0,1,1827,-1,-1,0,0,0,0
1829,987,0.47546,1,1814,1830,1836,6,8,0.470916,0.513103
1830,306,0.230359,-1,1829,1831,1833,2,3,0.194291,0.266426
1831,853,0.124087,-1,1830,-1,1832,0,1,0,0.248174
1832,68,0,1,1831,-1,-1,0,0,0,0
1833,398,0.551991,1,1830,-1,1834,0,2,0,0.557147
1834,966,0.0471136,1,1833,-1,1835,0,1,0,0.0942272
1835,277,0,1,1834,-1,-1,0,0,0,0
1836,214,0.386213,1,1829,1837,1840,3,4,0.347437,0.424989
1837,114,0.0781206,-1,1836,-1,1838,0,2,0,0.259426
1838,550,0.116048,1,1837,-1,1839,0,1,0,0.232096
1839,194,0,1,1838,-1,-1,0,0,0,0
1840,323,0.251826,1,1836,1841,1842,1,2,0.199131,0.304521
1841,832,0,-1,1840,-1,-1,0,0,0,0
1842,900,0.278801,1,1840,-1,1843,0,1,0,0.557603
1843,897,0,1,1842,-1,-1,0,0,0,0
1844,670,0.499097,1,1813,1845,1859,14,16,0.483807,0.584778
1845,449,0.340204,-1,1844,1846,1852,6,7,0.303176,0.377232
1846,29,0.209368,-1,1845,1847,1849,2,3,0.204336,0.214401
1847,247,0.1214,-1,1846,-1,1848,0,1,0,0.242801
1848,513,0,1,1847,-1,-1,0,0,0,0
1849,85,0.0737041,1,1846,-1,1850,0,2,0,0.125946
1850,851,0.0936893,1,1849,-1,1851,0,1,0,0.187379
1851,52,0,1,1850,-1,-1,0,0,0,0
1852,96,0.158672,1,1845,1853,1855,2,4,0.151415,0.190821
1853,992,0.143413,-1,1852,-1,1854,0,1,0,0.286825
1854,688,0,1,1853,-1,-1,0,0,0,0
1855,681,0.280751,1,1852,1856,1857,1,2,0.261663,0.29984
1856,455,0,-1,1855,-1,-1,0,0,0,0
1857,708,0.148707,1,1855,-1,1858,0,1,0,0.297414
1858,93,0,1,1857,-1,-1,0,0,0,0
1859,568,0.490819,1,1844,1860,1867,7,8,0.463954,0.517685
1860,139,0.400755,-1,1859,1861,1863,2,4,0.376953,0.42342
1861,51,0.0201101,-1,1860,-1,1862,0,1,0,0.0402203
1862,335,0,1,1861,-1,-1,0,0,0,0
1863,395,0.248162,1,1860,1864,1865,1,2,0.0885879,0.407735
1864,430,0,-1,1863,-1,-1,0,0,0,0
1865,267,0.383208,1,1863,-1,1866,0,1,0,0.766416
1866,959,0,1,1865,-1,-1,0,0,0,0
1867,120,0.66134,1,1859,1868,1871,3,4,0.579929,0.742752
1868,25,0.838547,-1,1867,-1,1869,0,2,0,1.0019
1869,545,0.17588,1,1868,-1,1870,0,1,0,0.351761
1870,81,0,1,1869,-1,-1,0,0,0,0
1871,334,0.780949,1,1867,1872,1873,1,2,0.415301,1.1466
1872,248,0,-1,1871,-1,-1,0,0,0,0
1873,755,0.442581,1,1871,-1,1874,0,1,0,0.885161
1874,996,0,1,1873,-1,-1,0,0,0,0
1875,268,0.795671,1,1750,1876,1937,61,63,0.78502,0.85048
1876,75,0.600661,-1,1875,1877,1906,29,31,0.593759,0.646376
1877,958,0.297173,-1,1876,1878,1891,13,15,0.288852,0.328852
1878,44,0.166033,-1,1877,1879,1884,5,7,0.0916231,0.244791
1879,0,0.0328496,-1,1878,1880,1881,1,3,0.0116143,0.0376996
1880,961,0,-1,1879,-1,-1,0,0,0,0
1881,159,0.11623,1,1879,-1,1882,0,2,0,0.120452
1882,127,0.00435571,1,1881,-1,1883,0,1,0,0.00871143
1883,269,0,1,1882,-1,-1,0,0,0,0
1884,555,0.118168,1,1878,1885,1887,2,4,0.110095,0.122472
1885,125,0.042635,-1,1884,-1,1886,0,1,0,0.0852699
1886,610,0,1,1885,-1,-1,0,0,0,0
1887,185,0.0979201,1,1884,1888,1889,1,2,0.0917866,0.104054
1888,553,0,-1,1887,-1,-1,0,0,0,0
1889,967,0.0415357,1,1887,-1,1890,0,1,0,0.0830715
1890,65,0,1,1889,-1,-1,0,0,0,0
1891,355,0.25357,1,1877,1892,1898,6,8,0.170813,0.295911
1892,684,0.0952167,-1,1891,1893,1895,2,3,0.0864555,0.103978
1893,820,0.0216872,-1,1892,-1,1894,0,1,0,0.0433744
1894,285,0,1,1893,-1,-1,0,0,0,0
1895,544,0.162426,1,1892,-1,1896,0,2,0,0.176261
1896,565,0.0374184,1,1895,-1,1897,0,1,0,0.0748367
1897,172,0,1,1896,-1,-1,0,0,0,0
1898,537,0.0984073,1,1891,1899,1902,3,4,0.0827636,0.114051
1899,358,0.0785468,-1,1898,-1,1900,0,2,0,0.116266
1900,898,0.0425106,1,1899,-1,1901,0,1,0,0.0850212
1901,258,0,1,1900,-1,-1,0,0,0,0
1902,366,0.10963,1,1898,1903,1904,1,2,0.0743545,0.144905
1903,205,0,-1,1902,-1,-1,0,0,0,0
1904,824,0.35028,1,1902,-1,1905,0,1,0,0.70056
1905,153,0,1,1904,-1,-1,0,0,0,0
1906,343,0.378873,1,1876,1907,1921,14,16,0.375852,0.382989
1907,34,0.321184,-1,1906,1908,1914,6,7,0.308404,0.333964
1908,132,0.120992,-1,1907,1909,1911,2,3,0.114422,0.127562
1909,798,0.0946417,-1,1908,-1,1910,0,1,0,0.189283
1910,562,0,1,1909,-1,-1,0,0,0,0
1911,611,0.231073,1,1908,-1,1912,0,2,0,0.291855
1912,307,0.0683866,1,1911,-1,1913,0,1,0,0.136773
1913,813,0,1,1912,-1,-1,0,0,0,0
1914,834,0.275018,1,1907,1915,1917,2,4,0.24425,0.30498
1915,7,0.075296,-1,1914,-1,1916,0,1,0,0.150592
1916,928,0,1,1915,-1,-1,0,0,0,0
1917,80,0.121804,1,1914,1918,1919,1,2,0.0849472,0.15866
1918,717,0,-1,1917,-1,-1,0,0,0,0
1919,346,0.0547968,1,1917,-1,1920,0,1,0,0.109594
1920,701,0,1,1919,-1,-1,0,0,0,0
1921,71,0.183662,1,1906,1922,1929,7,8,0.17966,0.187664
1922,757,0.11318,-1,1921,1923,1925,2,4,0.0973493,0.11966
1923,713,0.0385937,-1,1922,-1,1924,0,1,0,0.0771875
1924,606,0,1,1923,-1,-1,0,0,0,0
1925,309,0.100691,1,1922,1926,1927,1,2,0.0859379,0.115443
1926,864,0,-1,1925,-1,-1,0,0,0,0
1927,255,0.0492714,1,1925,-1,1928,0,1,0,0.0985427
1928,288,0,1,1927,-1,-1,0,0,0,0
1929,369,0.11552,1,1921,1930,1933,3,4,0.112361,0.11868
1930,338,0.0589658,-1,1929,-1,1931,0,2,0,0.0950253
1931,312,0.037691,1,1930,-1,1932,0,1,0,0.0753819
1932,939,0,1,1931,-1,-1,0,0,0,0
1933,436,0.157327,1,1929,1934,1935,1,2,0.129119,0.185535
1934,182,0,-1,1933,-1,-1,0,0,0,0
1935,702,0.122374,1,1933,-1,1936,0,1,0,0.244747
1936,295,0,1,1935,-1,-1,0,0,0,0
1937,154,0.604265,1,1875,1938,1968,30,32,0.564034,0.610001
1938,709,0.560803,-1,1937,1939,1953,14,15,0.553031,0.568575
1939,954,0.303672,-1,1938,1940,1946,6,7,0.303227,0.304117
1940,860,0.199755,-1,1939,1941,1943,2,3,0.173554,0.225957
1941,685,0.0399874,-1,1940,-1,1942,0,1,0,0.0799747
1942,319,0,1,1941,-1,-1,0,0,0,0
1943,204,0.140922,1,1940,-1,1944,0,2,0,0.415956
1944,793,0.232124,1,1943,-1,1945,0,1,0,0.464248
1945,989,0,1,1944,-1,-1,0,0,0,0
1946,529,0.269582,1,1939,1947,1949,2,4,0.231781,0.317722
1947,896,0.183504,-1,1946,-1,1948,0,1,0,0.367009
1948,230,0,1,1947,-1,-1,0,0,0,0
1949,934,0.210917,1,1946,1950,1951,1,2,0.178622,0.243213
1950,287,0,-1,1949,-1,-1,0,0,0,0
1951,579,0.271648,1,1949,-1,1952,0,1,0,0.543296
1952,971,0,1,1951,-1,-1,0,0,0,0
1953,993,0.309054,1,1938,1954,1960,6,8,0.302482,0.315098
1954,350,0.290868,-1,1953,1955,1957,2,3,0.269812,0.311924
1955,543,0.100235,-1,1954,-1,1956,0,1,0,0.200469
1956,876,0,1,1955,-1,-1,0,0,0,0
1957,379,0.0782354,1,1954,-1,1958,0,2,0,0.101344
1958,353,0.0609229,1,1957,-1,1959,0,1,0,0.121846
1959,503,0,1,1958,-1,-1,0,0,0,0
1960,693,0.246495,1,1953,1961,1964,3,4,0.232014,0.260976
1961,774,0.135132,-1,1960,-1,1962,0,2,0,0.161696
1962,901,0.0553679,1,1961,-1,1963,0,1,0,0.110736
1963,800,0,1,1962,-1,-1,0,0,0,0
1964,363,0.14461,1,1960,1965,1966,1,2,0.0860135,0.203207
1965,479,0,-1,1964,-1,-1,0,0,0,0
1966,193,0.176399,1,1964,-1,1967,0,1,0,0.352797
1967,947,0,1,1966,-1,-1,0,0,0,0
1968,156,1.76858,1,1937,1969,1984,15,16,1.72129,1.81587
1969,143,0.41655,-1,1968,1970,1976,6,8,0.356432,0.425784
1970,440,0.357832,-1,1969,1971,1973,2,3,0.315546,0.400118
1971,765,0.0790052,-1,1970,-1,1972,0,1,0,0.15801
1972,372,0,1,1971,-1,-1,0,0,0,0
1973,683,0.204232,1,1970,-1,1974,0,2,0,0.265503
1974,225,0.233134,1,1973,-1,1975,0,1,0,0.466269
1975,782,0,1,1974,-1,-1,0,0,0,0
1976,522,0.730021,1,1969,1977,1980,3,4,0.702129,0.757912
1977,14,0.0971578,-1,1976,-1,1978,0,2,0,0.751993
1978,8,0.328243,1,1977,-1,1979,0,1,0,0.656486
1979,409,0,1,1978,-1,-1,0,0,0,0
1980,476,0.967212,1,1976,1981,1982,1,2,0.922753,1.01167
1981,475,0,-1,1980,-1,-1,0,0,0,0
1982,763,0.893586,1,1980,-1,1983,0,1,0,1.78717
1983,575,0,1,1982,-1,-1,0,0,0,0
1984,769,0.218098,1,1968,1985,1992,7,8,0.213096,0.2231
1985,112,0.163124,-1,1984,1986,1988,2,4,0.162217,0.228992
1986,511,0.0542469,-1,1985,-1,1987,0,1,0,0.108494
1987,48,0,1,1986,-1,-1,0,0,0,0
1988,69,0.0858116,1,1985,1989,1990,1,2,0.0320144,0.139609
1989,110,0,-1,1988,-1,-1,0,0,0,0
1990,477,0.130227,1,1988,-1,1991,0,1,0,0.260454
1991,858,0,1,1990,-1,-1,0,0,0,0
1992,536,1.20485,1,1984,1993,1996,3,4,1.14752,1.26218
1993,378,0.486893,-1,1992,-1,1994,0,2,0,0.719336
1994,918,0.601567,1,1993,-1,1995,0,1,0,1.20313
1995,874,0,1,1994,-1,-1,0,0,0,0
1996,242,1.46717,1,1992,1997,1998,1,2,0.218881,2.71545
1997,386,0,-1,1996,-1,-1,0,0,0,0
1998,493,0.261437,1,1996,-1,1999,0,1,0,0.522874
1999,342,0,1,1998,-1,-1,0,0,0,0
