ID,VP Index,Mediana,L_R,ID_Parent,L_kid,R_kid,L_kid_N,R_kid_N,Left Bound,Right Bound
0,5,2.67191,0,-1,1,15,14,15,2.45154,2.89228
1,10,2.48257,-1,0,2,8,6,7,2.46371,2.50143
2,14,0.958074,-1,1,3,5,2,3,0.62006,1.29609
3,4,0.102031,-1,2,-1,4,0,1,0,0.204062
4,0,0,1,3,-1,-1,0,0,0,0
5,1,0.405852,1,2,-1,6,0,2,0,2.22134
6,6,1.28801,1,5,-1,7,0,1,0,2.57603
7,8,0,1,6,-1,-1,0,0,0,0
8,9,2.17761,1,1,9,11,2,4,1.78935,2.32983
9,3,0.727309,-1,8,-1,10,0,1,0,1.45462
10,13,0,1,9,-1,-1,0,0,0,0
11,2,0.343936,1,8,12,13,1,2,0.123421,0.564452
12,7,0,-1,11,-1,-1,0,0,0,0
13,12,0.19046,1,11,-1,14,0,1,0,0.38092
14,11,0,1,13,-1,-1,0,0,0,0
15,21,1.53742,1,0,16,22,6,8,1.35905,1.94315
16,16,1.6868,-1,15,17,19,2,3,1.65071,1.72288
17,19,0.617075,-1,16,-1,18,0,1,0,1.23415
18,17,0,1,17,-1,-1,0,0,0,0
19,18,0.579926,1,16,-1,20,0,2,0,0.908437
20,23,0.728702,1,19,-1,21,0,1,0,1.4574
21,24,0,1,20,-1,-1,0,0,0,0
22,25,1.69817,1,15,23,26,3,4,1.52002,1.87633
23,29,1.23237,-1,22,-1,24,0,2,0,1.35965
24,20,0.373251,1,23,-1,25,0,1,0,0.746502
25,28,0,1,24,-1,-1,0,0,0,0
26,27,1.09582,1,22,27,28,1,2,1.03328,1.15837
27,26,0,-1,26,-1,-1,0,0,0,0
28,22,1.46467,1,26,-1,29,0,1,0,2.92934
29,15,0,1,28,-1,-1,0,0,0,0
