ID,VP Index,Mediana,L_R,ID_Parent,L_kid,R_kid,L_kid_N,R_kid_N,Left Bound,Right Bound
0,0,2.68462,0,-1,1,15,14,15,0,0
1,10,2.48257,-1,0,2,8,6,7,0,0
2,5,0.911459,-1,1,3,5,2,3,0,0
3,4,0.242478,-1,2,-1,4,0,1,0,0
4,14,0,1,3,-1,-1,0,0,0,0
5,8,2.22134,1,2,-1,6,0,2,0,0
6,6,0.202926,1,5,-1,7,0,1,0,0
7,1,0,1,6,-1,-1,0,0,0,0
8,3,1.03333,1,1,9,11,2,4,0,0
9,11,0.19046,-1,8,-1,10,0,1,0,0
10,12,0,1,9,-1,-1,0,0,0,0
11,13,1.62183,1,8,12,13,1,2,0,0
12,9,0,-1,11,-1,-1,0,0,0,0
13,7,0.0617103,1,11,-1,14,0,1,0,0
14,2,0,1,13,-1,-1,0,0,0,0
15,16,1.70895,1,0,16,22,6,8,0,0
16,22,1.89785,-1,15,17,19,2,3,0,0
17,27,1.02285,-1,16,-1,18,0,1,0,0
18,19,0,1,17,-1,-1,0,0,0,0
19,21,1.18789,1,16,-1,20,0,2,0,0
20,15,0.704153,1,19,-1,21,0,1,0,0
21,17,0,1,20,-1,-1,0,0,0,0
22,24,1.59088,1,15,23,26,3,4,0,0
23,23,0.908437,-1,22,-1,24,0,2,0,0
24,18,0.582179,1,23,-1,25,0,1,0,0
25,29,0,1,24,-1,-1,0,0,0,0
26,28,0.795784,1,22,27,28,1,2,0,0
27,20,0,-1,26,-1,-1,0,0,0,0
28,25,1.08052,1,26,-1,29,0,1,0,0
29,26,0,1,28,-1,-1,0,0,0,0
