-0.212721,0.369257,1,
-1.50355,-1.10176,1,
-0.0661181,-0.354777,1,
-0.755377,1.33232,1,
2.00832,-0.449549,1,
0.37277,0.402217,1,
2.40331,-1.24062,1,
-0.338125,-0.904934,1,
-0.169293,1.22797,1,
1.66595,0.174271,1,
-0.13307,0.33089,1,
2.56912,0.301993,1,
1.02277,0.632042,1,
-1.53855,-0.672991,1,
0.866258,-1.2771,1,
1.32982,-0.297273,1,
0.819305,0.616591,1,
-0.805541,-0.16614,1,
-1.00169,-0.638871,1,
0.379342,-0.67973,1,
0.527484,0.48888,1,
0.681131,-0.595771,1,
0.323185,0.759605,1,
0.244008,-0.276017,1,
0.608012,1.02649,1,
0.604605,0.959356,1,
-0.805758,-0.0965532,1,
0.690333,0.440899,1,
0.345117,-1.95341,1,
0.385314,-2.38431,1,
-1.20475,-0.297896,1,
0.9657,0.206528,1,
0.55828,-1.46274,1,
-0.546727,-1.02134,1,
0.228569,0.389999,1,
-0.0674169,-0.0338117,1,
-0.338871,-0.0470798,1,
-0.251072,-0.20188,1,
-1.17031,-0.267368,1,
-0.875776,-0.378618,1,
1.24975,-0.855192,1,
-0.766203,-0.178837,1,
0.609592,0.220389,1,
0.386608,1.30919,1,
-1.09135,1.02901,1,
-1.15103,1.79898,1,
0.777953,-0.406371,1,
0.521021,0.185187,1,
0.864942,0.834595,1,
-0.250902,0.430149,1,
-1.29173,0.553116,1,
1.97416,-0.614006,1,
-0.0736805,-0.513216,1,
-0.534299,-0.68748,1,
0.136731,0.439116,1,
0.162765,-0.73114,1,
-0.752499,-0.384299,1,
0.326503,-0.449807,1,
-0.845792,-2.1851,1,
0.99284,-0.897173,1,
-1.24368,-0.378528,1,
0.282944,-0.364496,1,
0.602113,0.285707,1,
0.0528652,1.04345,1,
3.24941,0.415463,-1,
-0.567278,1.37119,1,
0.0385602,0.202368,1,
1.68338,-1.2271,1,
0.162869,-1.73995,1,
-0.628935,-0.059126,1,
0.370203,-0.728724,1,
-1.9044,-1.02191,1,
0.177748,-0.0842743,1,
-0.566751,-2.01653,1,
-1.44238,-1.32313,1,
0.540813,1.08756,1,
0.31456,0.454323,1,
0.166739,-1.32313,1,
1.00059,1.03222,1,
0.885817,4.1842,-1,
-0.60679,0.189497,1,
-0.622401,0.427132,1,
-0.0153159,-0.274302,1,
0.65589,0.0933786,1,
0.275177,0.710913,1,
2.02582,0.22307,1,
-0.0268696,-0.270746,1,
-0.568146,1.03399,1,
-0.102369,0.211077,1,
1.33281,-2.02161,1,
-0.937245,0.0255496,1,
0.675136,0.600679,1,
0.458846,-0.729764,1,
-1.60057,0.229966,1,
0.286871,1.39389,1,
0.498007,-0.159734,1,
-3.03287,-0.374911,-1,
1.25669,0.826595,1,
0.815541,0.107557,1,
-0.252301,1.0978,1,
0.71668,-0.659409,1,
0.121701,1.30691,1,
0.705074,1.77749,1,
1.06439,0.0784506,1,
2.12164,0.809486,1,
0.109161,-1.30001,1,
0.53196,-0.66999,1,
0.266418,0.32496,1,
-0.556076,-0.783319,1,
-0.103446,-1.09639,1,
0.533689,-0.562744,1,
0.432661,0.256781,1,
-1.01815,1.83537,1,
0.650716,1.12252,1,
-0.775061,-0.576089,1,
2.07572,0.233676,1,
0.321957,0.966634,1,
-0.274172,0.202243,1,
1.25531,-1.98566,1,
-2.29943,-0.611274,1,
1.44461,-0.313842,1,
-1.96007,-1.90611,-1,
0.498061,-0.835743,1,
-1.45099,-0.0502222,1,
0.462838,-1.65595,1,
0.687891,2.84129,-1,
0.553175,-1.18127,1,
-1.67715,0.230636,1,
1.09007,-1.28485,1,
-0.507871,0.076827,1,
0.369635,-0.907728,1,
-1.64871,-0.744727,1,
-1.3851,-0.028014,1,
0.548848,0.774552,1,
0.754081,0.551398,1,
0.330768,1.00772,1,
0.749565,0.0997288,1,
-0.274474,-1.00389,1,
0.206142,0.0238597,1,
2.41181,0.349243,1,
1.36164,-0.390235,1,
0.978763,1.61014,1,
0.394581,0.160415,1,
0.0796998,1.64965,1,
0.93999,-0.650533,1,
1.59137,1.36773,1,
0.836967,0.236069,1,
0.0259317,1.66547,1,
-0.224486,0.601965,1,
-0.453832,-0.40044,1,
-1.37302,0.437976,1,
-0.734537,-0.357487,1,
-2.13303,0.333528,1,
-0.567262,-0.286221,1,
-1.78352,0.579218,1,
-0.142869,0.454411,1,
0.551544,0.512434,1,
-0.298166,-0.142882,1,
-1.74666,2.53365,-1,
0.0268393,0.204112,1,
-1.89934,0.849761,1,
1.15117,-1.9098,1,
-0.063506,-0.451823,1,
0.891439,-0.0770279,1,
-1.19977,-1.09746,1,
-0.0364751,-0.814613,1,
-0.938948,0.628589,1,
0.441136,-0.558543,1,
-1.75987,-0.715138,1,
1.0646,-0.913978,1,
0.056776,-0.496044,1,
1.08909,-1.23059,1,
0.561076,1.4609,1,
-1.26547,0.725621,1,
0.99097,-1.32439,1,
-1.09119,-0.597039,1,
-0.139031,-2.01577,1,
-0.0785156,1.52399,1,
-0.368844,-1.48264,1,
0.40883,1.04156,1,
1.07886,-0.270364,1,
-0.414938,0.777147,1,
-2.08935,-2.01248,-1,
0.52107,-1.38712,1,
-1.80271,-0.859878,1,
0.907464,-0.244851,1,
1.6992,0.373159,1,
-0.436364,-0.771361,1,
-2.28863,-1.72912,-1,
-0.0234195,0.654353,1,
1.24584,-0.890216,1,
0.443687,-0.832521,1,
0.348612,0.395196,1,
-1.24004,0.916929,1,
1.7237,-1.07861,1,
0.965306,-0.660853,1,
-0.617356,-0.869146,1,
-1.16759,1.45016,1,
-0.425383,0.846666,1,
0.295248,-1.26827,1,
0.694807,1.76589,1,
0.419425,-0.301814,1,
-1.8995,-0.777481,1,
0.22143,-0.70786,1,
0.14124,-0.330738,1,
-0.108801,-1.7416,1,
0.210848,-1.84102,1,
1.09341,0.727892,1,
-0.848478,1.02704,1,
1.5628,1.55751,1,
1.24606,-1.39501,1,
0.944596,0.53436,1,
-0.931018,0.130929,1,
-1.86915,-0.496182,1,
1.95913,-0.767362,1,
0.534658,0.868355,1,
-0.633817,0.307376,1,
0.501465,-1.06043,1,
-1.1475,-1.1292,1,
-0.446021,1.18667,1,
-1.63012,1.54198,1,
-1.24573,0.048521,1,
-0.421524,0.21428,1,
1.67241,-0.461724,1,
-0.485887,0.539511,1,
-0.603859,0.388903,1,
-0.964584,-0.0958458,1,
-1.36104,0.780563,1,
-0.0738007,0.459809,1,
2.00975,0.401736,1,
0.566681,-1.14162,1,
1.27971,-0.438677,1,
1.34296,-0.823487,1,
0.405326,-1.32398,1,
0.974763,-0.807181,1,
0.146019,-0.664987,1,
-1.3231,-0.53534,1,
-0.0448802,-0.86929,1,
-2.41298,1.94809,-1,
-0.306541,-1.01707,1,
-0.251123,1.70212,1,
-1.09233,-1.72575,1,
-1.2226,0.336972,1,
0.07674,0.174799,1,
-0.0827418,0.676572,1,
-1.16642,-0.692654,1,
-0.69414,-1.24175,1,
-0.56439,-1.5059,1,
-0.669779,0.938922,1,
1.74161,-0.356082,1,
0.0826597,-1.41792,1,
0.127418,1.67514,1,
1.33334,1.23692,1,
0.621843,-0.0830995,1,
0.855707,-2.61173,-1,
0.793322,0.569555,1,
-1.49705,-0.0945778,1,
1.71299,0.527188,1,
1.87425,1.16721,1,
-0.884092,1.04084,1,
0.229758,0.629522,1,
1.54884,-1.24415,1,
0.969058,0.936358,1,
0.926355,0.28722,1,
0.333818,0.250894,1,
-1.28072,-1.80645,1,
1.50311,2.15217,-1,
1.23361,-0.601793,1,
0.427161,1.19722,1,
0.0126052,-0.845212,1,
0.30283,-0.711288,1,
0.323774,-0.665514,1,
-0.525522,2.5472,1,
0.310262,-0.696175,1,
-0.0697667,-0.230902,1,
-0.306969,0.0163945,1,
-1.31188,-0.854208,1,
0.0845136,-1.1164,1,
-1.64197,0.767979,1,
0.496714,-2.08151,1,
-0.12765,-0.543943,1,
-0.148013,0.013547,1,
-0.75203,-2.24174,1,
-0.449419,0.16314,1,
-0.319187,1.23545,1,
-0.238764,1.4728,1,
-1.14058,0.879829,1,
0.774129,0.703355,1,
2.52284,0.698612,1,
0.727292,-1.29603,1,
0.101185,1.97007,1,
-0.0821925,-0.1263,1,
-0.204607,-0.248836,1,
-0.265437,-0.568955,1,
-0.788473,-0.317447,1,
0.0302725,-1.33673,1,
-0.69749,-3.21591,-1,
0.514796,1.83776,1,
0.845952,1.37789,1,
0.881658,1.33937,1,
0.963549,-0.649962,1,
-0.0281529,0.969463,1,
-0.00818637,-1.02338,1,
-0.213448,-0.138863,1,
-0.124832,-0.692914,1,
-0.679213,0.11613,1,
-1.04823,0.225245,1,
-0.938641,-0.225156,1,
-1.64716,-0.753037,1,
1.17195,-0.305107,1,
0.700673,0.5263,1,
-1.15812,0.450787,1,
-0.0754696,-0.513215,1,
-0.872292,-0.186179,1,
1.20653,-0.556209,1,
0.561262,0.671765,1,
0.0544332,-0.121678,1,
1.89275,-0.932229,1,
1.15263,-0.58885,1,
1.09514,-0.476356,1,
-0.21224,-0.271834,1,
0.715799,0.197399,1,
-0.604893,-0.912559,1,
-0.128243,-0.206657,1,
-0.582775,-0.794387,1,
-1.44052,1.00259,1,
0.366512,-1.99282,1,
0.0376638,-1.31977,1,
-0.0154449,0.768312,1,
1.30896,1.51492,1,
1.05682,1.31469,1,
-0.0624375,-0.30491,1,
0.202215,-0.255552,1,
-2.26902,0.931943,1,
0.285142,0.505058,1,
0.0797514,1.91367,1,
0.625753,0.0995633,1,
-0.561589,1.25163,1,
0.232409,0.436365,1,
-0.763138,0.206964,1,
-0.0440128,-2.13761,1,
0.313777,0.81482,1,
0.926813,-0.198407,1,
-0.394283,1.00861,1,
0.580358,-1.08979,1,
0.738174,0.843945,1,
1.2779,-0.764877,1,
-0.249721,-1.24934,1,
-1.59423,-0.484456,1,
-0.512753,-0.142733,1,
0.0887349,-0.547246,1,
1.16907,-0.380601,1,
0.679244,0.148876,1,
-0.107508,-0.307856,1,
-0.0864574,-0.83966,1,
-1.41434,1.32933,1,
0.257313,0.32465,1,
-1.3563,2.31085,-1,
1.08558,0.851125,1,
0.268886,-0.307737,1,
-1.56496,-0.16754,1,
-0.851278,-0.536897,1,
-1.93838,-1.02272,1,
0.784059,-0.0460362,1,
-0.203969,0.177769,1,
-1.3116,-0.435308,1,
-0.0715254,0.271722,1,
0.498899,-0.386483,1,
-0.00686144,-1.76966,1,
-1.63199,-0.38693,1,
0.634886,2.09463,1,
-0.50307,-0.164559,1,
1.32743,1.3219,1,
1.21297,-0.833472,1,
1.47027,0.62389,1,
0.397405,0.204432,1,
0.650607,0.709332,1,
0.481001,-1.19495,1,
0.198588,-0.765155,1,
1.80368,-0.218791,1,
0.542141,1.46596,1,
0.697628,-0.314981,1,
-0.254305,0.678071,1,
1.16884,1.2903,1,
0.243473,-1.07792,1,
-0.0520282,-0.577909,1,
-0.074317,-0.41614,1,
-0.929013,1.29497,1,
0.393049,-0.363346,1,
1.34355,-0.465869,1,
0.962457,0.468955,1,
-1.74105,-0.0989397,1,
1.28214,-2.73106,-1,
-1.73754,1.35441,1,
-0.616454,-1.25731,1,
-1.18719,-1.22553,1,
-1.36805,0.915906,1,
0.263751,-0.808419,1,
0.870413,0.540554,1,
-0.133189,-0.0911067,1,
0.342242,-1.90324,1,
-0.922531,0.81104,1,
0.518918,-0.479935,1,
-0.727188,-1.07658,1,
-1.64881,0.420817,1,
-0.0982524,-0.562536,1,
0.404308,1.58325,1,
-0.0679453,-0.781011,1,
0.439633,0.584492,1,
-0.86202,0.141095,1,
0.183165,0.120288,1,
-2.39684,0.715149,1,
1.2036,-0.314136,1,
0.233085,0.999187,1,
-0.467894,2.06628,1,
1.26652,0.0643066,1,
-2.32508,-0.8962,1,
-1.07532,-1.14716,1,
1.88578,-0.400383,1,
-0.475999,-1.24084,1,
-0.114567,-1.01187,1,
2.01777,-1.52431,1,
1.42563,0.238086,1,
0.0312833,0.206634,1,
2.57831,0.661819,1,
1.13416,-0.646374,1,
-0.312268,0.561323,1,
-0.57036,1.09881,1,
0.452523,1.28904,1,
-0.25636,-0.569818,1,
0.955856,0.0460612,1,
2.0808,-1.48312,1,
-0.36345,1.37881,1,
-0.358631,-1.66168,1,
-0.748074,-0.596878,1,
0.00525862,-0.931106,1,
0.0923839,-1.20528,1,
-0.24254,0.204678,1,
-0.881768,-1.56052,1,
0.340701,-0.503345,1,
0.820418,-0.39836,1,
0.70234,1.03456,1,
-0.917305,-1.12909,1,
-1.068,-1.16176,1,
-0.717466,0.036305,1,
1.40149,-0.551614,1,
-0.28346,0.17333,1,
0.820543,-1.08741,1,
-0.287587,0.319105,1,
-0.516602,0.871236,1,
1.884,-1.42213,1,
-0.379841,0.438533,1,
-1.65217,-0.349875,1,
0.312365,-1.01476,1,
-0.0715567,1.25592,1,
-2.34245,0.496157,1,
-0.324804,0.814587,1,
-1.05457,-0.234608,1,
0.405356,0.171802,1,
0.627505,2.26168,1,
1.41453,-1.26194,1,
-0.492839,-0.758286,1,
-1.11487,0.289123,1,
-1.38758,1.32681,1,
0.181026,0.420717,1,
0.0451191,-1.31105,1,
0.0965518,-0.119755,1,
0.0951207,-0.94191,1,
0.168896,-0.162734,1,
-0.952234,2.41034,-1,
0.957355,0.953443,1,
-0.666203,1.99246,1,
1.36025,1.25345,1,
-0.979222,0.742965,1,
0.405188,-0.669773,1,
-0.0243825,-0.912936,1,
-0.589718,0.482767,1,
-0.466067,-0.00264663,1,
-0.086193,0.138333,1,
-0.727859,0.865782,1,
-0.288986,0.197025,1,
1.51772,-0.700945,1,
1.5666,-1.61503,1,
-0.961491,-0.517217,1,
1.10366,1.10661,1,
-0.869707,-0.468319,1,
0.458499,-1.3295,1,
-0.10768,1.18915,1,
1.71588,-0.378295,1,
1.12611,-0.95295,1,
-1.67703,0.346752,1,
0.833573,0.623428,1,
1.74106,1.54874,1,
1.75071,0.551736,1,
1.50421,-1.86306,1,
-0.0958164,2.16936,1,
0.210397,-0.225437,1,
-0.868486,2.16189,1,
0.478451,-1.23569,1,
1.70399,0.5568,1,
1.18719,-0.964312,1,
1.16793,-0.0164759,1,
-1.63988,-1.3439,1,
-1.21779,-2.19766,1,
-1.55851,-0.840617,1,
0.449922,1.47687,1,
-0.981092,2.13547,1,
-0.424014,0.28083,1,
0.829247,-1.48309,1,
0.679756,-1.26991,1,
1.24748,0.330878,1,
0.707175,-0.51224,1,
0.37939,0.06936,1,
0.540473,0.0677688,1,
-0.442531,-0.817761,1,
-0.45801,1.24897,1,
1.23918,-0.956131,1,
0.962725,0.440507,1,
-0.530849,0.0108919,1,
-2.57636,-0.0711666,1,
0.0956387,-0.935264,1,
0.0125121,-0.042274,1,
-0.819383,0.672965,1,
-0.408031,-1.72766,1,
-0.753675,-0.517703,1,
0.302782,1.18377,1,
1.10096,-0.822204,1,
0.519994,-0.012,1,
-0.907173,0.788397,1,
1.36657,-2.01603,1,
-1.45832,-1.60578,1,
-0.804316,0.450695,1,
1.43398,1.19841,1,
0.252738,-2.26296,1,
1.1466,-1.99595,1,
0.66201,-0.412411,1,
0.31404,1.15401,1,
1.52153,0.359813,1,
0.132237,-0.435195,1,
-0.0868515,1.45359,1,
-1.02022,0.0200261,1,
0.102249,-1.47797,1,
0.0601563,-1.07089,1,
-0.488213,1.30348,1,
1.7659,-0.36814,1,
0.208783,-0.74796,1,
1.49332,-0.16571,1,
-2.16847,1.33866,1,
1.04753,1.47717,1,
-1.69525,-0.109987,1,
-0.434424,0.0132036,1,
-0.0322941,-0.248006,1,
1.02793,-1.16626,1,
-0.203094,-0.39188,1,
1.06894,0.704116,1,
0.339184,0.280463,1,
-1.9233,-2.81376,-1,
0.610536,1.54371,1,
0.490373,-0.0501594,1,
-0.439346,0.970789,1,
-0.900084,-1.23659,1,
0.143324,0.845396,1,
0.829411,-1.78936,1,
-0.104488,0.0117544,1,
0.646556,0.0854136,1,
2.6688,-0.260763,-1,
-1.08943,-0.07531,1,
0.629522,0.360079,1,
-1.03934,-0.587845,1,
-1.10253,0.163291,1,
0.599076,-2.45702,1,
1.54812,0.65052,1,
-0.406741,1.90211,1,
-0.427278,0.800699,1,
-0.710945,0.755771,1,
1.32273,0.396444,1,
0.409948,0.528071,1,
-0.774061,1.30972,1,
0.978205,-0.311409,1,
0.289004,-0.748882,1,
0.0280962,0.759353,1,
-0.126276,-0.18881,1,
-0.750311,-1.83083,1,
-0.508124,-0.345061,1,
-0.32265,0.0978836,1,
0.559196,0.578171,1,
1.5756,-0.0129037,1,
1.54025,-2.54702,1,
2.35616,0.967223,1,
-1.14314,0.383354,1,
1.79261,0.00885033,1,
-1.30899,-0.0903359,1,
0.648359,-0.199472,1,
0.0770791,-0.532224,1,
-1.23966,0.347415,1,
-1.45337,-0.591312,1,
-0.410899,-1.28505,1,
-0.406898,0.51313,1,
-0.963214,-0.67602,1,
-0.64736,0.82516,1,
-0.975199,1.44595,1,
-1.03637,-0.316525,1,
0.674992,0.477618,1,
-0.17349,0.5435,1,
-0.222983,-0.999509,1,
0.14585,0.541173,1,
2.16848,-0.466179,1,
0.756811,1.09947,1,
-0.505998,0.264482,1,
-0.837435,-0.524138,1,
-2.07685,-0.52722,1,
-0.230216,1.08808,1,
0.883043,1.66801,1,
0.792215,0.406509,1,
-0.150175,0.888085,1,
0.827594,-1.26612,1,
-0.342278,0.5866,1,
0.632802,-0.832993,1,
0.849426,0.391732,1,
-0.845785,1.44442,1,
-0.862472,-0.605913,1,
-1.1119,0.503461,1,
0.832959,0.95905,1,
0.906102,0.0699791,1,
1.08581,0.296675,1,
0.550962,0.947091,1,
-1.85532,-0.279763,1,
0.980225,0.309219,1,
0.143538,0.140458,1,
0.0326433,0.127136,1,
-0.457049,-0.0277325,1,
-0.197473,1.79696,1,
0.596744,1.41678,1,
0.0967339,-0.903921,1,
-0.065224,0.0764599,1,
-1.4966,1.32397,1,
-0.0256148,-0.465182,1,
1.27367,0.0451085,1,
-0.464279,-1.0432,1,
1.39717,-0.263795,1,
-1.12962,-0.0147692,1,
-0.532467,0.392726,1,
1.67959,0.671118,1,
-0.677378,-0.831862,1,
-2.0097,1.44056,1,
-1.28917,-0.202964,1,
-0.66086,0.736882,1,
0.433393,0.949203,1,
0.768103,-0.421808,1,
0.6055,-0.331535,1,
-0.369675,0.572009,1,
1.52589,-0.0050805,1,
-1.30548,0.742132,1,
-0.755623,-0.00638165,1,
1.26033,-0.26744,1,
-1.46746,-0.633681,1,
-0.203683,-0.192713,1,
1.31279,0.0665721,1,
-1.53261,1.02449,1,
0.0626641,-0.435516,1,
-1.51586,-0.284239,1,
0.917064,0.692109,1,
-0.145875,-0.227847,1,
0.359695,-0.217011,1,
-1.15938,-0.0254067,1,
0.036644,-2.05425,1,
0.325649,1.1799,1,
0.498345,0.824799,1,
-0.0356689,0.492548,1,
-1.41143,-0.157604,1,
1.0942,1.35514,1,
-1.00209,-0.914162,1,
0.608794,-0.143197,1,
0.0623927,0.468009,1,
0.544048,0.965546,1,
0.268231,-0.423138,1,
1.23509,0.102579,1,
-0.770356,-0.911593,1,
-0.267636,0.960586,1,
0.122627,-0.0649847,1,
0.578424,0.232891,1,
0.505486,-0.239877,1,
1.22795,-0.332344,1,
0.300427,0.137504,1,
1.10628,-0.082129,1,
-0.162999,0.845266,1,
0.442992,-0.377697,1,
1.80866,-0.940842,1,
0.905559,-0.218942,1,
0.770697,0.049338,1,
-0.261048,1.73596,1,
-0.327619,1.58966,1,
-0.848919,0.0492742,1,
-1.32901,-0.0572161,1,
-1.25858,-1.13013,1,
-1.63149,-0.999104,1,
-0.428445,-0.205158,1,
-0.284291,-0.102506,1,
2.00323,0.750591,1,
-0.80307,0.562325,1,
-0.414995,0.410362,1,
-0.363033,-1.57683,1,
1.04921,-0.967492,1,
0.61542,-0.0737383,1,
-0.72363,0.614407,1,
1.11129,-1.44975,1,
-1.56458,0.0269172,1,
0.704849,-0.189591,1,
1.96585,-0.523699,1,
0.711168,-0.765788,1,
-0.188573,0.0819132,1,
0.571071,0.40261,1,
0.38227,0.268125,1,
-0.280202,-0.905877,1,
-0.261556,-0.302825,1,
0.834198,-0.667938,1,
1.31806,-0.120227,1,
-0.0378392,0.126312,1,
0.293974,1.58925,1,
-0.844936,0.372709,1,
-0.410225,1.10272,1,
0.502939,-0.864362,1,
2.19795,-1.77171,1,
-0.734507,0.834498,1,
0.206809,1.14115,1,
0.150556,0.942557,1,
2.13509,0.55093,1,
0.96421,-1.14062,1,
2.03524,-3.27462,-1,
0.730148,-0.865557,1,
0.891953,-0.773593,1,
2.25735,-1.39251,1,
0.69373,0.915848,1,
0.199023,2.12318,1,
0.472684,0.0133113,1,
0.355701,-1.27752,1,
1.33551,-0.00949047,1,
-0.245188,1.13564,1,
0.502682,0.740305,1,
-1.71488,-0.71799,1,
-0.956117,-0.91908,1,
1.3213,0.0931335,1,
0.253695,-0.256902,1,
-1.94049,-1.49419,1,
1.45659,-1.43409,1,
0.217408,1.42341,1,
0.457945,-0.75951,1,
2.2109,0.34805,1,
0.743483,0.993898,1,
-1.37796,-0.604556,1,
-0.615285,0.0646708,1,
-0.168116,-0.298651,1,
-0.265547,-0.999759,1,
0.321378,0.760002,1,
1.04533,-0.664564,1,
-0.0701814,-1.92097,1,
-0.629636,-0.291876,1,
-0.0694762,-0.811722,1,
-0.797713,0.0218391,1,
0.0920582,0.411717,1,
-2.66826,0.828822,1,
0.542045,1.21229,1,
-0.988448,-2.38046,1,
0.281624,0.156124,1,
1.24447,0.277653,1,
-0.9844,-1.31293,1,
-0.801623,-0.781261,1,
-0.975743,-0.360771,1,
0.917869,0.112705,1,
-1.44978,-0.295529,1,
-1.10424,0.0444706,1,
2.89758,-1.10422,-1,
1.0356,-0.940252,1,
0.450484,0.496291,1,
0.501057,-0.0346703,1,
-0.322752,1.46106,1,
0.879144,-0.173399,1,
-0.804829,-1.51295,1,
-0.877763,-0.224458,1,
-0.893394,-1.22077,1,
-1.46657,-2.03373,1,
-2.24359,1.34781,1,
1.96014,1.04587,1,
-0.660195,-0.340899,1,
-0.220361,-0.444502,1,
0.101399,0.834485,1,
1.26389,1.93209,1,
-2.34059,-0.245501,1,
-0.755875,0.808316,1,
-0.170477,-0.825161,1,
-1.24968,0.28711,1,
0.635354,1.07775,1,
-1.8,0.899282,1,
-0.988474,-1.05547,1,
-0.312863,-0.379214,1,
1.20603,-0.945215,1,
-0.467538,0.0154754,1,
0.71589,0.790976,1,
0.268776,1.52256,1,
0.167163,-0.509316,1,
0.105436,-1.27501,1,
0.185715,-2.27889,1,
0.246767,0.844726,1,
0.77107,-0.95558,1,
-0.597727,0.525435,1,
1.08061,-0.702082,1,
0.409638,0.945716,1,
-0.709292,1.22852,1,
-1.93824,-0.851464,1,
0.494844,1.73232,1,
-0.814217,-0.890773,1,
-1.74327,-1.51023,1,
0.488474,-0.166914,1,
0.141943,0.356531,1,
-1.21692,0.353358,1,
-1.00142,-1.60197,1,
-0.155417,-0.883631,1,
1.122,0.582066,1,
1.20951,-0.176447,1,
0.294584,-0.0818204,1,
0.658915,1.357,1,
0.100325,0.543423,1,
0.039594,-1.14383,1,
1.51097,1.09301,1,
1.19145,0.610651,1,
0.305304,-1.47176,1,
0.68264,-0.942411,1,
-1.09071,-0.190501,1,
0.403575,0.987163,1,
-1.04549,-0.505837,1,
-0.594158,1.56689,1,
-1.00343,-0.92715,1,
-0.729957,0.380724,1,
-0.663986,0.747165,1,
-2.77564,0.581241,1,
-2.46331,0.836664,1,
0.421151,1.44434,1,
-0.474343,-0.621501,1,
0.508721,-0.0854747,1,
0.392842,0.108875,1,
0.564649,-0.545357,1,
0.128164,-1.08378,1,
-0.728042,1.51673,1,
-0.916263,-1.36846,1,
-0.223677,0.50196,1,
0.686627,-0.407542,1,
0.525264,0.343545,1,
-0.84038,0.509895,1,
-0.829815,-0.58445,1,
1.68973,0.0822991,1,
0.993218,-0.459732,1,
1.00067,0.142477,1,
2.35093,-1.01093,1,
-2.33761,-0.932832,1,
0.715298,1.05291,1,
0.214993,-0.0748176,1,
0.176855,0.637738,1,
-2.22686,0.527048,1,
1.042,0.380586,1,
3.09109,-1.53989,-1,
-2.20446,0.762915,1,
0.712749,-0.550116,1,
0.616299,1.20208,1,
-0.271908,0.629309,1,
1.74521,-1.74986,1,
-1.35373,0.0701278,1,
1.26658,-0.287061,1,
0.797186,-1.2494,1,
-1.8465,-0.112629,1,
0.295691,-0.804453,1,
-1.4792,-0.141038,1,
-0.062921,-0.82126,1,
0.127743,-1.00493,1,
-0.57772,1.18346,1,
0.907532,-1.28932,1,
0.0697899,0.0488526,1,
0.0561683,-1.32882,1,
-0.019381,-0.742226,1,
1.78322,-0.915953,1,
-0.640579,-0.078207,1,
-0.434296,0.663903,1,
-0.09397,0.214214,1,
-2.12116,-0.0435686,1,
-0.596623,0.827489,1,
0.76826,-0.562325,1,
0.133835,-2.17094,1,
-0.451155,-0.422118,1,
-0.185728,-1.55241,1,
1.91512,-0.385159,1,
0.806213,0.169972,1,
1.76115,-0.779973,1,
-0.591224,-1.22032,1,
1.39015,1.33197,1,
-1.68527,0.244847,1,
-1.20894,-0.539081,1,
-1.83919,-0.682309,1,
0.715437,0.124375,1,
0.107341,-1.55874,1,
-1.96825,2.07655,-1,
0.00745988,0.642888,1,
0.621146,0.00470287,1,
-0.627587,2.8224,-1,
-1.71408,-2.48485,-1,
-1.32421,0.12711,1,
-0.343561,1.33232,1,
-1.49666,-0.578194,1,
-0.24865,-0.62136,1,
-2.68487,0.877599,1,
2.88311,0.781286,1,
0.356656,0.873602,1,
-1.41587,0.736314,1,
-0.185178,0.131738,1,
1.98375,-0.544189,1,
0.720165,0.0435299,1,
0.647827,-1.02398,1,
0.22973,0.246052,1,
-1.05843,-0.267491,1,
-1.01958,-1.95746,1,
-0.550762,-1.46948,1,
-0.0441444,-0.226495,1,
0.851061,-0.373664,1,
-1.46845,-0.531253,1,
-0.452781,-0.789642,1,
-1.46085,1.4103,1,
1.26652,-0.74762,1,
1.02365,-0.433122,1,
0.159082,0.406686,1,
0.978814,-0.603558,1,
-0.481538,0.0579147,1,
-0.38432,-0.556007,1,
-0.833409,-1.23974,1,
0.295729,-0.631611,1,
-0.616363,-2.88555,-1,
-0.671619,0.861343,1,
1.57529,0.964641,1,
-0.254336,-0.94916,1,
1.48819,-1.17223,1,
0.117278,1.97562,1,
-0.113468,0.254813,1,
-0.347679,-0.552088,1,
0.412817,0.335136,1,
0.644301,1.32881,1,
-1.82949,-0.220944,1,
2.63633,-0.548757,1,
-0.0678157,0.176269,1,
0.175818,-1.28636,1,
1.33415,-0.756911,1,
1.60028,-0.140631,1,
1.28287,-0.586967,1,
0.940541,-1.15268,1,
0.337544,-0.243827,1,
-0.0398941,-2.52427,1,
-0.220986,-2.8699,-1,
0.127188,0.899556,1,
0.405984,-1.50032,1,
-0.178774,-0.783287,1,
-1.01198,-3.2272,-1,
0.30189,-0.857484,1,
-0.0478576,-0.478775,1,
1.10811,0.778589,1,
-1.83198,-0.148502,1,
0.710551,0.707212,1,
-0.151459,-0.367476,1,
0.0160438,-0.743356,1,
0.305494,0.256037,1,
-0.225308,-0.835662,1,
-0.393217,-0.138033,1,
-0.140276,0.714567,1,
-0.297541,0.8776,1,
0.474081,-0.997587,1,
0.824311,-0.0589945,1,
-0.646645,0.448521,1,
0.0718962,0.0757043,1,
0.401581,0.423643,1,
0.539884,-1.03707,1,
0.000183099,-0.871893,1,
1.29028,-0.656148,1,
0.643655,2.45776,1,
0.804466,-0.858245,1,
-0.30903,0.0116105,1,
-0.509355,0.391271,1,
0.794652,-2.04984,1,
0.880364,0.186568,1,
1.6194,-0.258597,1,
-0.876542,-0.472973,1,
0.099807,1.21728,1,
-0.0136554,-0.587827,1,
-0.571426,-1.82195,1,
0.255182,1.04278,1,
-1.15006,-0.433212,1,
0.690776,-0.666987,1,
1.66962,0.18382,1,
1.11403,-1.02215,1,
-0.402823,-1.93903,1,
-0.779598,0.671808,1,
2.59415,0.0781273,1,
1.43831,-2.13499,1,
0.13666,0.818601,1,
-0.381948,0.609893,1,
-0.406395,-0.210838,1,
9.65679,8.66456,2,
9.75495,10.5115,2,
9.67382,10.1664,2,
8.68246,10.0004,2,
8.85575,9.97344,2,
9.22828,11.1975,2,
8.83264,9.4622,2,
9.67449,10.0541,2,
10.4489,7.99566,2,
8.96337,10.2992,2,
9.8426,10.6748,2,
11.5116,8.09221,2,
10.0998,11.0644,2,
9.27541,8.93576,2,
10.5067,12.2783,2,
8.52119,8.59644,2,
9.59091,11.1537,2,
11.3509,11.5427,2,
10.4236,9.32742,2,
9.90912,10.1241,2,
10.5183,9.13897,2,
9.30921,10.3417,2,
9.52669,8.4847,2,
9.66634,10.2202,2,
10.6643,10.3035,2,
10.2352,9.43929,2,
9.39742,10.3898,2,
9.25995,10.8067,2,
9.57055,11.7705,2,
11.6984,8.33171,2,
10.9392,9.73363,2,
9.21649,10.2662,2,
9.6516,10.7272,2,
10.651,11.0039,2,
10.3537,9.93169,2,
10.1284,8.88878,2,
10.3653,10.8205,2,
10.8553,10.0129,2,
10.2251,10.8121,2,
8.33356,9.76462,2,
9.9778,9.7275,2,
11.854,9.96127,2,
8.50646,8.4818,2,
8.50979,10.8276,2,
10.3137,8.77995,2,
10.3938,9.30782,2,
10.2402,10.3855,2,
10.4446,10.9264,2,
10.4338,10.2427,2,
9.21862,10.6216,2,
9.81918,10.5306,2,
8.97074,10.4455,2,
13.0424,9.93236,2,
9.43156,9.09866,2,
9.81846,10.1546,2,
10.1871,10.9141,2,
9.68456,8.95982,2,
7.93341,11.5489,2,
8.4952,10.6167,2,
8.42581,10.9738,2,
10.081,9.57474,2,
8.40969,10.5011,2,
9.57004,10.7074,2,
8.292,9.49156,2,
10.225,9.90698,2,
9.6223,8.82692,2,
10.9791,9.66374,2,
9.23954,9.85322,2,
11.145,9.20684,2,
9.77121,9.82229,2,
9.70976,9.83616,2,
10.9371,10.0881,2,
10.4668,10.442,2,
11.4121,10.2836,2,
10.6858,9.56027,2,
9.48099,9.60312,2,
10.9059,9.63941,2,
10.6698,8.6968,2,
9.57004,7.88128,2,
10.0529,10.244,2,
12.6019,10.4812,2,
9.93149,9.34845,2,
9.69645,8.5016,2,
11.4567,9.37204,2,
8.98622,9.48729,2,
10.3373,12.5852,2,
10.5573,11.3609,2,
7.68346,9.42975,2,
10.8459,10.2161,2,
8.49181,9.47468,2,
10.9897,9.49038,2,
9.7001,10.1768,2,
9.4519,9.36555,2,
8.80845,10.1472,2,
10.5372,9.53099,2,
9.68644,10.7038,2,
10.1971,10.0768,2,
8.20431,8.43579,2,
10.0851,10.9722,2,
10.5167,10.4083,2,
8.11684,9.45568,2,
7.91939,10.041,2,
9.83734,9.62187,2,
10.6476,9.74007,2,
10.2824,10.4018,2,
9.43964,9.13789,2,
9.66385,9.17358,2,
8.63379,9.79464,2,
10.0388,10.8496,2,
9.71813,11.8482,2,
9.15308,12.6231,2,
11.2467,8.74602,2,
9.56254,10.5157,2,
10.3615,9.71896,2,
9.18331,10.1173,2,
8.56906,9.49739,2,
10.4855,10.8546,2,
12.2993,10.579,2,
9.42315,10.537,2,
9.71834,10.5732,2,
11.0036,9.48111,2,
8.66767,9.04029,2,
8.72018,10.3338,2,
9.8752,10.6829,2,
11.8,11.5389,2,
8.73273,9.7632,2,
10.2225,9.39257,2,
11.0795,11.3763,2,
8.37209,9.49454,2,
9.29367,8.75348,2,
9.85951,8.84927,2,
11.345,9.79423,2,
10.7221,8.64968,2,
8.28535,10.0949,2,
8.82933,10.6028,2,
9.85598,10.1262,2,
12.1459,10.3856,2,
9.9301,10.6406,2,
10.1874,9.87681,2,
9.78298,8.5278,2,
9.11081,9.95132,2,
9.99184,11.6026,2,
9.85072,9.96495,2,
9.19792,8.56329,2,
10.3962,10.4562,2,
9.54669,10.5128,2,
10.7153,8.54001,2,
10.3,11.6721,2,
9.70339,9.58963,2,
8.85178,9.84046,2,
8.91876,10.1478,2,
9.99506,10.189,2,
9.36932,8.93402,2,
10.3665,9.33596,2,
11.134,9.68087,2,
9.38491,10.2993,2,
9.58948,9.32998,2,
10.5495,8.96632,2,
10.8007,10.9858,2,
9.43544,10.4262,2,
9.91672,11.7733,2,
11.6989,10.3088,2,
8.47943,10.7396,2,
11.2369,9.28101,2,
10.4532,10.5502,2,
9.99416,9.49943,2,
7.63302,11.0149,2,
9.43178,11.2068,2,
8.56995,8.2247,2,
8.68376,8.77958,2,
8.57821,11.1608,2,
8.19098,7.77469,-1,
11.911,9.82246,2,
10.5474,9.4829,2,
9.30002,11.1319,2,
9.94478,9.24778,2,
11.2986,11.0074,2,
9.99058,11.9595,2,
12.3812,8.51036,2,
9.38467,10.6116,2,
11.7646,9.49725,2,
8.15225,9.62884,2,
10.2327,9.92193,2,
8.92048,7.87255,2,
8.71045,10.3926,2,
10.692,9.66204,2,
8.73656,9.10881,2,
10.3148,9.15814,2,
11.5774,8.00541,2,
10.4806,11.1323,2,
10.8875,9.39341,2,
9.00151,9.29416,2,
11.3768,7.71402,2,
11.7868,8.99181,2,
6.98101,10.6202,2,
9.22157,9.32459,2,
10.312,11.8172,2,
11.3375,7.65807,2,
10.5267,10.9343,2,
8.88165,9.28524,2,
9.51866,8.70141,2,
10.9935,7.93862,2,
12.034,9.19965,2,
9.27113,10.481,2,
10.606,12.1277,2,
8.39685,9.29385,2,
9.77297,10.5121,2,
8.08816,10.9642,2,
9.73689,9.8663,2,
11.5385,9.7336,2,
10.4558,10.2887,2,
11.7982,9.153,2,
12.1385,9.79691,2,
9.41013,10.595,2,
9.30097,8.36607,2,
9.57599,11.2118,2,
9.51118,11.0651,2,
8.49462,9.71016,2,
9.35314,8.31216,2,
10.3622,9.72662,2,
11.3488,10.495,2,
10.8967,9.8385,2,
9.94736,9.66288,2,
10.5612,9.80197,2,
10.5409,10.8838,2,
9.75773,9.79017,2,
10.5642,7.88958,2,
10.7966,8.56271,2,
9.48649,10.1527,2,
9.74646,10.7332,2,
14.6216,9.59935,-1,
9.86707,10.5989,2,
9.83963,10.0737,2,
9.75522,10.7037,2,
8.77422,10.8314,2,
11.6766,9.61389,2,
10.4609,11.5569,2,
11.7015,8.72876,2,
9.56075,9.0257,2,
9.93224,8.43429,2,
10.9864,11.404,2,
10.5471,11.7659,2,
10.8169,8.73698,2,
9.51325,10.0589,2,
10.5654,11.2045,2,
9.06425,10.8136,2,
7.99964,10.3359,2,
9.82198,8.58572,2,
9.88476,10.5674,2,
9.07908,12.4172,2,
10.0739,8.34866,2,
11.4925,12.8112,2,
11.4541,10.0277,2,
8.71304,9.23994,2,
10.6548,9.86232,2,
10.6417,11.2368,2,
9.00207,10.8733,2,
10.7273,11.007,2,
8.42566,9.43694,2,
11.4543,10.7178,2,
9.63855,9.98434,2,
9.92278,8.81513,2,
9.90454,9.89157,2,
8.52592,10.0131,2,
9.92314,11.2253,2,
9.77031,8.88641,2,
10.2275,10.1083,2,
9.04941,8.7193,2,
11.346,10.2189,2,
10.0622,9.2028,2,
9.57409,11.0166,2,
9.48633,10.2356,2,
10.6152,8.57378,2,
8.297,8.35503,2,
10.8607,10.8871,2,
9.44042,9.2042,2,
10.1961,8.56911,2,
9.41762,9.7916,2,
8.16621,10.1628,2,
9.55177,9.90743,2,
10.1663,10.4427,2,
8.93369,10.7001,2,
10.3199,9.26076,2,
10.2165,8.72733,2,
10.9264,9.05056,2,
9.72007,9.06774,2,
10.0245,9.23233,2,
9.88078,8.30198,2,
9.64313,11.401,2,
8.71156,10.157,2,
11.2887,11.6872,2,
10.736,8.47031,2,
10.1835,10.8731,2,
8.89696,10.8689,2,
9.00958,9.51609,2,
9.55858,10.6236,2,
9.91233,10.3443,2,
11.235,11,2,
10.0762,11.1183,2,
11.0973,8.88718,2,
9.80691,9.64594,2,
11.6879,9.47127,2,
10.1889,10.3891,2,
8.48862,11.1799,2,
10.5217,10.2883,2,
10.6275,10.2108,2,
10.0874,10.8477,2,
11.733,9.22055,2,
9.86105,9.48587,2,
10.4185,9.92763,2,
10.2597,8.77292,2,
10.2931,9.09159,2,
9.5123,9.4706,2,
9.04585,10.7849,2,
11.898,10.397,2,
11.1477,9.80274,2,
10.214,9.28843,2,
10.1425,8.93693,2,
11.122,9.79152,2,
9.26102,12.4052,2,
10.449,9.85779,2,
8.1424,9.75187,2,
8.60187,9.42389,2,
10.496,11.4625,2,
8.75265,9.41643,2,
9.29239,9.74258,2,
9.8242,10.4871,2,
9.73717,10.2854,2,
10.7763,10.2931,2,
10.6868,9.77788,2,
9.89072,8.51275,2,
10.1648,8.84083,2,
10.854,9.61461,2,
9.73226,9.7762,2,
10.3626,9.88946,2,
8.921,9.32883,2,
11.1553,10.3624,2,
10.611,9.75006,2,
10.3203,8.62642,2,
9.56186,9.93085,2,
8.43349,9.75159,2,
11.3225,9.62059,2,
8.14095,8.96888,2,
10.453,11.3725,2,
10.5797,10.5303,2,
10.1467,12.3376,2,
9.76031,8.14656,2,
8.90921,9.03898,2,
9.40673,10.3776,2,
9.29638,11.0102,2,
9.73576,10.0449,2,
11.5068,12.3652,2,
8.94486,9.69937,2,
10.1379,9.40501,2,
12.8833,10.1552,2,
11.1213,10.0873,2,
9.99331,9.41197,2,
8.85055,8.86863,2,
9.08928,9.90869,2,
9.49448,9.52263,2,
10.08,9.90264,2,
11.5662,9.63619,2,
10.9497,9.78315,2,
8.68005,8.45747,2,
8.50996,11.2759,2,
9.12858,10.8596,2,
9.88802,11.4046,2,
10.1779,11.0526,2,
10.5302,9.4723,2,
7.47233,9.17754,2,
10.1861,10.8266,2,
11.1375,11.084,2,
8.6913,10.2817,2,
9.85375,10.1776,2,
10.3696,10.8965,2,
8.68343,8.24628,2,
12.2328,10.4187,2,
10.5117,10.1091,2,
8.53591,11.955,2,
11.3656,10.3561,2,
9.13197,11.2343,2,
9.21991,10.7108,2,
11.2254,10.1684,2,
9.79755,8.76393,2,
11.1745,9.00457,2,
9.93253,11.0913,2,
9.92737,9.72698,2,
11.7769,10.8926,2,
9.96907,10.5036,2,
10.2406,10.0184,2,
9.63961,9.84179,2,
11.0158,12.1033,2,
10.1772,10.9645,2,
11.1475,10.2626,2,
9.79131,9.03538,2,
8.97325,10.2526,2,
10.4677,9.00925,2,
9.25187,9.25928,2,
10.2467,11.2468,2,
12.1587,8.90381,2,
11.0361,10.8984,2,
11.0976,7.80344,2,
9.17886,9.48586,2,
9.06448,9.01339,2,
9.20916,8.93682,2,
11.1691,10.5503,2,
12.2088,11.335,2,
8.89948,8.64371,2,
10.1637,10.8782,2,
8.8648,11.132,2,
8.22547,7.99418,2,
9.00642,8.25661,2,
11.0901,9.03857,2,
8.40413,10.2318,2,
9.84265,10.1223,2,
10.1183,9.80063,2,
10.4099,9.75356,2,
9.7917,9.89616,2,
11.0065,9.53241,2,
11.6959,8.53827,2,
8.9566,12.6805,2,
10.2642,10.2196,2,
10.3275,9.33956,2,
10.9505,9.48688,2,
10.0188,9.37759,2,
11.4362,9.59831,2,
11.296,9.22099,2,
9.58993,8.63353,2,
11.0266,9.2631,2,
10.3728,9.61783,2,
10.7227,11.2776,2,
8.72596,8.80606,2,
10.2426,9.82002,2,
9.1093,10.1782,2,
10.0466,11.5956,2,
9.44928,9.74049,2,
10.0912,11.0259,2,
8.75256,10.1845,2,
9.13538,11.8793,2,
10.3185,9.57768,2,
9.51639,9.52991,2,
10.9022,9.80105,2,
10.0487,9.68709,2,
9.13806,10.1487,2,
8.69948,8.99645,2,
9.54773,9.89898,2,
12.5242,11.7793,2,
9.90971,9.53774,2,
10.4931,10.5685,2,
9.21543,8.09133,2,
10.5026,10.0513,2,
11.2862,10.034,2,
8.22529,10.337,2,
8.6632,9.61202,2,
8.38731,10.1915,2,
9.02041,9.31352,2,
10.3769,10.2307,2,
10.5004,8.94047,2,
10.5773,9.94647,2,
8.53918,9.09941,2,
9.94241,9.76615,2,
11.2703,10.7569,2,
9.36121,9.21515,2,
10.4393,9.8246,2,
11.1745,10.9599,2,
9.30445,9.29076,2,
9.72,10.1278,2,
11.6359,10.2468,2,
9.89354,10.0941,2,
9.04852,10.6003,2,
10.9984,9.80277,2,
9.88418,10.1786,2,
8.99811,9.76946,2,
10.028,10.028,2,
9.91032,10.6705,2,
9.64701,9.88674,2,
9.98501,9.11165,2,
12.0204,9.49258,2,
11.1159,8.63239,2,
8.41546,10.0238,2,
10.3214,11.3142,2,
10.1012,9.38783,2,
9.87046,9.95719,2,
9.66362,9.58625,2,
11.4966,10.0258,2,
8.31864,9.40457,2,
8.46746,10.8137,2,
10.3757,9.96706,2,
8.2138,10.1253,2,
10.5525,10.6755,2,
9.93105,9.50936,2,
11.0601,10.8748,2,
9.54913,9.47749,2,
10.4346,9.31904,2,
10.4598,10.5617,2,
9.9677,11.0434,2,
8.42349,11.6865,2,
9.9816,8.50917,2,
9.4566,9.1768,2,
9.44795,10.7113,2,
7.69323,9.74123,2,
10.1409,9.31551,2,
10.4289,9.38276,2,
10.9775,9.46564,2,
12.3846,10.2903,2,
10.404,10.1549,2,
11.2351,10.9501,2,
9.92729,10.1458,2,
9.80381,10.2682,2,
11.4125,11.3083,2,
10.7202,8.70842,2,
10.3795,9.66439,2,
9.00819,8.91039,2,
10.1302,9.82687,2,
10.7623,8.91065,2,
9.03977,10.7188,2,
10.4876,9.39604,2,
10.6487,9.72204,2,
9.61541,8.51416,2,
9.6414,8.49835,2,
12.1942,8.02936,-1,
10.0738,10.8506,2,
9.75397,9.57271,2,
10.7391,9.61914,2,
10.5852,9.41046,2,
8.41338,10.69,2,
10.3678,11.2557,2,
9.93802,9.46125,2,
11.6366,10.3183,2,
12.0652,10.7973,2,
9.26549,9.82666,2,
11.6176,8.47654,2,
10.3813,8.87911,2,
11.1972,9.59507,2,
8.98671,9.76405,2,
10.4757,8.29833,2,
10.109,10.3756,2,
9.04141,10.8383,2,
10.027,10.5887,2,
10.0403,10.5155,2,
10.7875,8.99638,2,
10.1212,10.1657,2,
9.84322,11.1292,2,
11.3915,10.9319,2,
10.4615,10.9412,2,
8.00904,9.45846,2,
10.4452,11.1469,2,
8.74494,8.96591,2,
9.49024,7.87987,2,
10.868,8.95114,2,
11.9992,9.64685,2,
8.88753,10.2916,2,
9.83648,10.1689,2,
9.00329,10.3373,2,
8.80622,9.75673,2,
10.2736,9.04541,2,
9.67508,10.6367,2,
9.48487,10.8231,2,
9.87894,11.2747,2,
10.1496,10.6111,2,
11.0804,10.3392,2,
9.88223,11.6498,2,
10.2745,11.0872,2,
7.40854,9.52312,2,
8.60929,9.54754,2,
11.7848,9.30621,2,
10.9629,11.2565,2,
11.8751,10.4235,2,
10.5783,9.94718,2,
8.96902,10.1378,2,
9.81746,9.53146,2,
9.26932,7.78671,2,
8.85199,10.2315,2,
10.9976,8.92837,2,
11.115,10.093,2,
7.75232,9.864,2,
11.5785,10.4113,2,
9.88458,10.2453,2,
11.5391,10.1637,2,
10.042,9.84812,2,
9.61511,9.76941,2,
9.61396,9.9793,2,
9.90319,9.90364,2,
9.40661,11.8567,2,
10.3891,10.9618,2,
11.3301,11.7043,2,
10.3219,9.39837,2,
13.2938,11.2573,2,
9.76067,10.2869,2,
9.76487,9.65365,2,
10.2428,10.528,2,
11.7688,9.3992,2,
10.8462,9.42343,2,
9.80991,10.5918,2,
10.3908,11.0474,2,
9.66641,11.0571,2,
10.7026,10.6691,2,
9.8223,9.74669,2,
9.99849,11.0584,2,
10.4848,12.0446,2,
9.10105,12.2959,2,
9.99369,10.474,2,
8.96985,10.4726,2,
9.2618,8.41931,2,
8.80717,11.9088,2,
9.90488,10.3055,2,
9.90616,9.98678,2,
11.0268,11.234,2,
10.6578,10.0847,2,
8.2699,8.41362,2,
9.54942,9.72193,2,
11.7197,9.46898,2,
12.1947,10.9735,2,
9.61245,10.1536,2,
9.38223,9.61265,2,
11.3834,9.85795,2,
9.94938,9.28563,2,
8.18645,10.931,2,
11.2594,11.0969,2,
9.3659,10.2482,2,
10.0099,9.23478,2,
11.1144,10.6055,2,
8.55515,10.4422,2,
10.0337,9.43492,2,
9.5907,11.2393,2,
9.37478,9.16097,2,
9.63293,10.8919,2,
10.2086,10.466,2,
9.98694,10.1212,2,
10.3469,7.93793,2,
9.14317,9.79658,2,
11.6721,11.1345,2,
9.93807,10.8451,2,
9.79041,8.84227,2,
10.8377,10.3393,2,
9.34765,9.35282,2,
10.3987,9.32325,2,
11.3874,10.2471,2,
8.4105,10.2553,2,
11.1389,11.0326,2,
9.75256,10.808,2,
9.90124,11.049,2,
9.49526,9.6127,2,
8.88503,10.1616,2,
10.7464,12.131,2,
9.04639,11.0258,2,
10.1948,10.9193,2,
9.97834,10.9792,2,
11.6819,8.67719,2,
9.60395,10.5808,2,
11.0585,10.5587,2,
8.54346,11.2446,2,
11.8612,8.61988,2,
9.59973,10.0313,2,
10.4636,9.58686,2,
8.33214,10.1492,2,
10.2932,10.3911,2,
11.7269,12.3666,2,
9.97924,9.68913,2,
10.4925,10.0135,2,
9.94199,11.626,2,
9.44577,12.0167,2,
10.6501,10.3496,2,
10.1729,10.6958,2,
10.937,10.2265,2,
9.08486,8.62381,2,
9.64427,9.28889,2,
10.9905,12.3957,2,
10.0323,10.112,2,
10.9651,10.2191,2,
10.0829,11.1761,2,
8.39158,10.7789,2,
10.2755,11.5422,2,
10.0315,10.2602,2,
11.119,10.4357,2,
11.5063,11.2413,2,
10.3638,9.46362,2,
12.0723,9.47367,2,
8.97035,8.80208,2,
9.01324,10.4037,2,
9.35783,9.69152,2,
8.75694,9.73338,2,
11.3965,9.57056,2,
8.23187,9.05216,2,
10.1933,9.94507,2,
10.5172,10.7709,2,
9.76404,11.15,2,
11.0559,11.2476,2,
9.69101,10.6169,2,
10.3883,11.2946,2,
11.5756,9.51279,2,
10.3391,10.0038,2,
9.19331,10.9035,2,
9.94105,9.33051,2,
9.19853,9.66141,2,
9.89622,10.338,2,
9.462,10.2622,2,
9.53577,9.80139,2,
8.81459,11.5207,2,
10.0755,10.3089,2,
10.1782,11.0316,2,
9.49124,9.59926,2,
11.0723,11.2212,2,
9.95564,11.1849,2,
9.84789,8.9593,2,
8.45046,9.32309,2,
8.20775,9.87001,2,
11.388,10.7322,2,
11.5477,10.3076,2,
7.91717,10.2071,2,
7.68595,9.6237,2,
9.95562,10.9398,2,
10.4226,11.3669,2,
10.4791,9.82664,2,
10.5785,9.76136,2,
11.0148,9.57845,2,
10.1796,11.6367,2,
9.39805,9.119,2,
11.6244,10.2206,2,
10.1785,10.7635,2,
10.3278,11.0385,2,
11.9714,9.87675,2,
9.61457,11.3877,2,
9.64128,9.70214,2,
9.74864,8.22974,2,
11.0706,8.13358,2,
11.1287,10.0177,2,
10.3957,11.151,2,
9.57191,8.75735,2,
10.6396,11.0445,2,
11.362,9.96634,2,
8.88745,8.46409,2,
10.8273,11.3687,2,
10.3414,12.1739,2,
11.1723,9.13344,2,
11.0868,9.5771,2,
9.9671,9.28181,2,
10.17,10.7405,2,
8.47912,9.70599,2,
10.124,9.35689,2,
11.4118,10.397,2,
10.0582,9.50126,2,
11.6126,9.93526,2,
11.2258,9.44685,2,
9.35661,9.25089,2,
9.00546,8.45653,2,
8.80391,10.3321,2,
10.6105,9.04343,2,
7.59642,10.8275,2,
9.1802,10.6809,2,
9.16064,10.3696,2,
10.1042,10.7567,2,
10.4996,10.6285,2,
9.98654,11.1965,2,
10.7271,9.70231,2,
9.83341,12.128,2,
11.1997,10.3722,2,
10.6069,10.082,2,
10.6818,10.9073,2,
11.9103,10.0087,2,
10.4855,10.5043,2,
8.66388,8.69723,2,
11.0677,8.68933,2,
9.51693,10.5309,2,
8.63739,9.87253,2,
9.9459,9.14648,2,
8.94947,11.0257,2,
10.4423,10.3895,2,
8.4141,10.62,2,
11.1957,11.9921,2,
9.27539,8.44616,2,
11.4184,8.56277,2,
9.23867,8.95916,2,
8.33442,10.1394,2,
9.72058,7.60827,2,
10.9162,9.96283,2,
11.4125,9.15792,2,
9.72624,10.5773,2,
9.90054,13.7075,2,
9.93161,10.3116,2,
10.4418,10.9429,2,
8.59619,9.83996,2,
9.79809,8.4352,2,
7.89191,9.10843,2,
10.7868,9.0922,2,
8.75264,9.15325,2,
9.81738,9.55995,2,
10.3023,10.1078,2,
9.72734,9.76814,2,
10.0331,10.1081,2,
10.1421,10.3131,2,
10.3928,11.4013,2,
9.87379,10.2644,2,
11.0605,8.89108,2,
9.85002,9.02734,2,
11.7447,10.1158,2,
11.0463,8.52508,2,
10.1573,8.87213,2,
9.33162,9.55936,2,
10.8503,10.0239,2,
8.98757,11.2953,2,
11.5132,8.52665,2,
6.52572,11.2693,2,
10.8641,10.4071,2,
9.55369,8.32074,2,
10.9918,7.90199,2,
11.5092,9.50227,2,
9.29119,10.2723,2,
10.2327,11.8087,2,
10.5587,9.95138,2,
10.2232,9.36003,2,
10.4773,9.65323,2,
10.1553,10.7212,2,
12.6492,10.5076,2,
10.5142,8.89062,2,
10.6573,9.1372,2,
10.731,11.1302,2,
10.4611,8.60199,2,
10.3057,12.2842,2,
10.7584,10.7725,2,
11.016,10.1861,2,
9.24636,9.97418,2,
11.0958,11.2832,2,
11.1906,10.0661,2,
8.89259,12.0029,2,
9.02004,8.81261,2,
11.0374,11.6771,2,
8.99351,10.6566,2,
10.0096,10.5805,2,
9.30227,11.4009,2,
10.1773,9.54582,2,
10.6869,11.0153,2,
11.5343,8.80438,2,
12.2928,9.70645,2,
9.02865,8.79062,2,
10.0289,10.7076,2,
10.9524,10.3384,2,
10.4493,10.5355,2,
11.6843,9.50874,2,
9.2445,11.4451,2,
11.1821,9.59835,2,
11.0593,10.3011,2,
9.56639,9.83955,2,
8.11696,8.74534,2,
10.2517,9.25765,2,
9.3758,10.5946,2,
9.99689,9.02055,2,
11.9446,9.34575,2,
11.0766,10.4541,2,
9.65638,10.0853,2,
9.02726,9.52972,2,
9.35053,10.2254,2,
8.20482,10.6607,2,
10.0665,9.50036,2,
9.85014,11.0069,2,
9.83329,11.0677,2,
9.97856,10.151,2,
10.4406,9.54315,2,
10.2148,10.4712,2,
10.3276,9.96065,2,
10.567,9.76517,2,
9.25876,8.40463,2,
11.4294,10.3197,2,
8.71173,9.63078,2,
9.61469,9.24405,2,
9.89028,7.73357,2,
10.9075,8.75953,2,
9.186,9.93885,2,
7.69045,9.90457,2,
8.10463,10.4744,2,
10.7956,9.27838,2,
8.64828,10.333,2,
9.60187,8.99045,2,
9.87843,10.6375,2,
9.84759,10.7345,2,
10.4097,10.6557,2,
9.54249,10.2325,2,
9.85945,11.2511,2,
9.85947,9.81106,2,
10.3901,10.219,2,
11.3619,9.86845,2,
9.74872,9.6208,2,
9.13272,8.64559,2,
11.6522,10.1374,2,
9.63395,11.0009,2,
8.76535,10.283,2,
9.48297,10.6869,2,
9.82968,8.95154,2,
9.56271,9.77752,2,
8.95982,12.4282,2,
11.8278,8.54775,2,
10.4359,9.92079,2,
9.27288,9.45069,2,
9.4068,9.59585,2,
10.0367,9.40434,2,
10.6304,10.3302,2,
9.60739,11.2106,2,
9.64514,9.00016,2,
10.3567,10.9759,2,
9.06771,10.3121,2,
8.89155,10.7845,2,
9.72217,10.9234,2,
9.36192,9.85999,2,
9.5084,11.605,2,
10.1276,8.61008,2,
9.4987,12.7909,2,
10.4174,10.5092,2,
9.41032,9.92981,2,
8.87607,10.256,2,
9.32279,10.0502,2,
12.2031,9.08388,2,
9.94944,9.11195,2,
8.66425,11.5917,2,
10.6664,9.99799,2,
10.9802,11.0316,2,
11.1532,10.5265,2,
11.9186,7.71653,-1,
7.46068,9.02533,2,
7.82671,10.89,2,
9.33919,10.1798,2,
10.6619,8.46718,2,
9.64791,10.8335,2,
9.14484,11.4068,2,
9.81986,10.3279,2,
11.0102,10.4316,2,
12.0968,10.2857,2,
9.15276,9.67583,2,
9.30298,9.99391,2,
11.0494,9.94305,2,
10.3089,8.54354,2,
9.50401,12.2116,2,
9.96023,9.66327,2,
10.0142,9.91334,2,
9.533,10.0335,2,
10.5217,9.38339,2,
10.8188,8.14636,2,
9.94098,9.75797,2,
11.2385,9.32667,2,
9.14303,10.1121,2,
8.8096,9.31443,2,
10.7156,9.8553,2,
8.26091,9.33368,2,
11.3365,10.6082,2,
9.09882,10.1357,2,
10.8306,11.3856,2,
11.2741,9.34777,2,
10.2736,9.25814,2,
10.4674,8.57037,2,
10.515,10.084,2,
8.59997,10.1417,2,
10.8626,9.21886,2,
8.48166,11.2144,2,
12.2224,10.1254,2,
10.0026,9.47214,2,
9.90889,9.43495,2,
7.81152,8.73014,2,
10.6691,10.7446,2,
10.0626,10.7766,2,
9.4884,11.4265,2,
7.95524,8.76281,2,
8.80359,9.39586,2,
9.81408,10.9005,2,
10.3372,10.9226,2,
9.17997,11.9633,2,
9.31421,9.18987,2,
10.3102,9.70528,2,
9.70311,10.3215,2,
10.1135,11.6185,2,
8.10442,9.4325,2,
10.2157,7.90167,2,
9.83888,10.5519,2,
10.2489,9.29502,2,
10.5949,8.64032,2,
11.4228,9.87135,2,
10.9182,10.1524,2,
10.3929,10.0127,2,
10.7902,8.50918,2,
9.73825,11.1804,2,
9.45578,8.31907,2,
9.4909,9.22657,2,
12.5939,10.3908,2,
10.4533,11.6845,2,
9.80431,9.99976,2,
7.33021,9.46693,2,
11.7437,10.2862,2,
10.1394,10.3119,2,
9.92431,10.1699,2,
10.6043,9.7634,2,
10.123,8.69733,2,
11.5761,11.2776,2,
9.27418,10.528,2,
10.9863,10.8584,2,
9.93559,10.4958,2,
9.0512,8.31398,2,
10.9068,10.5564,2,
8.85685,10.021,2,
9.26439,8.93616,2,
10.4733,9.62988,2,
10.4283,10.2077,2,
9.80793,10.4738,2,
11.6596,11.5682,2,
13.0807,10.3384,2,
12.5188,11.2047,2,
12.3992,12.068,2,
13.6407,11.7502,2,
12.4884,11.266,2,
12.1279,14.9194,-1,
11.4758,10.3624,2,
12.2918,12.3369,2,
13.3588,10.7936,2,
11.5506,15.3517,-1,
11.234,10.8679,2,
12.5814,12.6557,2,
11.8205,12.4836,2,
14.5035,10.7506,-1,
12.4443,10.8828,2,
12.2832,12.0606,2,
13.7637,10.7878,2,
12.119,13.6363,2,
10.5631,11.4506,2,
12.3715,11.5549,2,
11.0677,11.5782,2,
11.6016,11.8189,2,
13.4727,11.6883,2,
11.117,14.1304,2,
12.7909,10.6613,2,
14.0604,10.7909,2,
13.097,11.7563,2,
12.5324,11.9085,2,
12.9466,11.8233,2,
13.1669,11.342,2,
11.7763,12.7513,2,
11.4035,11.4925,2,
10.481,9.60228,2,
12.081,12.6048,2,
12.8093,13.6656,2,
11.9007,10.2076,2,
10.611,12.3532,2,
12.2823,10.6015,2,
11.8199,12.0511,2,
11.7218,11.8228,2,
11.4306,12.7432,2,
12.6002,13.0919,2,
10.9441,10.9532,2,
12.0884,9.70956,2,
12.8702,12.1579,2,
12.3471,12.6643,2,
9.50416,12.9795,2,
9.27234,12.1423,2,
13.7505,11.8417,2,
12.4753,13.3718,2,
12.656,11.3174,2,
11.2013,12.2517,2,
11.1495,11.8482,2,
11.1624,12.0256,2,
10.9911,10.7611,2,
11.1358,13.9056,2,
12.698,13.2219,2,
12.0694,11.3871,2,
12.3351,12.5699,2,
13.4385,10.5113,2,
11.4081,10.6724,2,
11.9532,11.8073,2,
12.191,11.5257,2,
10.6594,13.7414,2,
12.6018,11.1419,2,
14.0223,11.6773,2,
12.2711,11.5517,2,
12.6682,12.5189,2,
11.8326,12.2196,2,
10.0074,12.5736,2,
12.573,11.6696,2,
11.4303,12.3502,2,
11.8154,12.293,2,
12.9373,11.7201,2,
12.8804,11.893,2,
11.5267,13.971,2,
12.6226,10.9223,2,
12.4806,12.3515,2,
11.8958,11.2919,2,
11.3615,14.0526,2,
13.1942,10.8618,2,
10.9556,11.5349,2,
11.8788,11.3692,2,
14.1689,13.2028,2,
11.6445,11.0426,2,
11.3431,12.9109,2,
13.649,11.887,2,
11.6428,12.7218,2,
11.0521,12.4294,2,
10.9537,11.4017,2,
12.4563,11.4293,2,
10.996,12.5176,2,
13.252,11.8968,2,
12.8235,11.282,2,
10.2106,12.2713,2,
11.9018,12.0219,2,
11.2642,11.0374,2,
11.7606,13.7935,2,
10.7669,11.4061,2,
11.8194,11.6897,2,
12.2592,11.7024,2,
11.1846,11.7204,2,
14.6412,11.5614,2,
12.5193,12.5783,2,
12.7727,12.7915,2,
12.5896,11.1403,2,
10.9447,10.1251,2,
11.337,13.568,2,
12.4637,12.505,2,
12.5227,11.995,2,
12.8053,11.1958,2,
12.1841,10.4585,2,
14.5501,11.3317,2,
12.3782,11.4397,2,
12.862,11.9725,2,
13.8667,11.278,2,
11.2071,12.7464,2,
10.1779,9.50011,2,
11.9443,14.3524,2,
11.6897,12.1651,2,
13.505,12.1786,2,
11.755,11.7399,2,
11.7665,10.6704,2,
10.7097,13.3263,2,
14.271,11.9444,2,
12.8442,12.2253,2,
11.2181,12.1625,2,
11.7782,10.462,2,
12.844,12.287,2,
10.2214,12.159,2,
12.2218,12.2877,2,
12.7068,12.8895,2,
12.6088,11.6344,2,
11.6725,13.4854,2,
10.0653,13.5836,2,
11.4744,13.6061,2,
13.2766,12.325,2,
12.1055,13.0969,2,
11.4217,10.9648,2,
12.7802,12.414,2,
9.90355,11.312,2,
10.8593,12.1215,2,
11.4341,12.3923,2,
12.2043,12.0549,2,
11.6096,11.531,2,
11.8526,11.4913,2,
12.7124,11.2733,2,
12.3108,12.0043,2,
9.80428,10.4008,2,
11.6461,11.2575,2,
11.8161,13.3574,2,
12.7841,10.9665,2,
11.7698,12.3213,2,
9.16053,13.2803,2,
12.3603,12.1625,2,
12.2445,13.8147,2,
10.5545,11.8351,2,
12.9102,11.259,2,
11.5381,11.8495,2,
10.7927,10.617,2,
11.6175,11.9516,2,
11.3107,14.9584,-1,
12.6413,11.8475,2,
12.0607,12.508,2,
12.3757,11.6992,2,
12.999,12.289,2,
11.7682,12.3292,2,
12.1837,12.8018,2,
12.5038,13.0106,2,
10.2064,11.3815,2,
11.1831,12.4487,2,
12.4007,14.2204,2,
10.9003,12.883,2,
13.1476,13.8649,2,
12.3051,12.8674,2,
12.1641,11.6236,2,
12.9373,11.0925,2,
13.1447,11.7658,2,
12.1822,11.9287,2,
12.7535,12.6104,2,
9.93652,11.0306,2,
11.7391,13.3581,2,
12.5414,13.4843,2,
10.8016,11.2703,2,
11.6597,12.8995,2,
13.0772,14.733,2,
12.2622,10.4396,2,
11.3653,11.752,2,
12.9496,11.5285,2,
11.4029,11.1835,2,
11.9642,11.7533,2,
13.1925,10.1382,2,
12.7037,12.4915,2,
11.6496,13.516,2,
10.819,13.6421,2,
11.1803,11.8739,2,
12.8669,11.699,2,
12.2478,12.2673,2,
11.4888,13.2017,2,
12.6064,11.5759,2,
12.4573,12.0757,2,
11.0247,13.1975,2,
11.886,11.8751,2,
10.4416,12.7944,2,
11.0975,12.977,2,
11.6344,11.7594,2,
11.5041,13.2584,2,
11.3868,13.2769,2,
13.7587,13.3584,2,
12.0168,11.4326,2,
12.3608,10.6147,2,
11.586,12.3119,2,
11.1501,11.2924,2,
11.814,9.44488,2,
11.4944,10.9295,2,
12.3133,10.1435,2,
10.8363,12.9366,2,
12.4645,11.67,2,
11.996,13.1498,2,
13.3257,12.2748,2,
10.1693,10.4086,2,
11.2907,11.0813,2,
10.8415,10.5512,2,
11.276,12.6796,2,
11.3681,12.2671,2,
10.7924,14.7582,-1,
11.5573,12.6665,2,
11.9609,13.8821,2,
12.3822,11.1949,2,
11.291,11.6613,2,
11.9638,12.5365,2,
12.9501,11.1668,2,
10.8559,12.1948,2,
12.9134,11.873,2,
10.8845,10.9464,2,
11.4041,9.72202,2,
12.0205,12.6259,2,
11.8019,11.266,2,
14.8478,12.46,-1,
9.92598,13.4339,2,
12.6093,11.7939,2,
10.6118,12.9333,2,
10.5819,11.1874,2,
13.183,11.9866,2,
11.8168,13.9128,2,
13.1419,11.8697,2,
10.9968,12.6767,2,
11.3078,11.1999,2,
12.2002,12.2241,2,
11.9329,11.7337,2,
12.6573,13.1519,2,
10.7316,12.2592,2,
11.312,11.7501,2,
10.6503,12.5503,2,
12.4751,9.8952,2,
13.0342,12.6594,2,
11.8774,12.0691,2,
11.8661,13.3808,2,
14.7556,11.6651,2,
11.2938,10.5916,2,
11.5136,11.3734,2,
11.9635,12.0725,2,
13.9854,13.7251,2,
12.4402,12.7338,2,
11.5942,11.3551,2,
11.96,14.212,2,
12.8894,11.0229,2,
12.5597,10.9809,2,
11.9758,9.91376,2,
12.4454,12.2709,2,
11.7506,12.5542,2,
10.0189,12.3352,2,
11.1641,11.1822,2,
11.1332,10.4371,2,
12.9946,11.9385,2,
12.6914,11.9472,2,
11.8046,10.8623,2,
12.3555,11.5993,2,
12.8985,12.7398,2,
11.807,10.7506,2,
14.3039,12.8445,2,
11.4715,12.6155,2,
13.141,12.7278,2,
13.9735,12.2911,2,
12.054,14.2093,2,
12.0878,10.8121,2,
12.0817,11.4969,2,
11.9115,10.4384,2,
10.4899,13.2008,2,
10.9358,12.9143,2,
11.9704,10.9797,2,
11.494,13.0398,2,
11.446,10.6939,2,
11.9145,11.9825,2,
12.1834,13.0813,2,
12.6236,11.1558,2,
11.9543,12.4924,2,
12.3668,10.0882,2,
11.4102,10.7291,2,
10.5207,13.3833,2,
12.0223,13.5973,2,
11.8469,13.8474,2,
10.9066,11.1986,2,
11.295,13.1503,2,
10.4231,11.3188,2,
12.4049,13.7638,2,
13.4653,11.526,2,
12.2976,12.3189,2,
12.7973,12.6418,2,
11.4024,11.6645,2,
11.9462,10.6873,2,
11.8219,12.5314,2,
12.1698,10.6629,2,
9.82672,11.2918,2,
11.2247,11.5293,2,
12.679,13.9889,2,
12.2364,11.9808,2,
12.7437,12.9208,2,
11.8402,13.9122,2,
10.6724,13.0473,2,
12.4895,11.6735,2,
12.432,11.7843,2,
13.143,11.0179,2,
11.234,10.4582,2,
11.6545,11.9563,2,
13.0495,10.8674,2,
13.2021,10.8565,2,
13.4031,13.0122,2,
9.83343,12.1601,2,
11.6699,13.2369,2,
11.3478,13.3647,2,
12.2066,10.9619,2,
10.8192,12.0585,2,
12.3048,11.1239,2,
11.8735,11.5566,2,
14.3713,11.8743,2,
11.5336,11.1369,2,
11.6594,12.4867,2,
11.4133,11.3923,2,
13.4801,12.8693,2,
12.9115,14.362,2,
12.0003,12.2744,2,
11.9443,11.2702,2,
11.6677,11.4106,2,
13.4529,10.777,2,
10.7402,13.021,2,
11.5224,12.3144,2,
10.8382,13.4774,2,
13.5243,12.6501,2,
12.4656,11.2411,2,
11.8104,11.6166,2,
10.5006,11.8028,2,
11.2246,12.3178,2,
12.3741,13.3065,2,
11.8583,11.2261,2,
12.9801,12.2058,2,
11.7037,12.0247,2,
11.7618,12.7357,2,
11.9512,12.308,2,
12.2356,10.7784,2,
12.8152,11.0736,2,
12.875,11.0634,2,
10.6257,12.2938,2,
11.5662,12.938,2,
11.8062,11.7237,2,
9.90434,12.9483,2,
10.9959,12.5131,2,
12.9635,13.6399,2,
11.3789,10.8579,2,
12.0388,12.6919,2,
10.7053,12.2927,2,
10.3403,12.3212,2,
11.6012,13.7995,2,
10.4355,11.9241,2,
11.1578,12.3004,2,
10.0107,12.1464,2,
12.7486,11.6404,2,
11.7785,13.5312,2,
11.4322,13.0955,2,
11.8585,11.8923,2,
11.3606,11.4983,2,
11.438,11.6658,2,
8.74051,11.5301,2,
13.0024,14.0341,2,
10.8709,12.6204,2,
11.976,10.8951,2,
12.4617,11.6368,2,
10.8991,10.9821,2,
12.728,13.0082,2,
11.4877,11.4468,2,
12.6373,13.2252,2,
11.2125,13.0645,2,
11.4164,12.2853,2,
11.9992,11.2561,2,
13.0585,11.5343,2,
12.0263,12.4974,2,
11.6111,11.8835,2,
11.2954,13.4702,2,
11.0689,12.2635,2,
13.0502,12.0273,2,
12.1271,12.5762,2,
11.7336,11.7634,2,
11.4716,13.4337,2,
11.0752,14.5945,-1,
11.7642,11.6268,2,
10.073,13.6561,2,
10.9784,11.2024,2,
13.926,12.6153,2,
12.2895,11.1447,2,
11.7246,12.1219,2,
12.5443,12.8762,2,
12.2392,13.3036,2,
10.9936,13.1766,2,
11.2025,13.2229,2,
12.4647,10.8851,2,
12.0468,11.7443,2,
11.8554,12.0311,2,
12.6242,11.5349,2,
11.4077,11.6497,2,
12.9112,11.72,2,
13.1134,12.4379,2,
11.5441,12.2167,2,
13.3109,11.5429,2,
13.7019,11.0704,2,
11.8677,11.1794,2,
13.397,10.0978,2,
11.4758,12.5351,2,
11.869,12.5437,2,
13.2367,11.513,2,
12.5448,11.2849,2,
10.3193,11.3117,2,
11.7,13.0625,2,
12.6362,11.7654,2,
12.4397,10.7984,2,
11.0303,12.4827,2,
11.6714,13.5409,2,
11.4126,11.9417,2,
12.734,12.1293,2,
12.0026,12.5745,2,
10.4171,11.8934,2,
13.4512,11.706,2,
12.6458,12.4265,2,
11.9847,11.9954,2,
12.9091,12.658,2,
9.45872,12.571,2,
10.3913,11.3399,2,
11.9155,12.2247,2,
12.3623,11.0541,2,
11.9193,11.7945,2,
12.6572,13.0191,2,
12.5604,11.5246,2,
13.5148,13.6422,2,
11.6124,13.038,2,
10.1151,10.9038,2,
12.5931,13.0816,2,
11.3046,12.8118,2,
11.9014,11.8909,2,
13.314,12.8325,2,
11.9713,12.3595,2,
10.9716,10.1901,2,
10.8461,10.8122,2,
12.6335,13.8063,2,
10.7486,12.8617,2,
11.2658,11.7909,2,
12.4478,11.7966,2,
12.3155,11.9932,2,
11.6471,11.4496,2,
11.529,11.7666,2,
9.93768,14.0341,2,
12.9069,11.1399,2,
12.3328,12.0713,2,
10.7661,11.2794,2,
11.2418,12.8346,2,
11.8993,11.4296,2,
11.818,11.7477,2,
12.3781,11.935,2,
13.0431,12.3405,2,
11.5978,11.7243,2,
11.3753,12.547,2,
13.0347,10.7167,2,
10.8447,11.7543,2,
12.0852,11.9897,2,
12.2112,11.6243,2,
11.7817,10.8944,2,
12.1249,11.3621,2,
11.8698,10.2429,2,
11.7675,12.8949,2,
12.4734,11.6256,2,
11.6922,11.847,2,
11.8152,11.664,2,
13.0146,11.2921,2,
11.0294,10.7762,2,
12.3204,14.0938,2,
12.3797,11.1922,2,
12.6107,11.7823,2,
11.4882,10.1774,2,
11.2313,12.9879,2,
13.1993,12.3715,2,
10.2705,12.921,2,
12.9933,10.9344,2,
10.717,13.3125,2,
12.4963,13.1721,2,
12.1571,10.308,2,
12.2028,13.2522,2,
14.0596,12.2243,2,
13.3812,10.911,2,
9.28575,11.0066,2,
10.2381,13.0506,2,
12.3792,13.2885,2,
12.0633,10.4156,2,
13.3963,10.6016,2,
12.2779,10.4227,2,
11.0738,13.2126,2,
11.5236,12.6288,2,
12.5082,11.1625,2,
13.1449,12.3817,2,
10.7661,11.4884,2,
11.4035,11.9365,2,
12.3019,12.5768,2,
13.0324,11.9962,2,
11.2953,11.5684,2,
11.2789,10.1947,2,
10.2775,12.4177,2,
12.9311,11.8281,2,
14.5001,11.9535,2,
12.2091,12.3219,2,
11.7799,10.6714,2,
11.0869,12.1931,2,
10.7268,12.3022,2,
12.1382,14.1304,2,
12.4683,11.9729,2,
13.5696,10.9116,2,
13.1115,12.6765,2,
12.9841,12.8643,2,
10.6617,12.9277,2,
11.5319,13.3811,2,
11.4243,12.4103,2,
12.2043,11.4025,2,
11.3683,10.9928,2,
11.3238,12.5901,2,
12.9066,12.0345,2,
10.5597,13.9997,2,
12.9715,13.3961,2,
12.1468,11.35,2,
11.3394,9.79719,2,
10.9037,12.8933,2,
12.7668,12.7469,2,
10.1721,13.1195,2,
12.5067,11.4728,2,
12.9063,12.5098,2,
13.13,14.0395,2,
13.0615,13.2276,2,
11.1143,13.0686,2,
12.4361,13.7541,2,
11.8559,11.9161,2,
12.3163,11.4209,2,
11.1921,11.9964,2,
12.0373,11.5465,2,
13.2564,13.6153,2,
11.7528,10.8282,2,
12.2008,11.3458,2,
12.5611,12.693,2,
11.8684,12.4499,2,
11.3274,11.2873,2,
12.2114,13.5701,2,
11.8175,11.4247,2,
9.89794,10.119,2,
12.547,12.4199,2,
14.5722,12.8721,2,
9.84482,12.9117,2,
11.6697,11.708,2,
13.7182,12.3796,2,
11.5035,12.0926,2,
12.8304,12.6754,2,
13.2329,12.7338,2,
12.0286,11.7433,2,
11.4788,11.7356,2,
11.7732,12.4517,2,
10.632,11.8201,2,
11.9041,9.94687,2,
12.6644,12.435,2,
11.4224,12.9202,2,
12.1067,13.5258,2,
13.3692,11.7836,2,
13.2112,11.3102,2,
12.8947,11.9083,2,
12.6382,12.0427,2,
12.1803,12.9105,2,
12.1857,12.3089,2,
12.2341,11.5235,2,
11.6621,12.4852,2,
12.0993,12.1072,2,
11.8212,11.4629,2,
11.3981,13.452,2,
12.3127,13.1183,2,
12.3877,11.7457,2,
11.8602,10.8015,2,
11.3056,13.1288,2,
11.2294,12.6579,2,
10.5889,12.0432,2,
13.7178,11.407,2,
10.4945,13.0605,2,
12.2431,11.485,2,
13.6668,12.1465,2,
12.217,11.397,2,
12.416,11.482,2,
12.6784,13.9863,2,
13.3718,10.3198,2,
13.3357,12.6358,2,
12.8033,11.5586,2,
12.2725,12.1249,2,
12.8582,13.0433,2,
12.8652,12.0157,2,
12.2213,11.6154,2,
11.8735,10.3839,2,
11.7438,11.7051,2,
12.246,10.255,2,
13.3886,12.6555,2,
11.9686,11.7994,2,
12.2625,11.6488,2,
10.4542,13.3098,2,
14.0382,10.1609,2,
12.0262,12.401,2,
11.8074,12.9205,2,
12.3343,11.6407,2,
11.9354,10.8803,2,
10.4182,13.6607,2,
12.5223,12.1812,2,
11.8493,11.3349,2,
12.1917,11.8001,2,
11.7358,10.8494,2,
12.0994,12.6568,2,
11.5369,13.4001,2,
11.7914,13.1614,2,
12.4113,11.8619,2,
10.9897,11.8213,2,
12.2615,11.9101,2,
10.809,11.4765,2,
11.8121,11.9742,2,
12.5434,11.7296,2,
11.8769,13.0231,2,
13.469,11.428,2,
12.524,12.4043,2,
13.0262,12.5411,2,
11.3152,11.8932,2,
14.1596,11.5974,2,
11.5672,11.51,2,
10.3372,10.9995,2,
12.935,14.3073,2,
11.6565,12.4158,2,
12.0123,12.3228,2,
10.5885,15.092,-1,
12.5608,11.1968,2,
11.5583,12.1521,2,
11.3136,10.7048,2,
10.2316,12.4396,2,
11.3765,12.748,2,
13.4983,11.589,2,
11.4489,11.2018,2,
13.2319,12.9987,2,
13.2094,12.3272,2,
12.4201,12.5578,2,
9.64025,13.2737,2,
10.0018,11.8057,2,
12.2577,12.554,2,
12.5054,11.6188,2,
13.1362,11.5568,2,
11.981,12.9193,2,
9.36361,10.3279,2,
12.3957,13.1564,2,
11.8826,13.1369,2,
11.6539,11.1927,2,
12.5245,11.027,2,
12.8709,12.7805,2,
14.1551,13.5999,2,
12.02,11.2974,2,
10.6793,11.772,2,
12.526,12.2316,2,
10.5885,13.9166,2,
13.0683,13.2829,2,
12.9984,11.7564,2,
12.1387,10.9085,2,
12.1145,12.227,2,
12.3082,11.7838,2,
10.4094,12.2022,2,
13.2754,10.1367,2,
11.056,9.83065,2,
12.5266,11.3649,2,
10.988,11.221,2,
13.2858,12.5847,2,
11.1347,10.698,2,
13.1287,13.4836,2,
12.4494,12.7842,2,
12.7739,13.412,2,
12.3129,11.3918,2,
11.8466,13.3363,2,
13.0988,13.2009,2,
12.3183,10.9726,2,
12.1137,11.389,2,
12.091,12.4581,2,
11.9589,11.2863,2,
11.7004,11.8146,2,
12.0712,11.3987,2,
10.2359,14.4808,-1,
11.4827,12.4576,2,
14.2268,10.4302,2,
11.1138,11.1012,2,
12.3647,10.3399,2,
12.5659,11.651,2,
12.0163,13.0687,2,
11.5513,12.6589,2,
12.842,11.6598,2,
11.6099,10.6185,2,
12.6378,12.9709,2,
12.053,13.066,2,
12.0274,12.1223,2,
14.1181,12.096,2,
11.3141,10.8523,2,
11.9444,11.9982,2,
13.1557,12.9015,2,
13.2779,11.044,2,
12.0757,10.6433,2,
11.2182,11.2058,2,
12.0083,10.6571,2,
11.7927,12.6039,2,
12.0713,11.6406,2,
9.59767,13.596,2,
12.3999,12.5722,2,
12.0124,13.056,2,
12.5606,12.865,2,
11.2156,13.0545,2,
12.2926,12.7607,2,
12.5044,11.3701,2,
12.4888,12.3321,2,
12.5328,12.5819,2,
12.4589,13.0291,2,
10.7219,11.6681,2,
13.0337,11.4591,2,
11.0208,12.4112,2,
12.3922,12.031,2,
11.9624,12.8211,2,
13.3289,12.3188,2,
13.1314,13.775,2,
13.0565,13.4312,2,
13.7689,12.9044,2,
9.79506,12.8927,2,
12.3138,13.1273,2,
12.3602,12.0459,2,
13.1426,11.0719,2,
11.3704,12.0652,2,
13.3767,11.3587,2,
12.0259,11.3926,2,
12.8161,13.0308,2,
12.9679,10.6001,2,
12.9898,11.3123,2,
12.6006,11.337,2,
11.2163,11.2923,2,
11.9706,13.9627,2,
11.3426,11.3512,2,
11.8943,10.1214,2,
13.4564,11.0928,2,
12.2082,10.9406,2,
12.0971,11.4428,2,
11.5305,10.9074,2,
11.4907,12.9526,2,
11.7882,13.7409,2,
10.1777,11.4366,2,
11.4775,11.8431,2,
13.0487,12.526,2,
10.5825,12.1123,2,
11.4158,13.0929,2,
10.5684,11.1646,2,
10.9351,13.1118,2,
10.8898,11.9458,2,
11.677,11.7093,2,
11.4031,12.3131,2,
12.7387,12.0547,2,
12.4005,11.4292,2,
12.1857,13.0461,2,
11.5551,13.2088,2,
12.1153,11.517,2,
12.2751,12.4901,2,
12.5422,12.1279,2,
11.2681,10.3978,2,
12.8059,12.7012,2,
10.6621,11.9305,2,
12.6399,10.2119,2,
13.0634,11.4385,2,
12.6973,11.9215,2,
12.5249,13.0714,2,
10.7278,13.0397,2,
12.6555,11.9198,2,
11.9597,12.2582,2,
11.6306,12.6015,2,
13.7948,12.2662,2,
10.707,12.5767,2,
13.5145,11.224,2,
11.32,12.04,2,
11.1795,12.1031,2,
12.4248,13.5569,2,
12.123,10.8027,2,
11.2787,12.4745,2,
11.5491,12.1199,2,
13.5953,12.0911,2,
12.2464,10.1973,2,
12.994,12.0067,2,
11.8251,12.8446,2,
12.5804,11.3024,2,
13.2897,12.1137,2,
13.5062,10.1331,2,
11.6621,13.7254,2,
12.1406,12.2664,2,
11.6061,13.2888,2,
11.5868,10.9972,2,
11.1538,11.3796,2,
11.0493,10.1304,2,
10.4671,13.0898,2,
12.1651,11.3888,2,
11.2628,14.0105,2,
13.0328,10.9779,2,
12.2906,11.5636,2,
11.3256,11.0141,2,
13.0569,11.0021,2,
12.8891,12.7725,2,
12.5304,11.7397,2,
12.4233,13.0219,2,
10.8907,12.2497,2,
12.2197,10.7828,2,
13.2269,14.6547,2,
11.2485,13.6433,2,
14.155,12.823,2,
12.7414,13.6667,2,
13.9346,10.1623,2,
11.3229,13.4374,2,
11.0262,11.3386,2,
11.7327,11.0687,2,
12.4699,13.7672,2,
10.3202,9.84081,2,
11.7296,12.369,2,
11.8378,12.0635,2,
13.9593,12.4766,2,
12.559,12.5045,2,
13.0231,10.9745,2,
12.305,11.774,2,
13.485,13.286,2,
11.889,12.2707,2,
11.6478,9.38348,2,
12.3473,11.3814,2,
12.9026,13.0513,2,
13.549,10.2271,2,
13.551,11.5603,2,
13.7398,12.3323,2,
11.6991,11.3787,2,
11.491,13.5808,2,
11.6634,12.3586,2,
13.1429,11.0733,2,
11.565,13.3988,2,
12.8789,11.3717,2,
10.9514,13.6357,2,
11.8481,12.1254,2,
14.0051,12.3723,2,
10.9409,11.7735,2,
12.545,11.6021,2,
11.8156,11.4749,2,
11.0682,13.4889,2,
11.4677,13.5279,2,
12.6528,9.86363,2,
13.9074,13.1358,2,
12.5299,13.1487,2,
12.728,13.2681,2,
12.5651,11.1024,2,
13.7977,11.6847,2,
12.9601,12.2812,2,
11.9726,12.6737,2,
12.1865,10.1413,2,
10.1207,11.2318,2,
12.7482,11.6291,2,
9.38349,11.7763,2,
12.2495,10.0845,2,
13.3044,11.9756,2,
12.7781,12.7084,2,
11.955,12.7268,2,
12.0803,11.6095,2,
11.5107,12.1517,2,
12.4789,12.4194,2,
10.8397,12.2571,2,
11.7994,10.7691,2,
11.7893,11.6048,2,
12.3899,11.9647,2,
11.4307,12.9052,2,
11.8144,12.6843,2,
13.327,13.2083,2,
10.5631,12.9438,2,
12.6745,10.9729,2,
12.1234,9.59538,2,
12.7724,12.7631,2,
12.9096,11.2728,2,
13.0829,11.5902,2,
12.7437,11.4495,2,
12.7768,12.9306,2,
12.2074,11.7231,2,
12.6434,12.577,2,
12.7717,10.542,2,
10.7046,11.4014,2,
13.551,12.0356,2,
11.0701,12.6816,2,
11.6423,13.3189,2,
10.2948,11.3532,2,
13.2401,10.8676,2,
12.6328,11.674,2,
11.2399,12.2172,2,
12.5509,11.3315,2,
13.373,11.4571,2,
11.9104,11.1256,2,
10.4735,12.7851,2,
11.6362,11.0489,2,
13.6502,11.4188,2,
12.3886,11.2957,2,
13.097,11.6207,2,
12.4942,12.9066,2,
10.1963,10.4086,2,
12.4454,11.8311,2,
12.7112,11.8111,2,
13.8009,10.966,2,
11.558,12.8318,2,
10.7287,11.6024,2,
12.9832,12.6891,2,
12.7363,12.1478,2,
13.2474,14.1513,2,
11.5555,11.8284,2,
12.6486,12.6519,2,
13.3376,12.5311,2,
13.8673,10.5751,2,
12.9231,13.2628,2,
10.7437,13.3848,2,
10.4569,11.2415,2,
12.1221,11.2568,2,
11.7603,10.4788,2,
12.9559,12.5015,2,
12.8722,11.3104,2,
12.6564,10.6932,2,
11.9642,12.3915,2,
10.8936,11.0927,2,
10,10.7605,2,
11.6696,12.5445,2,
12.7801,11.6293,2,
11.6592,11.7132,2,
12.8437,11.8337,2,
11.2988,11.7108,2,
11.867,11.7772,2,
10.5811,10.3788,2,
12.516,11.8839,2,
12.0682,13.2167,2,
11.3699,12.4329,2,
11.8855,11.5448,2,
12.5262,10.8658,2,
12.6399,11.293,2,
10.7406,11.5104,2,
13.32,13.1324,2,
12.1191,11.9306,2,
12.4376,12.148,2,
11.2892,12.6513,2,
12.6629,10.882,2,
10.2816,12.249,2,
12.2268,11.9971,2,
11.3601,10.2561,2,
13.2949,11.762,2,
14.0751,11.6897,2,
13.5223,13.1973,2,
12.75,11.875,2,
11.4856,9.71383,2,
13.0638,12.88,2,
13.0752,12.4266,2,
12.4766,12.5741,2,
11.6376,11.4953,2,
12.5579,13.6348,2,
11.1792,11.4239,2,
10.1527,12.082,2,
12.1165,12.9855,2,
12.3646,11.9646,2,
12.9978,9.82125,2,
11.9451,12.7276,2,
10.7219,11.1747,2,
11.578,10.5876,2,
12.6784,12.1977,2,
12.7883,12.2831,2,
10.0742,12.3979,2,
11.4853,10.5962,2,
12.7689,11.5154,2,
11.9576,11.2074,2,
12.8275,11.0767,2,
12.3172,12.4147,2,
12.5712,13.1746,2,
11.7109,11.9604,2,
12.5741,11.2117,2,
12.2005,12.5872,2,
11.1446,12.7674,2,
13.4387,12.8337,2,
11.7878,12.07,2,
9.05057,11.7665,2,
6.24616,11.9889,2,
7.13836,12.5584,2,
8.27476,11.5682,2,
8.51873,12.6747,2,
6.3846,13.0885,2,
8.30925,14.1052,2,
6.69518,13.0014,2,
8.57838,11.7101,2,
8.05324,12.3852,2,
8.92758,11.4958,2,
8.24485,12.8117,2,
6.18452,10.9375,2,
8.40264,12.6806,2,
8.59377,13.4349,2,
5.77118,12.8972,2,
6.95885,10.0879,2,
7.0395,12.3483,2,
9.21056,10.8371,2,
7.80057,12.6162,2,
7.74551,11.3907,2,
7.5802,12.8112,2,
8.77551,12.8551,2,
10.0111,11.5704,2,
8.36454,12.3992,2,
9.66617,11.7171,2,
8.24321,13.2411,2,
8.33651,11.9799,2,
7.93267,12.8074,2,
8.54745,10.3087,2,
7.1863,12.6899,2,
7.49187,13.7724,2,
7.48757,11.6188,2,
7.90545,12.8234,2,
7.82291,10.1701,2,
8.26997,12.6864,2,
7.02233,12.3615,2,
10.3091,12.0299,2,
9.42575,12.2218,2,
8.1626,12.0932,2,
6.50343,10.1388,2,
10.123,10.0262,2,
8.44649,13.2447,2,
6.46298,11.5997,2,
8.98124,12.516,2,
7.6166,12.2985,2,
7.98855,12.1415,2,
6.90774,12.0821,2,
5.44075,11.6504,2,
9.6485,12.3747,2,
8.74596,11.1581,2,
8.11187,12.9495,2,
7.37418,11.6086,2,
8.2403,11.3159,2,
9.76381,13.3047,2,
8.8874,12.1676,2,
10.1419,12.8158,2,
8.45455,11.1553,2,
8.34106,12.9752,2,
9.0592,10.9778,2,
8.86268,10.0351,2,
9.18479,13.6031,2,
7.84923,11.9778,2,
9.50235,11.44,2,
9.40503,12.2884,2,
8.10056,11.3196,2,
7.1847,11.2615,2,
7.47138,11.3113,2,
7.21977,11.0741,2,
7.58545,11.2557,2,
8.31359,12.8681,2,
7.3021,9.40511,2,
8.37383,13.1592,2,
8.06412,12.1124,2,
8.52022,10.9063,2,
5.75282,10.1611,-1,
6.05178,12.2033,2,
7.35141,12.0606,2,
9.49404,13.0384,2,
7.17981,11.7151,2,
9.08255,10.019,2,
8.7808,12.0023,2,
8.91839,12.5316,2,
8.47059,11.8775,2,
8.54397,12.2742,2,
6.90486,11.5312,2,
8.83181,11.2291,2,
8.8533,12.4115,2,
7.83369,12.196,2,
7.16379,12.1427,2,
8.74924,12.5869,2,
8.037,11.3991,2,
7.90359,11.8699,2,
5.86545,12.5388,2,
7.59654,11.8061,2,
9.69345,13.1332,2,
7.53564,12.8991,2,
8.15226,11.2715,2,
9.42061,11.5514,2,
7.78325,10.8649,2,
8.0576,12.7311,2,
6.35657,11.1182,2,
6.92772,11.6068,2,
7.64875,12.6301,2,
8.5306,12.2086,2,
7.40774,12.4225,2,
7.05701,10.0524,2,
10.2959,12.8231,2,
6.83623,12.8433,2,
8.51907,11.3739,2,
6.14617,12.6708,2,
8.85061,12.959,2,
8.02594,12.5339,2,
8.18391,12.1077,2,
7.83375,12.299,2,
7.63928,12.9122,2,
7.89497,12.1282,2,
6.45528,11.9887,2,
8.67521,11.3199,2,
6.13786,13.304,2,
7.31678,11.1226,2,
6.53612,10.6803,2,
9.02144,11.4106,2,
9.37638,11.7826,2,
6.9193,12.0105,2,
7.9115,10.6448,2,
9.164,11.472,2,
10.0866,12.4774,2,
7.71686,12.3253,2,
8.12033,12.9134,2,
7.06659,12.0158,2,
7.96406,11.5385,2,
7.23099,12.9866,2,
6.99161,11.3855,2,
7.30917,11.8517,2,
8.1741,12.4528,2,
5.86731,13.306,2,
5.27781,12.4806,2,
7.3091,11.9497,2,
9.15223,12.1171,2,
10.34,11.0647,2,
7.70181,12.1174,2,
8.33216,11.4182,2,
8.3155,13.9432,2,
9.21098,10.8949,2,
8.27127,12.6584,2,
8.06042,12.2333,2,
9.19126,10.6929,2,
7.90029,11.3428,2,
5.85076,12.0372,2,
7.61687,13.9233,2,
6.52743,11.9138,2,
7.06122,12.6282,2,
7.26374,11.6194,2,
10.7493,10.766,2,
8.45449,12.596,2,
7.13045,12.3448,2,
7.29474,12.1908,2,
7.86725,12.6107,2,
8.69663,10.7467,2,
7.01357,13.054,2,
7.74885,11.7483,2,
6.5515,11.3456,2,
7.64242,13.615,2,
7.27268,11.9337,2,
6.80352,12.8137,2,
9.20454,13.7396,2,
9.17193,14.2262,2,
8.21492,12.0566,2,
9.99006,14.216,-1,
8.41092,11.248,2,
8.92623,10.1178,2,
6.32153,10.2245,2,
7.79413,12.2571,2,
8.39637,12.2206,2,
10.1122,11.427,2,
9.04735,11.1857,2,
6.06193,11.5628,2,
6.53043,11.5705,2,
6.56749,12.8215,2,
9.21105,12.5588,2,
7.50422,11.5652,2,
8.84829,12.4103,2,
8.45213,11.6286,2,
6.78961,13.2386,2,
8.97044,11.9569,2,
7.83314,11.083,2,
7.31585,14.0433,2,
8.24759,12.3659,2,
9.0593,11.819,2,
8.97706,9.92899,2,
6.40115,11.448,2,
8.49187,12.9954,2,
7.0697,10.7259,2,
8.3688,11.8564,2,
10.4255,10.9877,2,
6.70797,13.0006,2,
7.07798,10.1433,2,
8.05884,11.432,2,
9.49534,13.4115,2,
7.51438,11.5007,2,
7.04344,10.9809,2,
7.66237,11.158,2,
6.56031,11.8551,2,
7.78836,10.7363,2,
8.49385,11.4095,2,
8.07449,12.6378,2,
7.82193,12.8869,2,
8.84092,13.1271,2,
10.0139,11.4252,2,
6.65906,11.0089,2,
6.88843,12.1269,2,
8.83704,12.355,2,
10.0083,12.8867,2,
6.35158,10.459,2,
8.63377,10.9472,2,
7.41155,11.7096,2,
9.57108,13.0383,2,
10.9806,13.6587,2,
6.28353,12.9963,2,
9.31288,12.1436,2,
7.40967,11.7045,2,
7.65604,11.1231,2,
8.95971,12.7076,2,
7.1517,11.4228,2,
6.35503,12.0905,2,
9.56512,12.857,2,
8.17427,10.3805,2,
8.62205,11.4811,2,
7.41694,12.5047,2,
8.47603,9.76893,2,
8.39406,11.3878,2,
7.47693,11.2039,2,
6.79622,10.3722,2,
7.99472,11.6497,2,
6.83016,13.1645,2,
6.81303,13.2114,2,
7.67432,13.0166,2,
8.4861,13.4608,2,
10.3501,10.7817,2,
8.02549,11.9691,2,
8.32463,12.9895,2,
7.68273,13.1074,2,
8.25296,11.309,2,
7.47129,10.8782,2,
6.40186,12.5804,2,
8.1486,13.5283,2,
7.23972,12.8421,2,
8.37741,13.3585,2,
7.54134,11.193,2,
8.49444,12.4817,2,
7.94046,12.8772,2,
8.71382,11.2128,2,
7.14572,10.0374,2,
9.42221,13.1674,2,
7.17975,12.4031,2,
8.86281,11.5006,2,
9.01915,13.4079,2,
7.64396,13.1115,2,
8.16083,9.45918,2,
8.54353,11.1093,2,
8.0705,10.9155,2,
9.51443,11.783,2,
7.50114,12.6667,2,
7.65294,10.9291,2,
7.35266,11.5709,2,
7.50578,13.4281,2,
7.28685,11.2211,2,
9.13473,11.6824,2,
8.29704,11.9805,2,
8.56848,14.2458,2,
8.20584,13.6675,2,
7.60268,12.4499,2,
8.46553,12.5654,2,
9.52219,12.1519,2,
6.81389,11.5359,2,
7.4188,13.4945,2,
9.70282,8.81949,2,
7.42603,10.7094,2,
9.03159,12.231,2,
7.60244,12.9478,2,
8.63121,11.6891,2,
10.4117,10.9394,2,
7.31057,13.3982,2,
8.29907,12.2204,2,
8.79172,11.9844,2,
9.71712,12.4671,2,
7.91492,12.0676,2,
6.88867,10.7082,2,
8.04278,11.9666,2,
8.40361,12.2248,2,
8.69838,10.7465,2,
6.36908,13.341,2,
7.57062,12.0656,2,
11.1148,11.7406,2,
7.77989,11.7578,2,
9.318,12.4329,2,
7.97734,12.541,2,
6.52226,12.3219,2,
9.88506,10.6061,2,
7.81064,11.6942,2,
8.63382,12.9213,2,
7.55352,11.5937,2,
9.32299,12.1175,2,
8.27882,11.0574,2,
8.35214,12.5643,2,
7.02763,12.2117,2,
8.81987,13.7819,2,
7.44449,12.4325,2,
8.67188,10.4598,2,
9.10841,11.9347,2,
8.69881,12.9084,2,
9.27692,14.036,2,
8.31475,12.7501,2,
7.55315,13.1306,2,
8.28499,11.252,2,
9.2104,11.91,2,
7.43755,12.0078,2,
9.15246,11.4556,2,
9.77919,11.1965,2,
7.02753,12.7295,2,
7.01111,10.8144,2,
8.5112,13.4486,2,
8.12206,13.1101,2,
7.31994,10.8893,2,
9.16631,12.5818,2,
7.74458,11.1444,2,
8.93101,11.0726,2,
7.91868,11.4688,2,
6.95681,12.261,2,
9.30273,10.8982,2,
7.38148,11.9923,2,
8.43918,11.0874,2,
9.48047,12.9246,2,
10.1105,11.9466,2,
7.13036,10.7895,2,
9.28335,11.0081,2,
7.13497,11.8986,2,
9.53387,11.2417,2,
8.87461,10.7474,2,
7.57003,12.3632,2,
7.51815,12.0471,2,
7.59619,12.4397,2,
10.0834,12.9363,2,
8.67282,12.271,2,
5.78063,10.9676,2,
7.80732,12.493,2,
8.42023,10.9328,2,
8.28886,11.5675,2,
7.01861,12.7956,2,
7.47194,11.2326,2,
7.83424,12.2219,2,
8.25936,12.5453,2,
7.29776,9.67357,2,
7.03482,11.7101,2,
7.12981,11.0362,2,
6.65239,14.9732,-1,
9.0899,12.0291,2,
7.04877,11.5101,2,
8.10332,11.9058,2,
5.34537,12.5784,2,
7.9675,12.5103,2,
5.71102,11.6554,2,
8.42127,12.3769,2,
7.05452,12.6688,2,
6.87101,12.4664,2,
6.82413,11.7032,2,
7.05575,13.1717,2,
8.37814,12.4123,2,
6.86072,13.7438,2,
7.29244,11.6728,2,
8.65469,10.9922,2,
9.04682,10.0479,2,
8.00343,11.8527,2,
7.01751,12.5046,2,
8.71649,11.1021,2,
7.13239,12.5544,2,
6.6214,12.4692,2,
8.51053,10.566,2,
7.20266,12.5729,2,
7.95694,10.3967,2,
6.98711,12.8979,2,
8.72098,12.0644,2,
7.58202,13.8363,2,
9.2352,10.7283,2,
8.72423,12.0214,2,
8.00672,12.7124,2,
6.7342,12.5961,2,
8.2604,11.8237,2,
6.77102,10.4414,2,
8.63502,10.7892,2,
7.90952,11.9736,2,
7.89133,11.9975,2,
6.17468,13.5149,2,
9.71749,10.1419,2,
8.34175,11.0002,2,
7.79407,12.6436,2,
8.75017,9.53778,2,
8.12255,12.1132,2,
7.88922,12.5357,2,
9.29451,10.3872,2,
8.46127,12.0144,2,
7.89101,13.1824,2,
8.02069,12.3687,2,
8.35619,12.5298,2,
8.79309,13.3404,2,
5.8116,11.8426,2,
7.68247,11.0518,2,
6.88863,11.3158,2,
8.45108,11.6105,2,
7.86508,11.8193,2,
7.84793,12.9719,2,
7.19481,11.375,2,
8.43666,12.6244,2,
9.00101,11.6378,2,
7.4352,11.2246,2,
8.49528,12.9342,2,
8.28432,13.4852,2,
8.56045,10.3511,2,
8.1552,12.5437,2,
7.72128,12.9927,2,
5.65711,11.6907,2,
7.13926,10.8702,2,
7.90985,12.0968,2,
7.11802,13.6641,2,
7.17985,12.5396,2,
9.95436,11.4049,2,
8.92853,12.707,2,
7.76056,11.8896,2,
8.80278,11.2682,2,
7.6124,12.906,2,
7.66312,13.0798,2,
7.43734,12.6425,2,
7.20684,13.0132,2,
7.41375,13.8025,2,
7.92555,11.706,2,
8.46233,12.2857,2,
7.64499,13.0811,2,
8.33819,10.5853,2,
9.31239,13.5809,2,
10.9146,12.1205,2,
8.97572,12.7106,2,
9.44961,11.4871,2,
8.96874,13.0651,2,
8.71667,13.2312,2,
6.56474,11.0224,2,
8.10996,10.4471,2,
6.66707,13.2694,2,
6.11724,12.8217,2,
7.71502,10.7934,2,
7.8904,11.0808,2,
5.65487,12.0482,2,
7.78728,12.2661,2,
8.90247,11.4242,2,
8.83232,12.5511,2,
6.93627,12.4312,2,
8.15154,11.7897,2,
8.92259,12.195,2,
7.99197,11.8713,2,
8.24432,12.6268,2,
8.51302,11.9329,2,
7.94092,13.2481,2,
9.14929,12.9158,2,
6.89194,10.655,2,
6.75671,13.3372,2,
6.76439,12.8498,2,
8.59985,12.3067,2,
7.4109,14.0669,2,
7.33444,12.8695,2,
5.95264,11.8583,2,
8.61367,11.8951,2,
7.43724,11.42,2,
9.09695,12.1759,2,
9.10407,12.5027,2,
8.79871,10.7299,2,
7.98676,10.5623,2,
9.35006,12.7903,2,
7.98483,10.9246,2,
6.94999,11.1857,2,
7.6357,12.9649,2,
10.7738,10.4076,2,
8.66249,13.0371,2,
8.11521,12.6321,2,
7.72678,12.0253,2,
9.22371,11.9698,2,
8.38248,11.8259,2,
9.59893,10.9571,2,
7.90306,11.1477,2,
5.90387,11.8575,2,
8.47561,9.71977,2,
9.16435,10.3579,2,
7.47992,11.2765,2,
7.5816,12.6523,2,
8.90723,12.4978,2,
6.71544,11.2158,2,
9.28249,11.3163,2,
9.16569,10.4674,2,
6.47167,10.8352,2,
6.86233,11.5868,2,
6.40231,11.9953,2,
4.92944,13.0914,-1,
7.04143,12.2042,2,
7.99956,12.9091,2,
8.29935,12.069,2,
8.10375,11.7164,2,
7.38098,11.5127,2,
7.70587,11.1691,2,
8.11953,11.9494,2,
7.37084,9.60714,2,
8.9137,10.3881,2,
9.07574,12.3767,2,
8.76897,11.188,2,
7.54898,12.0758,2,
7.46553,12.4986,2,
9.12569,11.3776,2,
4.30687,11.6491,-1,
8.18646,13.2294,2,
5.12751,11.2639,2,
6.56556,13.022,2,
6.92554,13.5415,2,
9.2039,13.0549,2,
7.88276,12.8331,2,
7.84804,12.3742,2,
7.0224,13.2999,2,
9.33611,12.061,2,
10.8643,11.0519,2,
9.92061,12.2766,2,
7.09535,11.9569,2,
9.44622,10.991,2,
6.40201,11.2899,2,
7.73548,11.8672,2,
7.55816,12.4176,2,
7.23676,12.4833,2,
9.50439,12.8593,2,
7.31016,14.5389,2,
6.05426,13.9449,-1,
8.04806,11.046,2,
6.41628,11.3849,2,
7.70937,12.4597,2,
8.11776,11.4054,2,
7.8775,11.2132,2,
6.24658,11.2691,2,
7.66956,12.3734,2,
7.82032,12.9775,2,
8.17572,10.6272,2,
8.69286,11.0818,2,
7.81763,12.8683,2,
10.0105,10.9573,2,
8.50122,10.966,2,
6.8571,12.9092,2,
7.44526,13.2316,2,
8.19786,11.1984,2,
7.59672,11.6331,2,
8.51021,12.4785,2,
7.1847,11.6189,2,
8.18653,11.8801,2,
7.96985,12.2286,2,
8.4483,11.3493,2,
7.16857,12.9124,2,
9.76204,11.4986,2,
7.03035,13.0121,2,
7.37508,11.2212,2,
10.5608,12.0326,2,
7.23185,12.8554,2,
8.94477,11.269,2,
8.26119,11.4129,2,
9.13317,11.1792,2,
8.82932,11.6689,2,
7.70907,10.8311,2,
9.0479,10.1317,2,
7.57216,13.7622,2,
7.27434,12.2294,2,
7.78396,11.9059,2,
7.84666,10.4163,2,
9.45918,12.7491,2,
7.14087,10.4532,2,
6.79429,12.172,2,
8.05345,11.0675,2,
6.79306,12.8468,2,
7.21365,12.5292,2,
6.83618,12.0015,2,
8.61127,12.0353,2,
8.79158,11.3391,2,
8.82093,11.9857,2,
8.66188,12.8375,2,
7.20354,11.5597,2,
7.33618,11.5322,2,
5.96198,11.4229,2,
9.30271,11.5876,2,
9.24635,13.5451,2,
7.88757,12.8323,2,
5.45437,10.9941,-1,
7.64645,12.4114,2,
7.22112,11.6597,2,
8.34132,11.769,2,
9.20892,12.2018,2,
7.71429,12.7142,2,
5.90835,11.9342,2,
8.38141,11.9949,2,
7.57835,12.1161,2,
8.64599,9.63185,2,
8.5796,11.2289,2,
6.83534,13.2249,2,
8.17349,13.3216,2,
8.64933,12.5786,2,
8.33927,10.6031,2,
7.11253,12.7172,2,
8.03447,11.4392,2,
7.91951,12.0686,2,
9.32381,12.4677,2,
8.72679,12.4641,2,
6.70111,10.5526,2,
9.67924,11.4251,2,
8.25683,10.5955,2,
8.86851,14.4509,2,
8.26489,13.0369,2,
9.17138,11.7148,2,
7.53565,10.5982,2,
7.34788,13.0632,2,
8.59412,12.0525,2,
9.76845,11.375,2,
8.40911,12.5278,2,
8.03957,13.4956,2,
7.86435,12.4443,2,
8.4501,12.0983,2,
7.89508,11.7022,2,
7.33192,10.8821,2,
8.38765,11.4757,2,
8.89978,13.1521,2,
8.04865,10.2852,2,
7.95093,10.7833,2,
5.21917,11.4697,2,
8.54252,10.7736,2,
8.7433,12.2647,2,
8.66663,12.1767,2,
8.08677,10.3439,2,
9.67989,10.8695,2,
7.12572,11.1309,2,
7.23034,9.71187,2,
8.2308,11.4484,2,
6.4478,11.8023,2,
7.60849,11.7897,2,
7.80631,11.6738,2,
9.08908,13.4451,2,
8.25069,12.9911,2,
5.29448,11.35,2,
7.92296,11.5223,2,
7.08298,12.1265,2,
8.38499,10.6862,2,
8.13588,11.7581,2,
5.6832,12.4067,2,
8.6011,11.5367,2,
6.46673,11.5674,2,
6.82846,11.8339,2,
7.69772,10.4827,2,
8.74172,12.517,2,
6.17418,13.9401,-1,
8.71476,11.8352,2,
7.5853,11.8017,2,
7.28209,12.802,2,
9.24825,12.115,2,
7.98868,12.2931,2,
9.55166,13.529,2,
7.06667,11.1728,2,
8.90556,12.2125,2,
7.45903,12.596,2,
10.1795,11.7544,2,
9.12152,10.9997,2,
5.6551,12.5482,2,
7.70398,11.6096,2,
8.28225,12.2986,2,
8.71127,12.7333,2,
8.52348,12.5197,2,
7.1555,12.1521,2,
8.3283,12.3037,2,
7.83831,13.8688,2,
8.27064,13.2795,2,
8.49268,13.9401,2,
7.35526,12.947,2,
6.05101,12.3347,2,
7.93239,10.9569,2,
9.31479,12.0542,2,
7.43015,13.7445,2,
10.6865,12.0304,2,
8.41916,11.3169,2,
8.6581,11.7311,2,
8.22131,12.7202,2,
8.14061,10.7991,2,
8.35955,11.1011,2,
7.36056,11.026,2,
6.56052,11.6605,2,
8.74722,12.9826,2,
7.48689,12.2455,2,
9.43347,13.6537,2,
5.82357,11.4659,2,
8.53178,11.0278,2,
7.79286,11.1005,2,
8.79255,13.2374,2,
8.28016,11.2921,2,
8.68144,12.7308,2,
10.2732,9.96142,2,
7.38398,11.7086,2,
8.33923,10.9794,2,
8.83576,10.7757,2,
7.88714,11.1846,2,
8.66494,11.8417,2,
8.06172,11.7244,2,
8.39906,13.4033,2,
9.9237,10.8426,2,
5.65676,11.1394,2,
9.02973,11.3726,2,
7.29646,10.8819,2,
7.39656,12.9974,2,
7.57162,12.7937,2,
7.1542,11.8245,2,
7.37387,13.1194,2,
9.44088,11.2757,2,
8.40605,11.5234,2,
8.62197,12.0796,2,
7.23665,11.2788,2,
6.49839,12.7385,2,
9.22727,12.4407,2,
7.68054,11.5632,2,
7.56265,12.4274,2,
7.42046,11.3447,2,
8.17861,12.6569,2,
7.43282,11.117,2,
8.73773,11.0931,2,
6.33994,12.2568,2,
7.67316,13.256,2,
9.10843,10.56,2,
7.67166,11.3351,2,
7.32857,11.7051,2,
7.41462,12.388,2,
7.09935,11.7666,2,
6.44829,12.2144,2,
9.27728,12.8618,2,
5.85424,10.5814,2,
9.06901,11.5031,2,
8.45199,11.5003,2,
7.14357,11.3315,2,
7.92733,13.206,2,
8.36002,11.9889,2,
7.40788,13.0485,2,
8.46562,11.3611,2,
8.43048,13.0702,2,
6.36685,11.6935,2,
6.23303,13.0007,2,
8.01001,12.0269,2,
6.87766,9.28328,2,
6.35419,12.4057,2,
9.25286,13.4553,2,
7.35701,12.9889,2,
7.86058,11.8508,2,
9.44278,14.3155,2,
7.79967,10.9453,2,
7.93347,12.3277,2,
7.21703,11.662,2,
7.49787,10.9131,2,
8.31601,11.1942,2,
8.30652,13.394,2,
6.0427,11.0142,2,
8.09941,10.5828,2,
9.39687,11.3965,2,
7.21559,12.0808,2,
9.75449,12.9724,2,
5.94622,11.1113,2,
7.72923,12.8931,2,
8.66816,11.1963,2,
8.17908,13.2961,2,
7.96294,10.812,2,
8.83136,11.7219,2,
8.76665,13.7313,2,
6.97465,13.6504,2,
7.53287,11.2584,2,
7.43882,11.6204,2,
8.21875,12.9284,2,
9.62905,10.9583,2,
7.19485,11.9801,2,
9.14037,11.8034,2,
8.42476,12.5028,2,
8.77819,10.641,2,
10.6933,13.9766,2,
8.23587,13.441,2,
7.14665,13.1283,2,
7.2568,10.8998,2,
6.04546,12.3099,2,
8.2919,11.0253,2,
8.00535,10.3162,2,
8.55299,11.7555,2,
9.44974,13.3811,2,
7.83011,11.8314,2,
6.45473,12.3592,2,
6.01478,12.3204,2,
8.30413,10.6611,2,
7.75307,12.5447,2,
7.18798,11.0927,2,
8.32207,11.5184,2,
7.69383,10.2615,2,
7.05758,13.1,2,
6.24028,12.5295,2,
9.44339,10.132,2,
7.22458,10.7637,2,
8.46425,13.8425,2,
7.76069,11.6473,2,
8.49223,10.6534,2,
10.3105,12.4638,2,
7.17646,10.4253,2,
7.34354,12.5167,2,
9.05832,13.0532,2,
7.82425,10.8007,2,
7.60236,11.9422,2,
9.94194,11.6844,2,
6.70679,11.3259,2,
7.0369,10.689,2,
8.24628,10.9071,2,
9.0468,12.1904,2,
7.92995,9.8255,2,
8.79285,13.6668,2,
7.7456,12.9647,2,
8.48657,13.2554,2,
7.90847,12.1773,2,
8.35471,10.8415,2,
6.59556,11.9532,2,
7.63672,11.2002,2,
8.83442,12.0354,2,
7.52703,11.9091,2,
9.20325,12.6946,2,
8.52996,10.909,2,
6.40336,12.1067,2,
6.86401,10.8834,2,
7.87621,10.1072,2,
8.84691,11.0714,2,
8.56707,11.0724,2,
8.95511,12.9534,2,
8.37006,10.8034,2,
9.95801,11.6879,2,
6.72788,11.2232,2,
8.319,11.436,2,
6.70438,12.7596,2,
7.2509,11.6356,2,
8.518,12.152,2,
8.16572,13.3763,2,
8.60599,11.1545,2,
9.48395,11.9643,2,
8.83877,10.602,2,
7.5954,11.3246,2,
7.08141,12.5756,2,
8.85832,13.0535,2,
10.2926,13.1071,2,
5.6531,12.232,2,
6.97176,11.994,2,
8.56268,13.8532,2,
6.77237,11.7667,2,
9.25884,12.017,2,
8.2735,12.1935,2,
7.01938,12.8907,2,
5.31699,11.7792,2,
8.11774,10.5759,2,
7.84997,11.2561,2,
7.94843,11.4009,2,
8.25686,11.438,2,
8.27889,11.9416,2,
8.23018,12.2957,2,
8.16639,11.7139,2,
7.32997,10.6456,2,
9.20262,10.8572,2,
5.33,12.411,2,
8.94889,10.3978,2,
8.38725,11.5957,2,
8.52491,11.6382,2,
9.10163,12.4327,2,
7.01765,12.0291,2,
8.27403,11.1571,2,
7.30778,11.9092,2,
7.53103,12.3281,2,
7.9897,10.5797,2,
7.47202,11.8351,2,
8.17321,10.2206,2,
6.7986,10.9557,2,
8.18367,11.7028,2,
7.87904,11.3443,2,
7.71596,13.3754,2,
8.85251,11.0485,2,
8.24704,13.1789,2,
6.85862,11.6149,2,
8.18022,11.4692,2,
8.04566,12.1928,2,
6.53316,11.4739,2,
6.23434,10.4801,2,
7.80292,12.0321,2,
6.61704,10.4989,2,
7.67524,12.347,2,
8.90127,11.8485,2,
7.95894,12.4765,2,
6.89255,10.7579,2,
7.21688,11.2098,2,
6.82543,12.1341,2,
8.38561,14.0974,2,
8.7807,12.792,2,
6.99041,10.7568,2,
6.93902,11.3629,2,
8.30169,11.2892,2,
8.1062,10.853,2,
8.78642,11.3305,2,
8.95007,12.2152,2,
6.68117,12.5951,2,
10.2362,12.7314,2,
7.43488,11.4516,2,
7.14249,12.2384,2,
8.04329,13.2781,2,
7.71896,12.6431,2,
9.87436,12.8403,2,
10.7895,12.5667,2,
7.66361,10.8476,2,
6.88926,10.1532,2,
8.27793,12.554,2,
7.95844,10.1151,2,
10.4076,12.0671,2,
8.97729,11.4812,2,
6.99336,12.6788,2,
7.0404,12.3212,2,
9.53623,11.3411,2,
7.97916,11.1823,2,
8.32263,12.1269,2,
10.0974,9.79474,2,
6.77335,10.8288,2,
8.48458,11.1933,2,
8.82404,12.68,2,
9.20079,11.1532,2,
5.26969,12.489,2,
10.6585,12.3134,2,
7.10883,10.8063,2,
7.24999,12.0691,2,
7.88618,12.9438,2,
8.209,10.3711,2,
7.07548,13.1042,2,
8.90877,12.5623,2,
7.09454,10.7931,2,
7.34721,12.98,2,
6.38181,12.7675,2,
7.9108,10.9366,2,
8.64288,14.5005,2,
7.55656,11.9176,2,
9.57527,12.6383,2,
9.70434,11.944,2,
7.65302,11.4948,2,
7.85759,10.8661,2,
8.12751,11.7499,2,
7.87577,11.4045,2,
8.80108,12.7051,2,
6.85873,11.4684,2,
9.38827,14.2741,2,
7.16425,12.1755,2,
7.11952,13.4195,2,
9.48465,12.3196,2,
7.95531,11.4728,2,
7.542,12.993,2,
9.03772,11.1474,2,
8.173,11.258,2,
6.34448,12.6686,2,
8.92783,10.7052,2,
7.36459,11.0502,2,
8.22098,11.4527,2,
7.89983,12.6087,2,
6.36215,11.5648,2,
9.22388,13.8627,2,
9.10595,12.3651,2,
8.26893,12.2827,2,
7.95226,11.9609,2,
7.43612,12.9404,2,
9.62003,13.1144,2,
9.72658,12.9782,2,
8.02288,11.4765,2,
6.89784,12.9413,2,
9.3489,11.765,2,
7.77617,10.8258,2,
8.02895,12.7515,2,
8.44278,11.7233,2,
8.2826,11.5267,2,
9.74948,11.3201,2,
8.2208,12.4203,2,
6.7131,11.6656,2,
8.58271,10.7155,2,
7.83596,10.6446,2,
8.81131,11.9366,2,
8.71221,12.5077,2,
7.8565,12.2639,2,
9.44667,11.5834,2,
8.40719,10.2887,2,
7.40512,11.623,2,
8.47752,12.1067,2,
7.94664,13.1733,2,
8.79715,11.4267,2,
8.05801,13.2041,2,
8.03739,13.591,2,
8.25585,11.7654,2,
9.49543,11.5988,2,
8.42997,12.3786,2,
6.55866,13.4068,2,
