-0.212721,0.369257,1,
-1.50355,-1.10176,1,
-0.0661181,-0.354777,1,
-0.755377,1.33232,1,
2.00832,-0.449549,1,
0.37277,0.402217,1,
2.40331,-1.24062,1,
-0.338125,-0.904934,1,
-0.169293,1.22797,1,
1.66595,0.174271,1,
-0.13307,0.33089,1,
2.56912,0.301993,1,
1.02277,0.632042,1,
-1.53855,-0.672991,1,
0.866258,-1.2771,1,
1.32982,-0.297273,1,
0.819305,0.616591,1,
-0.805541,-0.16614,1,
-1.00169,-0.638871,1,
0.379342,-0.67973,1,
0.527484,0.48888,1,
0.681131,-0.595771,1,
0.323185,0.759605,1,
0.244008,-0.276017,1,
0.608012,1.02649,1,
0.604605,0.959356,1,
-0.805758,-0.0965532,1,
0.690333,0.440899,1,
0.345117,-1.95341,1,
0.385314,-2.38431,1,
-1.20475,-0.297896,1,
0.9657,0.206528,1,
0.55828,-1.46274,1,
-0.546727,-1.02134,1,
0.228569,0.389999,1,
-0.0674169,-0.0338117,1,
-0.338871,-0.0470798,1,
-0.251072,-0.20188,1,
-1.17031,-0.267368,1,
-0.875776,-0.378618,1,
1.24975,-0.855192,1,
-0.766203,-0.178837,1,
0.609592,0.220389,1,
0.386608,1.30919,1,
-1.09135,1.02901,1,
-1.15103,1.79898,1,
0.777953,-0.406371,1,
0.521021,0.185187,1,
0.864942,0.834595,1,
-0.250902,0.430149,1,
-1.29173,0.553116,1,
1.97416,-0.614006,1,
-0.0736805,-0.513216,1,
-0.534299,-0.68748,1,
0.136731,0.439116,1,
0.162765,-0.73114,1,
-0.752499,-0.384299,1,
0.326503,-0.449807,1,
-0.845792,-2.1851,1,
0.99284,-0.897173,1,
-1.24368,-0.378528,1,
0.282944,-0.364496,1,
0.602113,0.285707,1,
0.0528652,1.04345,1,
3.24941,0.415463,-1,
-0.567278,1.37119,1,
0.0385602,0.202368,1,
1.68338,-1.2271,1,
0.162869,-1.73995,1,
-0.628935,-0.059126,1,
0.370203,-0.728724,1,
-1.9044,-1.02191,1,
0.177748,-0.0842743,1,
-0.566751,-2.01653,1,
-1.44238,-1.32313,1,
0.540813,1.08756,1,
0.31456,0.454323,1,
0.166739,-1.32313,1,
1.00059,1.03222,1,
0.885817,4.1842,-1,
-0.60679,0.189497,1,
-0.622401,0.427132,1,
-0.0153159,-0.274302,1,
0.65589,0.0933786,1,
0.275177,0.710913,1,
2.02582,0.22307,1,
-0.0268696,-0.270746,1,
-0.568146,1.03399,1,
-0.102369,0.211077,1,
1.33281,-2.02161,1,
-0.937245,0.0255496,1,
0.675136,0.600679,1,
0.458846,-0.729764,1,
-1.60057,0.229966,1,
0.286871,1.39389,1,
0.498007,-0.159734,1,
-3.03287,-0.374911,-1,
1.25669,0.826595,1,
0.815541,0.107557,1,
-0.252301,1.0978,1,
0.71668,-0.659409,1,
0.121701,1.30691,1,
0.705074,1.77749,1,
1.06439,0.0784506,1,
2.12164,0.809486,1,
0.109161,-1.30001,1,
0.53196,-0.66999,1,
0.266418,0.32496,1,
-0.556076,-0.783319,1,
-0.103446,-1.09639,1,
0.533689,-0.562744,1,
0.432661,0.256781,1,
-1.01815,1.83537,1,
0.650716,1.12252,1,
-0.775061,-0.576089,1,
2.07572,0.233676,1,
0.321957,0.966634,1,
-0.274172,0.202243,1,
1.25531,-1.98566,1,
-2.29943,-0.611274,1,
1.44461,-0.313842,1,
-1.96007,-1.90611,1,
0.498061,-0.835743,1,
-1.45099,-0.0502222,1,
0.462838,-1.65595,1,
0.687891,2.84129,1,
0.553175,-1.18127,1,
-1.67715,0.230636,1,
1.09007,-1.28485,1,
-0.507871,0.076827,1,
0.369635,-0.907728,1,
-1.64871,-0.744727,1,
-1.3851,-0.028014,1,
0.548848,0.774552,1,
0.754081,0.551398,1,
0.330768,1.00772,1,
0.749565,0.0997288,1,
-0.274474,-1.00389,1,
0.206142,0.0238597,1,
2.41181,0.349243,1,
1.36164,-0.390235,1,
0.978763,1.61014,1,
0.394581,0.160415,1,
0.0796998,1.64965,1,
0.93999,-0.650533,1,
1.59137,1.36773,1,
0.836967,0.236069,1,
0.0259317,1.66547,1,
-0.224486,0.601965,1,
-0.453832,-0.40044,1,
-1.37302,0.437976,1,
-0.734537,-0.357487,1,
-2.13303,0.333528,1,
-0.567262,-0.286221,1,
-1.78352,0.579218,1,
-0.142869,0.454411,1,
0.551544,0.512434,1,
-0.298166,-0.142882,1,
-1.74666,2.53365,1,
0.0268393,0.204112,1,
-1.89934,0.849761,1,
1.15117,-1.9098,1,
-0.063506,-0.451823,1,
0.891439,-0.0770279,1,
-1.19977,-1.09746,1,
-0.0364751,-0.814613,1,
-0.938948,0.628589,1,
0.441136,-0.558543,1,
-1.75987,-0.715138,1,
1.0646,-0.913978,1,
0.056776,-0.496044,1,
1.08909,-1.23059,1,
0.561076,1.4609,1,
-1.26547,0.725621,1,
0.99097,-1.32439,1,
-1.09119,-0.597039,1,
-0.139031,-2.01577,1,
-0.0785156,1.52399,1,
-0.368844,-1.48264,1,
0.40883,1.04156,1,
1.07886,-0.270364,1,
-0.414938,0.777147,1,
-2.08935,-2.01248,1,
0.52107,-1.38712,1,
-1.80271,-0.859878,1,
0.907464,-0.244851,1,
1.6992,0.373159,1,
-0.436364,-0.771361,1,
-2.28863,-1.72912,1,
-0.0234195,0.654353,1,
1.24584,-0.890216,1,
0.443687,-0.832521,1,
0.348612,0.395196,1,
-1.24004,0.916929,1,
1.7237,-1.07861,1,
0.965306,-0.660853,1,
-0.617356,-0.869146,1,
-1.16759,1.45016,1,
-0.425383,0.846666,1,
0.295248,-1.26827,1,
0.694807,1.76589,1,
0.419425,-0.301814,1,
-1.8995,-0.777481,1,
0.22143,-0.70786,1,
0.14124,-0.330738,1,
-0.108801,-1.7416,1,
0.210848,-1.84102,1,
1.09341,0.727892,1,
-0.848478,1.02704,1,
1.5628,1.55751,1,
1.24606,-1.39501,1,
0.944596,0.53436,1,
-0.931018,0.130929,1,
-1.86915,-0.496182,1,
1.95913,-0.767362,1,
0.534658,0.868355,1,
-0.633817,0.307376,1,
0.501465,-1.06043,1,
-1.1475,-1.1292,1,
-0.446021,1.18667,1,
-1.63012,1.54198,1,
-1.24573,0.048521,1,
-0.421524,0.21428,1,
1.67241,-0.461724,1,
-0.485887,0.539511,1,
-0.603859,0.388903,1,
-0.964584,-0.0958458,1,
-1.36104,0.780563,1,
-0.0738007,0.459809,1,
2.00975,0.401736,1,
0.566681,-1.14162,1,
1.27971,-0.438677,1,
1.34296,-0.823487,1,
0.405326,-1.32398,1,
0.974763,-0.807181,1,
0.146019,-0.664987,1,
-1.3231,-0.53534,1,
-0.0448802,-0.86929,1,
-2.41298,1.94809,-1,
-0.306541,-1.01707,1,
-0.251123,1.70212,1,
-1.09233,-1.72575,1,
-1.2226,0.336972,1,
0.07674,0.174799,1,
-0.0827418,0.676572,1,
-1.16642,-0.692654,1,
-0.69414,-1.24175,1,
-0.56439,-1.5059,1,
-0.669779,0.938922,1,
1.74161,-0.356082,1,
0.0826597,-1.41792,1,
0.127418,1.67514,1,
1.33334,1.23692,1,
0.621843,-0.0830995,1,
0.855707,-2.61173,1,
0.793322,0.569555,1,
-1.49705,-0.0945778,1,
1.71299,0.527188,1,
1.87425,1.16721,1,
-0.884092,1.04084,1,
0.229758,0.629522,1,
1.54884,-1.24415,1,
0.969058,0.936358,1,
0.926355,0.28722,1,
0.333818,0.250894,1,
-1.28072,-1.80645,1,
1.50311,2.15217,1,
1.23361,-0.601793,1,
0.427161,1.19722,1,
0.0126052,-0.845212,1,
0.30283,-0.711288,1,
0.323774,-0.665514,1,
-0.525522,2.5472,1,
0.310262,-0.696175,1,
-0.0697667,-0.230902,1,
-0.306969,0.0163945,1,
-1.31188,-0.854208,1,
0.0845136,-1.1164,1,
-1.64197,0.767979,1,
0.496714,-2.08151,1,
-0.12765,-0.543943,1,
-0.148013,0.013547,1,
-0.75203,-2.24174,1,
-0.449419,0.16314,1,
-0.319187,1.23545,1,
-0.238764,1.4728,1,
-1.14058,0.879829,1,
0.774129,0.703355,1,
2.52284,0.698612,1,
0.727292,-1.29603,1,
0.101185,1.97007,1,
-0.0821925,-0.1263,1,
-0.204607,-0.248836,1,
-0.265437,-0.568955,1,
-0.788473,-0.317447,1,
0.0302725,-1.33673,1,
-0.69749,-3.21591,1,
0.514796,1.83776,1,
0.845952,1.37789,1,
0.881658,1.33937,1,
0.963549,-0.649962,1,
-0.0281529,0.969463,1,
-0.00818637,-1.02338,1,
-0.213448,-0.138863,1,
-0.124832,-0.692914,1,
-0.679213,0.11613,1,
-1.04823,0.225245,1,
-0.938641,-0.225156,1,
-1.64716,-0.753037,1,
1.17195,-0.305107,1,
0.700673,0.5263,1,
-1.15812,0.450787,1,
-0.0754696,-0.513215,1,
-0.872292,-0.186179,1,
1.20653,-0.556209,1,
0.561262,0.671765,1,
0.0544332,-0.121678,1,
1.89275,-0.932229,1,
1.15263,-0.58885,1,
1.09514,-0.476356,1,
-0.21224,-0.271834,1,
0.715799,0.197399,1,
-0.604893,-0.912559,1,
-0.128243,-0.206657,1,
-0.582775,-0.794387,1,
-1.44052,1.00259,1,
0.366512,-1.99282,1,
0.0376638,-1.31977,1,
-0.0154449,0.768312,1,
1.30896,1.51492,1,
1.05682,1.31469,1,
-0.0624375,-0.30491,1,
0.202215,-0.255552,1,
-2.26902,0.931943,1,
0.285142,0.505058,1,
0.0797514,1.91367,1,
0.625753,0.0995633,1,
-0.561589,1.25163,1,
0.232409,0.436365,1,
-0.763138,0.206964,1,
-0.0440128,-2.13761,1,
0.313777,0.81482,1,
0.926813,-0.198407,1,
-0.394283,1.00861,1,
0.580358,-1.08979,1,
0.738174,0.843945,1,
1.2779,-0.764877,1,
-0.249721,-1.24934,1,
-1.59423,-0.484456,1,
-0.512753,-0.142733,1,
0.0887349,-0.547246,1,
1.16907,-0.380601,1,
0.679244,0.148876,1,
-0.107508,-0.307856,1,
-0.0864574,-0.83966,1,
-1.41434,1.32933,1,
0.257313,0.32465,1,
-1.3563,2.31085,1,
1.08558,0.851125,1,
0.268886,-0.307737,1,
-1.56496,-0.16754,1,
-0.851278,-0.536897,1,
-1.93838,-1.02272,1,
0.784059,-0.0460362,1,
-0.203969,0.177769,1,
-1.3116,-0.435308,1,
-0.0715254,0.271722,1,
0.498899,-0.386483,1,
-0.00686144,-1.76966,1,
-1.63199,-0.38693,1,
0.634886,2.09463,1,
-0.50307,-0.164559,1,
1.32743,1.3219,1,
1.21297,-0.833472,1,
1.47027,0.62389,1,
0.397405,0.204432,1,
0.650607,0.709332,1,
0.481001,-1.19495,1,
0.198588,-0.765155,1,
1.80368,-0.218791,1,
0.542141,1.46596,1,
0.697628,-0.314981,1,
-0.254305,0.678071,1,
1.16884,1.2903,1,
0.243473,-1.07792,1,
-0.0520282,-0.577909,1,
-0.074317,-0.41614,1,
-0.929013,1.29497,1,
0.393049,-0.363346,1,
1.34355,-0.465869,1,
0.962457,0.468955,1,
-1.74105,-0.0989397,1,
1.28214,-2.73106,1,
-1.73754,1.35441,1,
-0.616454,-1.25731,1,
-1.18719,-1.22553,1,
-1.36805,0.915906,1,
0.263751,-0.808419,1,
0.870413,0.540554,1,
-0.133189,-0.0911067,1,
0.342242,-1.90324,1,
-0.922531,0.81104,1,
0.518918,-0.479935,1,
-0.727188,-1.07658,1,
-1.64881,0.420817,1,
-0.0982524,-0.562536,1,
0.404308,1.58325,1,
-0.0679453,-0.781011,1,
0.439633,0.584492,1,
-0.86202,0.141095,1,
0.183165,0.120288,1,
-2.39684,0.715149,1,
1.2036,-0.314136,1,
0.233085,0.999187,1,
-0.467894,2.06628,1,
1.26652,0.0643066,1,
-2.32508,-0.8962,1,
-1.07532,-1.14716,1,
1.88578,-0.400383,1,
-0.475999,-1.24084,1,
-0.114567,-1.01187,1,
2.01777,-1.52431,1,
1.42563,0.238086,1,
0.0312833,0.206634,1,
2.57831,0.661819,1,
1.13416,-0.646374,1,
-0.312268,0.561323,1,
-0.57036,1.09881,1,
0.452523,1.28904,1,
-0.25636,-0.569818,1,
0.955856,0.0460612,1,
2.0808,-1.48312,1,
-0.36345,1.37881,1,
-0.358631,-1.66168,1,
-0.748074,-0.596878,1,
0.00525862,-0.931106,1,
0.0923839,-1.20528,1,
-0.24254,0.204678,1,
-0.881768,-1.56052,1,
0.340701,-0.503345,1,
0.820418,-0.39836,1,
0.70234,1.03456,1,
-0.917305,-1.12909,1,
-1.068,-1.16176,1,
-0.717466,0.036305,1,
1.40149,-0.551614,1,
-0.28346,0.17333,1,
0.820543,-1.08741,1,
-0.287587,0.319105,1,
-0.516602,0.871236,1,
1.884,-1.42213,1,
-0.379841,0.438533,1,
-1.65217,-0.349875,1,
0.312365,-1.01476,1,
-0.0715567,1.25592,1,
-2.34245,0.496157,1,
-0.324804,0.814587,1,
-1.05457,-0.234608,1,
0.405356,0.171802,1,
0.627505,2.26168,1,
1.41453,-1.26194,1,
-0.492839,-0.758286,1,
-1.11487,0.289123,1,
-1.38758,1.32681,1,
0.181026,0.420717,1,
0.0451191,-1.31105,1,
0.0965518,-0.119755,1,
0.0951207,-0.94191,1,
0.168896,-0.162734,1,
-0.952234,2.41034,1,
0.957355,0.953443,1,
-0.666203,1.99246,1,
1.36025,1.25345,1,
-0.979222,0.742965,1,
0.405188,-0.669773,1,
-0.0243825,-0.912936,1,
-0.589718,0.482767,1,
-0.466067,-0.00264663,1,
-0.086193,0.138333,1,
-0.727859,0.865782,1,
-0.288986,0.197025,1,
1.51772,-0.700945,1,
1.5666,-1.61503,1,
-0.961491,-0.517217,1,
1.10366,1.10661,1,
-0.869707,-0.468319,1,
0.458499,-1.3295,1,
-0.10768,1.18915,1,
1.71588,-0.378295,1,
1.12611,-0.95295,1,
-1.67703,0.346752,1,
0.833573,0.623428,1,
1.74106,1.54874,1,
1.75071,0.551736,1,
1.50421,-1.86306,1,
-0.0958164,2.16936,1,
0.210397,-0.225437,1,
-0.868486,2.16189,1,
0.478451,-1.23569,1,
1.70399,0.5568,1,
1.18719,-0.964312,1,
1.16793,-0.0164759,1,
-1.63988,-1.3439,1,
-1.21779,-2.19766,1,
-1.55851,-0.840617,1,
0.449922,1.47687,1,
-0.981092,2.13547,1,
-0.424014,0.28083,1,
0.829247,-1.48309,1,
0.679756,-1.26991,1,
1.24748,0.330878,1,
0.707175,-0.51224,1,
0.37939,0.06936,1,
0.540473,0.0677688,1,
-0.442531,-0.817761,1,
-0.45801,1.24897,1,
1.23918,-0.956131,1,
0.962725,0.440507,1,
-0.530849,0.0108919,1,
-2.57636,-0.0711666,1,
0.0956387,-0.935264,1,
0.0125121,-0.042274,1,
-0.819383,0.672965,1,
-0.408031,-1.72766,1,
-0.753675,-0.517703,1,
0.302782,1.18377,1,
1.10096,-0.822204,1,
0.519994,-0.012,1,
-0.907173,0.788397,1,
1.36657,-2.01603,1,
-1.45832,-1.60578,1,
-0.804316,0.450695,1,
1.43398,1.19841,1,
0.252738,-2.26296,1,
1.1466,-1.99595,1,
0.66201,-0.412411,1,
0.31404,1.15401,1,
1.52153,0.359813,1,
0.132237,-0.435195,1,
-0.0868515,1.45359,1,
-1.02022,0.0200261,1,
0.102249,-1.47797,1,
0.0601563,-1.07089,1,
-0.488213,1.30348,1,
1.7659,-0.36814,1,
0.208783,-0.74796,1,
1.49332,-0.16571,1,
-2.16847,1.33866,1,
1.04753,1.47717,1,
-1.69525,-0.109987,1,
-0.434424,0.0132036,1,
-0.0322941,-0.248006,1,
1.02793,-1.16626,1,
-0.203094,-0.39188,1,
1.06894,0.704116,1,
0.339184,0.280463,1,
-1.9233,-2.81376,2,
0.610536,1.54371,1,
0.490373,-0.0501594,1,
-0.439346,0.970789,1,
-0.900084,-1.23659,1,
0.143324,0.845396,1,
0.829411,-1.78936,1,
-0.104488,0.0117544,1,
0.646556,0.0854136,1,
2.6688,-0.260763,1,
-1.08943,-0.07531,1,
0.629522,0.360079,1,
-1.03934,-0.587845,1,
-1.10253,0.163291,1,
0.599076,-2.45702,1,
1.54812,0.65052,1,
-0.406741,1.90211,1,
-0.427278,0.800699,1,
-0.710945,0.755771,1,
1.32273,0.396444,1,
0.409948,0.528071,1,
-0.774061,1.30972,1,
0.978205,-0.311409,1,
0.289004,-0.748882,1,
0.0280962,0.759353,1,
-0.126276,-0.18881,1,
-0.750311,-1.83083,1,
-0.508124,-0.345061,1,
-0.32265,0.0978836,1,
0.559196,0.578171,1,
1.5756,-0.0129037,1,
1.54025,-2.54702,1,
2.35616,0.967223,1,
-1.14314,0.383354,1,
1.79261,0.00885033,1,
-1.30899,-0.0903359,1,
0.648359,-0.199472,1,
0.0770791,-0.532224,1,
-1.23966,0.347415,1,
-1.45337,-0.591312,1,
-0.410899,-1.28505,1,
-0.406898,0.51313,1,
-0.963214,-0.67602,1,
-0.64736,0.82516,1,
-0.975199,1.44595,1,
-1.03637,-0.316525,1,
0.674992,0.477618,1,
-0.17349,0.5435,1,
-0.222983,-0.999509,1,
0.14585,0.541173,1,
2.16848,-0.466179,1,
0.756811,1.09947,1,
-0.505998,0.264482,1,
-0.837435,-0.524138,1,
-2.07685,-0.52722,1,
-0.230216,1.08808,1,
0.883043,1.66801,1,
0.792215,0.406509,1,
-0.150175,0.888085,1,
0.827594,-1.26612,1,
-0.342278,0.5866,1,
0.632802,-0.832993,1,
0.849426,0.391732,1,
-0.845785,1.44442,1,
-0.862472,-0.605913,1,
-1.1119,0.503461,1,
0.832959,0.95905,1,
0.906102,0.0699791,1,
1.08581,0.296675,1,
0.550962,0.947091,1,
-1.85532,-0.279763,1,
0.980225,0.309219,1,
0.143538,0.140458,1,
0.0326433,0.127136,1,
-0.457049,-0.0277325,1,
-0.197473,1.79696,1,
0.596744,1.41678,1,
0.0967339,-0.903921,1,
-0.065224,0.0764599,1,
-1.4966,1.32397,1,
-0.0256148,-0.465182,1,
1.27367,0.0451085,1,
-0.464279,-1.0432,1,
1.39717,-0.263795,1,
-1.12962,-0.0147692,1,
-0.532467,0.392726,1,
1.67959,0.671118,1,
-0.677378,-0.831862,1,
-2.0097,1.44056,1,
-1.28917,-0.202964,1,
-0.66086,0.736882,1,
0.433393,0.949203,1,
0.768103,-0.421808,1,
0.6055,-0.331535,1,
-0.369675,0.572009,1,
1.52589,-0.0050805,1,
-1.30548,0.742132,1,
-0.755623,-0.00638165,1,
1.26033,-0.26744,1,
-1.46746,-0.633681,1,
-0.203683,-0.192713,1,
1.31279,0.0665721,1,
-1.53261,1.02449,1,
0.0626641,-0.435516,1,
-1.51586,-0.284239,1,
0.917064,0.692109,1,
-0.145875,-0.227847,1,
0.359695,-0.217011,1,
-1.15938,-0.0254067,1,
0.036644,-2.05425,1,
0.325649,1.1799,1,
0.498345,0.824799,1,
-0.0356689,0.492548,1,
-1.41143,-0.157604,1,
1.0942,1.35514,1,
-1.00209,-0.914162,1,
0.608794,-0.143197,1,
0.0623927,0.468009,1,
0.544048,0.965546,1,
0.268231,-0.423138,1,
1.23509,0.102579,1,
-0.770356,-0.911593,1,
-0.267636,0.960586,1,
0.122627,-0.0649847,1,
0.578424,0.232891,1,
0.505486,-0.239877,1,
1.22795,-0.332344,1,
0.300427,0.137504,1,
1.10628,-0.082129,1,
-0.162999,0.845266,1,
0.442992,-0.377697,1,
1.80866,-0.940842,1,
0.905559,-0.218942,1,
0.770697,0.049338,1,
-0.261048,1.73596,1,
-0.327619,1.58966,1,
-0.848919,0.0492742,1,
-1.32901,-0.0572161,1,
-1.25858,-1.13013,1,
-1.63149,-0.999104,1,
-0.428445,-0.205158,1,
-0.284291,-0.102506,1,
2.00323,0.750591,1,
-0.80307,0.562325,1,
-0.414995,0.410362,1,
-0.363033,-1.57683,1,
1.04921,-0.967492,1,
0.61542,-0.0737383,1,
-0.72363,0.614407,1,
1.11129,-1.44975,1,
-1.56458,0.0269172,1,
0.704849,-0.189591,1,
1.96585,-0.523699,1,
0.711168,-0.765788,1,
-0.188573,0.0819132,1,
0.571071,0.40261,1,
0.38227,0.268125,1,
-0.280202,-0.905877,1,
-0.261556,-0.302825,1,
0.834198,-0.667938,1,
1.31806,-0.120227,1,
-0.0378392,0.126312,1,
0.293974,1.58925,1,
-0.844936,0.372709,1,
-0.410225,1.10272,1,
0.502939,-0.864362,1,
2.19795,-1.77171,1,
-0.734507,0.834498,1,
0.206809,1.14115,1,
0.150556,0.942557,1,
2.13509,0.55093,1,
0.96421,-1.14062,1,
2.03524,-3.27462,-1,
0.730148,-0.865557,1,
0.891953,-0.773593,1,
2.25735,-1.39251,1,
0.69373,0.915848,1,
0.199023,2.12318,1,
0.472684,0.0133113,1,
0.355701,-1.27752,1,
1.33551,-0.00949047,1,
-0.245188,1.13564,1,
0.502682,0.740305,1,
-1.71488,-0.71799,1,
-0.956117,-0.91908,1,
1.3213,0.0931335,1,
0.253695,-0.256902,1,
-1.94049,-1.49419,1,
1.45659,-1.43409,1,
0.217408,1.42341,1,
0.457945,-0.75951,1,
2.2109,0.34805,1,
0.743483,0.993898,1,
-1.37796,-0.604556,1,
-0.615285,0.0646708,1,
-0.168116,-0.298651,1,
-0.265547,-0.999759,1,
0.321378,0.760002,1,
1.04533,-0.664564,1,
-0.0701814,-1.92097,1,
-0.629636,-0.291876,1,
-0.0694762,-0.811722,1,
-0.797713,0.0218391,1,
0.0920582,0.411717,1,
-2.66826,0.828822,1,
0.542045,1.21229,1,
-0.988448,-2.38046,1,
0.281624,0.156124,1,
1.24447,0.277653,1,
-0.9844,-1.31293,1,
-0.801623,-0.781261,1,
-0.975743,-0.360771,1,
0.917869,0.112705,1,
-1.44978,-0.295529,1,
-1.10424,0.0444706,1,
2.89758,-1.10422,-1,
1.0356,-0.940252,1,
0.450484,0.496291,1,
0.501057,-0.0346703,1,
-0.322752,1.46106,1,
0.879144,-0.173399,1,
-0.804829,-1.51295,1,
-0.877763,-0.224458,1,
-0.893394,-1.22077,1,
-1.46657,-2.03373,1,
-2.24359,1.34781,1,
1.96014,1.04587,1,
-0.660195,-0.340899,1,
-0.220361,-0.444502,1,
0.101399,0.834485,1,
1.26389,1.93209,1,
-2.34059,-0.245501,1,
-0.755875,0.808316,1,
-0.170477,-0.825161,1,
-1.24968,0.28711,1,
0.635354,1.07775,1,
-1.8,0.899282,1,
-0.988474,-1.05547,1,
-0.312863,-0.379214,1,
1.20603,-0.945215,1,
-0.467538,0.0154754,1,
0.71589,0.790976,1,
0.268776,1.52256,1,
0.167163,-0.509316,1,
0.105436,-1.27501,1,
0.185715,-2.27889,1,
0.246767,0.844726,1,
0.77107,-0.95558,1,
-0.597727,0.525435,1,
1.08061,-0.702082,1,
0.409638,0.945716,1,
-0.709292,1.22852,1,
-1.93824,-0.851464,1,
0.494844,1.73232,1,
-0.814217,-0.890773,1,
-1.74327,-1.51023,1,
0.488474,-0.166914,1,
0.141943,0.356531,1,
-1.21692,0.353358,1,
-1.00142,-1.60197,1,
-0.155417,-0.883631,1,
1.122,0.582066,1,
1.20951,-0.176447,1,
0.294584,-0.0818204,1,
0.658915,1.357,1,
0.100325,0.543423,1,
0.039594,-1.14383,1,
1.51097,1.09301,1,
1.19145,0.610651,1,
0.305304,-1.47176,1,
0.68264,-0.942411,1,
-1.09071,-0.190501,1,
0.403575,0.987163,1,
-1.04549,-0.505837,1,
-0.594158,1.56689,1,
-1.00343,-0.92715,1,
-0.729957,0.380724,1,
-0.663986,0.747165,1,
-2.77564,0.581241,1,
-2.46331,0.836664,1,
0.421151,1.44434,1,
-0.474343,-0.621501,1,
0.508721,-0.0854747,1,
0.392842,0.108875,1,
0.564649,-0.545357,1,
0.128164,-1.08378,1,
-0.728042,1.51673,1,
-0.916263,-1.36846,1,
-0.223677,0.50196,1,
0.686627,-0.407542,1,
0.525264,0.343545,1,
-0.84038,0.509895,1,
-0.829815,-0.58445,1,
1.68973,0.0822991,1,
0.993218,-0.459732,1,
1.00067,0.142477,1,
2.35093,-1.01093,1,
-2.33761,-0.932832,1,
0.715298,1.05291,1,
0.214993,-0.0748176,1,
0.176855,0.637738,1,
-2.22686,0.527048,1,
1.042,0.380586,1,
3.09109,-1.53989,-1,
-2.20446,0.762915,1,
0.712749,-0.550116,1,
0.616299,1.20208,1,
-0.271908,0.629309,1,
1.74521,-1.74986,1,
-1.35373,0.0701278,1,
1.26658,-0.287061,1,
0.797186,-1.2494,1,
-1.8465,-0.112629,1,
0.295691,-0.804453,1,
-1.4792,-0.141038,1,
-0.062921,-0.82126,1,
0.127743,-1.00493,1,
-0.57772,1.18346,1,
0.907532,-1.28932,1,
0.0697899,0.0488526,1,
0.0561683,-1.32882,1,
-0.019381,-0.742226,1,
1.78322,-0.915953,1,
-0.640579,-0.078207,1,
-0.434296,0.663903,1,
-0.09397,0.214214,1,
-2.12116,-0.0435686,1,
-0.596623,0.827489,1,
0.76826,-0.562325,1,
0.133835,-2.17094,1,
-0.451155,-0.422118,1,
-0.185728,-1.55241,1,
1.91512,-0.385159,1,
0.806213,0.169972,1,
1.76115,-0.779973,1,
-0.591224,-1.22032,1,
1.39015,1.33197,1,
-1.68527,0.244847,1,
-1.20894,-0.539081,1,
-1.83919,-0.682309,1,
0.715437,0.124375,1,
0.107341,-1.55874,1,
-1.96825,2.07655,-1,
0.00745988,0.642888,1,
0.621146,0.00470287,1,
-0.627587,2.8224,1,
-1.71408,-2.48485,2,
-1.32421,0.12711,1,
-0.343561,1.33232,1,
-1.49666,-0.578194,1,
-0.24865,-0.62136,1,
-2.68487,0.877599,1,
2.88311,0.781286,1,
0.356656,0.873602,1,
-1.41587,0.736314,1,
-0.185178,0.131738,1,
1.98375,-0.544189,1,
0.720165,0.0435299,1,
0.647827,-1.02398,1,
0.22973,0.246052,1,
-1.05843,-0.267491,1,
-1.01958,-1.95746,1,
-0.550762,-1.46948,1,
-0.0441444,-0.226495,1,
0.851061,-0.373664,1,
-1.46845,-0.531253,1,
-0.452781,-0.789642,1,
-1.46085,1.4103,1,
1.26652,-0.74762,1,
1.02365,-0.433122,1,
0.159082,0.406686,1,
0.978814,-0.603558,1,
-0.481538,0.0579147,1,
-0.38432,-0.556007,1,
-0.833409,-1.23974,1,
0.295729,-0.631611,1,
-0.616363,-2.88555,1,
-0.671619,0.861343,1,
1.57529,0.964641,1,
-0.254336,-0.94916,1,
1.48819,-1.17223,1,
0.117278,1.97562,1,
-0.113468,0.254813,1,
-0.347679,-0.552088,1,
0.412817,0.335136,1,
0.644301,1.32881,1,
-1.82949,-0.220944,1,
2.63633,-0.548757,1,
-0.0678157,0.176269,1,
0.175818,-1.28636,1,
1.33415,-0.756911,1,
1.60028,-0.140631,1,
1.28287,-0.586967,1,
0.940541,-1.15268,1,
0.337544,-0.243827,1,
-0.0398941,-2.52427,1,
-0.220986,-2.8699,1,
0.127188,0.899556,1,
0.405984,-1.50032,1,
-0.178774,-0.783287,1,
-1.01198,-3.2272,1,
0.30189,-0.857484,1,
-0.0478576,-0.478775,1,
1.10811,0.778589,1,
-1.83198,-0.148502,1,
0.710551,0.707212,1,
-0.151459,-0.367476,1,
0.0160438,-0.743356,1,
0.305494,0.256037,1,
-0.225308,-0.835662,1,
-0.393217,-0.138033,1,
-0.140276,0.714567,1,
-0.297541,0.8776,1,
0.474081,-0.997587,1,
0.824311,-0.0589945,1,
-0.646645,0.448521,1,
0.0718962,0.0757043,1,
0.401581,0.423643,1,
0.539884,-1.03707,1,
0.000183099,-0.871893,1,
1.29028,-0.656148,1,
0.643655,2.45776,1,
0.804466,-0.858245,1,
-0.30903,0.0116105,1,
-0.509355,0.391271,1,
0.794652,-2.04984,1,
0.880364,0.186568,1,
1.6194,-0.258597,1,
-0.876542,-0.472973,1,
0.099807,1.21728,1,
-0.0136554,-0.587827,1,
-0.571426,-1.82195,1,
0.255182,1.04278,1,
-1.15006,-0.433212,1,
0.690776,-0.666987,1,
1.66962,0.18382,1,
1.11403,-1.02215,1,
-0.402823,-1.93903,1,
-0.779598,0.671808,1,
2.59415,0.0781273,1,
1.43831,-2.13499,1,
0.13666,0.818601,1,
-0.381948,0.609893,1,
-0.406395,-0.210838,1,
9.65679,8.66456,3,
9.75495,10.5115,3,
9.67382,10.1664,3,
8.68246,10.0004,3,
8.85575,9.97344,3,
9.22828,11.1975,3,
8.83264,9.4622,3,
9.67449,10.0541,3,
10.4489,7.99566,3,
8.96337,10.2992,3,
9.8426,10.6748,3,
11.5116,8.09221,3,
10.0998,11.0644,3,
9.27541,8.93576,3,
10.5067,12.2783,3,
8.52119,8.59644,3,
9.59091,11.1537,3,
11.3509,11.5427,3,
10.4236,9.32742,3,
9.90912,10.1241,3,
10.5183,9.13897,3,
9.30921,10.3417,3,
9.52669,8.4847,3,
9.66634,10.2202,3,
10.6643,10.3035,3,
10.2352,9.43929,3,
9.39742,10.3898,3,
9.25995,10.8067,3,
9.57055,11.7705,3,
11.6984,8.33171,3,
10.9392,9.73363,3,
9.21649,10.2662,3,
9.6516,10.7272,3,
10.651,11.0039,3,
10.3537,9.93169,3,
10.1284,8.88878,3,
10.3653,10.8205,3,
10.8553,10.0129,3,
10.2251,10.8121,3,
8.33356,9.76462,3,
9.9778,9.7275,3,
11.854,9.96127,3,
8.50646,8.4818,3,
8.50979,10.8276,3,
10.3137,8.77995,3,
10.3938,9.30782,3,
10.2402,10.3855,3,
10.4446,10.9264,3,
10.4338,10.2427,3,
9.21862,10.6216,3,
9.81918,10.5306,3,
8.97074,10.4455,3,
13.0424,9.93236,3,
9.43156,9.09866,3,
9.81846,10.1546,3,
10.1871,10.9141,3,
9.68456,8.95982,3,
7.93341,11.5489,3,
8.4952,10.6167,3,
8.42581,10.9738,3,
10.081,9.57474,3,
8.40969,10.5011,3,
9.57004,10.7074,3,
8.292,9.49156,3,
10.225,9.90698,3,
9.6223,8.82692,3,
10.9791,9.66374,3,
9.23954,9.85322,3,
11.145,9.20684,3,
9.77121,9.82229,3,
9.70976,9.83616,3,
10.9371,10.0881,3,
10.4668,10.442,3,
11.4121,10.2836,3,
10.6858,9.56027,3,
9.48099,9.60312,3,
10.9059,9.63941,3,
10.6698,8.6968,3,
9.57004,7.88128,3,
10.0529,10.244,3,
12.6019,10.4812,3,
9.93149,9.34845,3,
9.69645,8.5016,3,
11.4567,9.37204,3,
8.98622,9.48729,3,
10.3373,12.5852,3,
10.5573,11.3609,3,
7.68346,9.42975,3,
10.8459,10.2161,3,
8.49181,9.47468,3,
10.9897,9.49038,3,
9.7001,10.1768,3,
9.4519,9.36555,3,
8.80845,10.1472,3,
10.5372,9.53099,3,
9.68644,10.7038,3,
10.1971,10.0768,3,
8.20431,8.43579,3,
10.0851,10.9722,3,
10.5167,10.4083,3,
8.11684,9.45568,3,
7.91939,10.041,3,
9.83734,9.62187,3,
10.6476,9.74007,3,
10.2824,10.4018,3,
9.43964,9.13789,3,
9.66385,9.17358,3,
8.63379,9.79464,3,
10.0388,10.8496,3,
9.71813,11.8482,3,
9.15308,12.6231,3,
11.2467,8.74602,3,
9.56254,10.5157,3,
10.3615,9.71896,3,
9.18331,10.1173,3,
8.56906,9.49739,3,
10.4855,10.8546,3,
12.2993,10.579,3,
9.42315,10.537,3,
9.71834,10.5732,3,
11.0036,9.48111,3,
8.66767,9.04029,3,
8.72018,10.3338,3,
9.8752,10.6829,3,
11.8,11.5389,3,
8.73273,9.7632,3,
10.2225,9.39257,3,
11.0795,11.3763,3,
8.37209,9.49454,3,
9.29367,8.75348,3,
9.85951,8.84927,3,
11.345,9.79423,3,
10.7221,8.64968,3,
8.28535,10.0949,3,
8.82933,10.6028,3,
9.85598,10.1262,3,
12.1459,10.3856,3,
9.9301,10.6406,3,
10.1874,9.87681,3,
9.78298,8.5278,3,
9.11081,9.95132,3,
9.99184,11.6026,3,
9.85072,9.96495,3,
9.19792,8.56329,3,
10.3962,10.4562,3,
9.54669,10.5128,3,
10.7153,8.54001,3,
10.3,11.6721,3,
9.70339,9.58963,3,
8.85178,9.84046,3,
8.91876,10.1478,3,
9.99506,10.189,3,
9.36932,8.93402,3,
10.3665,9.33596,3,
11.134,9.68087,3,
9.38491,10.2993,3,
9.58948,9.32998,3,
10.5495,8.96632,3,
10.8007,10.9858,3,
9.43544,10.4262,3,
9.91672,11.7733,3,
11.6989,10.3088,3,
8.47943,10.7396,3,
11.2369,9.28101,3,
10.4532,10.5502,3,
9.99416,9.49943,3,
7.63302,11.0149,3,
9.43178,11.2068,3,
8.56995,8.2247,3,
8.68376,8.77958,3,
8.57821,11.1608,3,
8.19098,7.77469,3,
11.911,9.82246,3,
10.5474,9.4829,3,
9.30002,11.1319,3,
9.94478,9.24778,3,
11.2986,11.0074,3,
9.99058,11.9595,3,
12.3812,8.51036,3,
9.38467,10.6116,3,
11.7646,9.49725,3,
8.15225,9.62884,3,
10.2327,9.92193,3,
8.92048,7.87255,3,
8.71045,10.3926,3,
10.692,9.66204,3,
8.73656,9.10881,3,
10.3148,9.15814,3,
11.5774,8.00541,3,
10.4806,11.1323,3,
10.8875,9.39341,3,
9.00151,9.29416,3,
11.3768,7.71402,3,
11.7868,8.99181,3,
6.98101,10.6202,3,
9.22157,9.32459,3,
10.312,11.8172,3,
11.3375,7.65807,3,
10.5267,10.9343,3,
8.88165,9.28524,3,
9.51866,8.70141,3,
10.9935,7.93862,3,
12.034,9.19965,3,
9.27113,10.481,3,
10.606,12.1277,3,
8.39685,9.29385,3,
9.77297,10.5121,3,
8.08816,10.9642,3,
9.73689,9.8663,3,
11.5385,9.7336,3,
10.4558,10.2887,3,
11.7982,9.153,3,
12.1385,9.79691,3,
9.41013,10.595,3,
9.30097,8.36607,3,
9.57599,11.2118,3,
9.51118,11.0651,3,
8.49462,9.71016,3,
9.35314,8.31216,3,
10.3622,9.72662,3,
11.3488,10.495,3,
10.8967,9.8385,3,
9.94736,9.66288,3,
10.5612,9.80197,3,
10.5409,10.8838,3,
9.75773,9.79017,3,
10.5642,7.88958,3,
10.7966,8.56271,3,
9.48649,10.1527,3,
9.74646,10.7332,3,
14.6216,9.59935,-1,
9.86707,10.5989,3,
9.83963,10.0737,3,
9.75522,10.7037,3,
8.77422,10.8314,3,
11.6766,9.61389,3,
10.4609,11.5569,3,
11.7015,8.72876,3,
9.56075,9.0257,3,
9.93224,8.43429,3,
10.9864,11.404,3,
10.5471,11.7659,3,
10.8169,8.73698,3,
9.51325,10.0589,3,
10.5654,11.2045,3,
9.06425,10.8136,3,
7.99964,10.3359,3,
9.82198,8.58572,3,
9.88476,10.5674,3,
9.07908,12.4172,3,
10.0739,8.34866,3,
11.4925,12.8112,3,
11.4541,10.0277,3,
8.71304,9.23994,3,
10.6548,9.86232,3,
10.6417,11.2368,3,
9.00207,10.8733,3,
10.7273,11.007,3,
8.42566,9.43694,3,
11.4543,10.7178,3,
9.63855,9.98434,3,
9.92278,8.81513,3,
9.90454,9.89157,3,
8.52592,10.0131,3,
9.92314,11.2253,3,
9.77031,8.88641,3,
10.2275,10.1083,3,
9.04941,8.7193,3,
11.346,10.2189,3,
10.0622,9.2028,3,
9.57409,11.0166,3,
9.48633,10.2356,3,
10.6152,8.57378,3,
8.297,8.35503,3,
10.8607,10.8871,3,
9.44042,9.2042,3,
10.1961,8.56911,3,
9.41762,9.7916,3,
8.16621,10.1628,3,
9.55177,9.90743,3,
10.1663,10.4427,3,
8.93369,10.7001,3,
10.3199,9.26076,3,
10.2165,8.72733,3,
10.9264,9.05056,3,
9.72007,9.06774,3,
10.0245,9.23233,3,
9.88078,8.30198,3,
9.64313,11.401,3,
8.71156,10.157,3,
11.2887,11.6872,3,
10.736,8.47031,3,
10.1835,10.8731,3,
8.89696,10.8689,3,
9.00958,9.51609,3,
9.55858,10.6236,3,
9.91233,10.3443,3,
11.235,11,3,
10.0762,11.1183,3,
11.0973,8.88718,3,
9.80691,9.64594,3,
11.6879,9.47127,3,
10.1889,10.3891,3,
8.48862,11.1799,3,
10.5217,10.2883,3,
10.6275,10.2108,3,
10.0874,10.8477,3,
11.733,9.22055,3,
9.86105,9.48587,3,
10.4185,9.92763,3,
10.2597,8.77292,3,
10.2931,9.09159,3,
9.5123,9.4706,3,
9.04585,10.7849,3,
11.898,10.397,3,
11.1477,9.80274,3,
10.214,9.28843,3,
10.1425,8.93693,3,
11.122,9.79152,3,
9.26102,12.4052,3,
10.449,9.85779,3,
8.1424,9.75187,3,
8.60187,9.42389,3,
10.496,11.4625,3,
8.75265,9.41643,3,
9.29239,9.74258,3,
9.8242,10.4871,3,
9.73717,10.2854,3,
10.7763,10.2931,3,
10.6868,9.77788,3,
9.89072,8.51275,3,
10.1648,8.84083,3,
10.854,9.61461,3,
9.73226,9.7762,3,
10.3626,9.88946,3,
8.921,9.32883,3,
11.1553,10.3624,3,
10.611,9.75006,3,
10.3203,8.62642,3,
9.56186,9.93085,3,
8.43349,9.75159,3,
11.3225,9.62059,3,
8.14095,8.96888,3,
10.453,11.3725,3,
10.5797,10.5303,3,
10.1467,12.3376,3,
9.76031,8.14656,3,
8.90921,9.03898,3,
9.40673,10.3776,3,
9.29638,11.0102,3,
9.73576,10.0449,3,
11.5068,12.3652,3,
8.94486,9.69937,3,
10.1379,9.40501,3,
12.8833,10.1552,3,
11.1213,10.0873,3,
9.99331,9.41197,3,
8.85055,8.86863,3,
9.08928,9.90869,3,
9.49448,9.52263,3,
10.08,9.90264,3,
11.5662,9.63619,3,
10.9497,9.78315,3,
8.68005,8.45747,3,
8.50996,11.2759,3,
9.12858,10.8596,3,
9.88802,11.4046,3,
10.1779,11.0526,3,
10.5302,9.4723,3,
7.47233,9.17754,3,
10.1861,10.8266,3,
11.1375,11.084,3,
8.6913,10.2817,3,
9.85375,10.1776,3,
10.3696,10.8965,3,
8.68343,8.24628,3,
12.2328,10.4187,3,
10.5117,10.1091,3,
8.53591,11.955,3,
11.3656,10.3561,3,
9.13197,11.2343,3,
9.21991,10.7108,3,
11.2254,10.1684,3,
9.79755,8.76393,3,
11.1745,9.00457,3,
9.93253,11.0913,3,
9.92737,9.72698,3,
11.7769,10.8926,3,
9.96907,10.5036,3,
10.2406,10.0184,3,
9.63961,9.84179,3,
11.0158,12.1033,3,
10.1772,10.9645,3,
11.1475,10.2626,3,
9.79131,9.03538,3,
8.97325,10.2526,3,
10.4677,9.00925,3,
9.25187,9.25928,3,
10.2467,11.2468,3,
12.1587,8.90381,3,
11.0361,10.8984,3,
11.0976,7.80344,3,
9.17886,9.48586,3,
9.06448,9.01339,3,
9.20916,8.93682,3,
11.1691,10.5503,3,
12.2088,11.335,3,
8.89948,8.64371,3,
10.1637,10.8782,3,
8.8648,11.132,3,
8.22547,7.99418,3,
9.00642,8.25661,3,
11.0901,9.03857,3,
8.40413,10.2318,3,
9.84265,10.1223,3,
10.1183,9.80063,3,
10.4099,9.75356,3,
9.7917,9.89616,3,
11.0065,9.53241,3,
11.6959,8.53827,3,
8.9566,12.6805,3,
10.2642,10.2196,3,
10.3275,9.33956,3,
10.9505,9.48688,3,
10.0188,9.37759,3,
11.4362,9.59831,3,
11.296,9.22099,3,
9.58993,8.63353,3,
11.0266,9.2631,3,
10.3728,9.61783,3,
10.7227,11.2776,3,
8.72596,8.80606,3,
10.2426,9.82002,3,
9.1093,10.1782,3,
10.0466,11.5956,3,
9.44928,9.74049,3,
10.0912,11.0259,3,
8.75256,10.1845,3,
9.13538,11.8793,3,
10.3185,9.57768,3,
9.51639,9.52991,3,
10.9022,9.80105,3,
10.0487,9.68709,3,
9.13806,10.1487,3,
8.69948,8.99645,3,
9.54773,9.89898,3,
12.5242,11.7793,3,
9.90971,9.53774,3,
10.4931,10.5685,3,
9.21543,8.09133,3,
10.5026,10.0513,3,
11.2862,10.034,3,
8.22529,10.337,3,
8.6632,9.61202,3,
8.38731,10.1915,3,
9.02041,9.31352,3,
10.3769,10.2307,3,
10.5004,8.94047,3,
10.5773,9.94647,3,
8.53918,9.09941,3,
9.94241,9.76615,3,
11.2703,10.7569,3,
9.36121,9.21515,3,
10.4393,9.8246,3,
11.1745,10.9599,3,
9.30445,9.29076,3,
9.72,10.1278,3,
11.6359,10.2468,3,
9.89354,10.0941,3,
9.04852,10.6003,3,
10.9984,9.80277,3,
9.88418,10.1786,3,
8.99811,9.76946,3,
10.028,10.028,3,
9.91032,10.6705,3,
9.64701,9.88674,3,
9.98501,9.11165,3,
12.0204,9.49258,3,
11.1159,8.63239,3,
8.41546,10.0238,3,
10.3214,11.3142,3,
10.1012,9.38783,3,
9.87046,9.95719,3,
9.66362,9.58625,3,
11.4966,10.0258,3,
8.31864,9.40457,3,
8.46746,10.8137,3,
10.3757,9.96706,3,
8.2138,10.1253,3,
10.5525,10.6755,3,
9.93105,9.50936,3,
11.0601,10.8748,3,
9.54913,9.47749,3,
10.4346,9.31904,3,
10.4598,10.5617,3,
9.9677,11.0434,3,
8.42349,11.6865,3,
9.9816,8.50917,3,
9.4566,9.1768,3,
9.44795,10.7113,3,
7.69323,9.74123,3,
10.1409,9.31551,3,
10.4289,9.38276,3,
10.9775,9.46564,3,
12.3846,10.2903,3,
10.404,10.1549,3,
11.2351,10.9501,3,
9.92729,10.1458,3,
9.80381,10.2682,3,
11.4125,11.3083,3,
10.7202,8.70842,3,
10.3795,9.66439,3,
9.00819,8.91039,3,
10.1302,9.82687,3,
10.7623,8.91065,3,
9.03977,10.7188,3,
10.4876,9.39604,3,
10.6487,9.72204,3,
9.61541,8.51416,3,
9.6414,8.49835,3,
12.1942,8.02936,3,
10.0738,10.8506,3,
9.75397,9.57271,3,
10.7391,9.61914,3,
10.5852,9.41046,3,
8.41338,10.69,3,
10.3678,11.2557,3,
9.93802,9.46125,3,
11.6366,10.3183,3,
12.0652,10.7973,3,
9.26549,9.82666,3,
11.6176,8.47654,3,
10.3813,8.87911,3,
11.1972,9.59507,3,
8.98671,9.76405,3,
10.4757,8.29833,3,
10.109,10.3756,3,
9.04141,10.8383,3,
10.027,10.5887,3,
10.0403,10.5155,3,
10.7875,8.99638,3,
10.1212,10.1657,3,
9.84322,11.1292,3,
11.3915,10.9319,3,
10.4615,10.9412,3,
8.00904,9.45846,3,
10.4452,11.1469,3,
8.74494,8.96591,3,
9.49024,7.87987,3,
10.868,8.95114,3,
11.9992,9.64685,3,
8.88753,10.2916,3,
9.83648,10.1689,3,
9.00329,10.3373,3,
8.80622,9.75673,3,
10.2736,9.04541,3,
9.67508,10.6367,3,
9.48487,10.8231,3,
9.87894,11.2747,3,
10.1496,10.6111,3,
11.0804,10.3392,3,
9.88223,11.6498,3,
10.2745,11.0872,3,
7.40854,9.52312,3,
8.60929,9.54754,3,
11.7848,9.30621,3,
10.9629,11.2565,3,
11.8751,10.4235,3,
10.5783,9.94718,3,
8.96902,10.1378,3,
9.81746,9.53146,3,
9.26932,7.78671,3,
8.85199,10.2315,3,
10.9976,8.92837,3,
11.115,10.093,3,
7.75232,9.864,3,
11.5785,10.4113,3,
9.88458,10.2453,3,
11.5391,10.1637,3,
10.042,9.84812,3,
9.61511,9.76941,3,
9.61396,9.9793,3,
9.90319,9.90364,3,
9.40661,11.8567,3,
10.3891,10.9618,3,
11.3301,11.7043,3,
10.3219,9.39837,3,
13.2938,11.2573,3,
9.76067,10.2869,3,
9.76487,9.65365,3,
10.2428,10.528,3,
11.7688,9.3992,3,
10.8462,9.42343,3,
9.80991,10.5918,3,
10.3908,11.0474,3,
9.66641,11.0571,3,
10.7026,10.6691,3,
9.8223,9.74669,3,
9.99849,11.0584,3,
10.4848,12.0446,3,
9.10105,12.2959,3,
9.99369,10.474,3,
8.96985,10.4726,3,
9.2618,8.41931,3,
8.80717,11.9088,3,
9.90488,10.3055,3,
9.90616,9.98678,3,
11.0268,11.234,3,
10.6578,10.0847,3,
8.2699,8.41362,3,
9.54942,9.72193,3,
11.7197,9.46898,3,
12.1947,10.9735,3,
9.61245,10.1536,3,
9.38223,9.61265,3,
11.3834,9.85795,3,
9.94938,9.28563,3,
8.18645,10.931,3,
11.2594,11.0969,3,
9.3659,10.2482,3,
10.0099,9.23478,3,
11.1144,10.6055,3,
8.55515,10.4422,3,
10.0337,9.43492,3,
9.5907,11.2393,3,
9.37478,9.16097,3,
9.63293,10.8919,3,
10.2086,10.466,3,
9.98694,10.1212,3,
10.3469,7.93793,3,
9.14317,9.79658,3,
11.6721,11.1345,3,
9.93807,10.8451,3,
9.79041,8.84227,3,
10.8377,10.3393,3,
9.34765,9.35282,3,
10.3987,9.32325,3,
11.3874,10.2471,3,
8.4105,10.2553,3,
11.1389,11.0326,3,
9.75256,10.808,3,
9.90124,11.049,3,
9.49526,9.6127,3,
8.88503,10.1616,3,
10.7464,12.131,3,
9.04639,11.0258,3,
10.1948,10.9193,3,
9.97834,10.9792,3,
11.6819,8.67719,3,
9.60395,10.5808,3,
11.0585,10.5587,3,
8.54346,11.2446,3,
11.8612,8.61988,3,
9.59973,10.0313,3,
10.4636,9.58686,3,
8.33214,10.1492,3,
10.2932,10.3911,3,
11.7269,12.3666,3,
9.97924,9.68913,3,
10.4925,10.0135,3,
9.94199,11.626,3,
9.44577,12.0167,3,
10.6501,10.3496,3,
10.1729,10.6958,3,
10.937,10.2265,3,
9.08486,8.62381,3,
9.64427,9.28889,3,
10.9905,12.3957,3,
10.0323,10.112,3,
10.9651,10.2191,3,
10.0829,11.1761,3,
8.39158,10.7789,3,
10.2755,11.5422,3,
10.0315,10.2602,3,
11.119,10.4357,3,
11.5063,11.2413,3,
10.3638,9.46362,3,
12.0723,9.47367,3,
8.97035,8.80208,3,
9.01324,10.4037,3,
9.35783,9.69152,3,
8.75694,9.73338,3,
11.3965,9.57056,3,
8.23187,9.05216,3,
10.1933,9.94507,3,
10.5172,10.7709,3,
9.76404,11.15,3,
11.0559,11.2476,3,
9.69101,10.6169,3,
10.3883,11.2946,3,
11.5756,9.51279,3,
10.3391,10.0038,3,
9.19331,10.9035,3,
9.94105,9.33051,3,
9.19853,9.66141,3,
9.89622,10.338,3,
9.462,10.2622,3,
9.53577,9.80139,3,
8.81459,11.5207,3,
10.0755,10.3089,3,
10.1782,11.0316,3,
9.49124,9.59926,3,
11.0723,11.2212,3,
9.95564,11.1849,3,
9.84789,8.9593,3,
8.45046,9.32309,3,
8.20775,9.87001,3,
11.388,10.7322,3,
11.5477,10.3076,3,
7.91717,10.2071,3,
7.68595,9.6237,3,
9.95562,10.9398,3,
10.4226,11.3669,3,
10.4791,9.82664,3,
10.5785,9.76136,3,
11.0148,9.57845,3,
10.1796,11.6367,3,
9.39805,9.119,3,
11.6244,10.2206,3,
10.1785,10.7635,3,
10.3278,11.0385,3,
11.9714,9.87675,3,
9.61457,11.3877,3,
9.64128,9.70214,3,
9.74864,8.22974,3,
11.0706,8.13358,3,
11.1287,10.0177,3,
10.3957,11.151,3,
9.57191,8.75735,3,
10.6396,11.0445,3,
11.362,9.96634,3,
8.88745,8.46409,3,
10.8273,11.3687,3,
10.3414,12.1739,3,
11.1723,9.13344,3,
11.0868,9.5771,3,
9.9671,9.28181,3,
10.17,10.7405,3,
8.47912,9.70599,3,
10.124,9.35689,3,
11.4118,10.397,3,
10.0582,9.50126,3,
11.6126,9.93526,3,
11.2258,9.44685,3,
9.35661,9.25089,3,
9.00546,8.45653,3,
8.80391,10.3321,3,
10.6105,9.04343,3,
7.59642,10.8275,3,
9.1802,10.6809,3,
9.16064,10.3696,3,
10.1042,10.7567,3,
10.4996,10.6285,3,
9.98654,11.1965,3,
10.7271,9.70231,3,
9.83341,12.128,3,
11.1997,10.3722,3,
10.6069,10.082,3,
10.6818,10.9073,3,
11.9103,10.0087,3,
10.4855,10.5043,3,
8.66388,8.69723,3,
11.0677,8.68933,3,
9.51693,10.5309,3,
8.63739,9.87253,3,
9.9459,9.14648,3,
8.94947,11.0257,3,
10.4423,10.3895,3,
8.4141,10.62,3,
11.1957,11.9921,3,
9.27539,8.44616,3,
11.4184,8.56277,3,
9.23867,8.95916,3,
8.33442,10.1394,3,
9.72058,7.60827,3,
10.9162,9.96283,3,
11.4125,9.15792,3,
9.72624,10.5773,3,
9.90054,13.7075,3,
9.93161,10.3116,3,
10.4418,10.9429,3,
8.59619,9.83996,3,
9.79809,8.4352,3,
7.89191,9.10843,3,
10.7868,9.0922,3,
8.75264,9.15325,3,
9.81738,9.55995,3,
10.3023,10.1078,3,
9.72734,9.76814,3,
10.0331,10.1081,3,
10.1421,10.3131,3,
10.3928,11.4013,3,
9.87379,10.2644,3,
11.0605,8.89108,3,
9.85002,9.02734,3,
11.7447,10.1158,3,
11.0463,8.52508,3,
10.1573,8.87213,3,
9.33162,9.55936,3,
10.8503,10.0239,3,
8.98757,11.2953,3,
11.5132,8.52665,3,
6.52572,11.2693,3,
10.8641,10.4071,3,
9.55369,8.32074,3,
10.9918,7.90199,3,
11.5092,9.50227,3,
9.29119,10.2723,3,
10.2327,11.8087,3,
10.5587,9.95138,3,
10.2232,9.36003,3,
10.4773,9.65323,3,
10.1553,10.7212,3,
12.6492,10.5076,3,
10.5142,8.89062,3,
10.6573,9.1372,3,
10.731,11.1302,3,
10.4611,8.60199,3,
10.3057,12.2842,3,
10.7584,10.7725,3,
11.016,10.1861,3,
9.24636,9.97418,3,
11.0958,11.2832,3,
11.1906,10.0661,3,
8.89259,12.0029,3,
9.02004,8.81261,3,
11.0374,11.6771,3,
8.99351,10.6566,3,
10.0096,10.5805,3,
9.30227,11.4009,3,
10.1773,9.54582,3,
10.6869,11.0153,3,
11.5343,8.80438,3,
12.2928,9.70645,3,
9.02865,8.79062,3,
10.0289,10.7076,3,
10.9524,10.3384,3,
10.4493,10.5355,3,
11.6843,9.50874,3,
9.2445,11.4451,3,
11.1821,9.59835,3,
11.0593,10.3011,3,
9.56639,9.83955,3,
8.11696,8.74534,3,
10.2517,9.25765,3,
9.3758,10.5946,3,
9.99689,9.02055,3,
11.9446,9.34575,3,
11.0766,10.4541,3,
9.65638,10.0853,3,
9.02726,9.52972,3,
9.35053,10.2254,3,
8.20482,10.6607,3,
10.0665,9.50036,3,
9.85014,11.0069,3,
9.83329,11.0677,3,
9.97856,10.151,3,
10.4406,9.54315,3,
10.2148,10.4712,3,
10.3276,9.96065,3,
10.567,9.76517,3,
9.25876,8.40463,3,
11.4294,10.3197,3,
8.71173,9.63078,3,
9.61469,9.24405,3,
9.89028,7.73357,3,
10.9075,8.75953,3,
9.186,9.93885,3,
7.69045,9.90457,3,
8.10463,10.4744,3,
10.7956,9.27838,3,
8.64828,10.333,3,
9.60187,8.99045,3,
9.87843,10.6375,3,
9.84759,10.7345,3,
10.4097,10.6557,3,
9.54249,10.2325,3,
9.85945,11.2511,3,
9.85947,9.81106,3,
10.3901,10.219,3,
11.3619,9.86845,3,
9.74872,9.6208,3,
9.13272,8.64559,3,
11.6522,10.1374,3,
9.63395,11.0009,3,
8.76535,10.283,3,
9.48297,10.6869,3,
9.82968,8.95154,3,
9.56271,9.77752,3,
8.95982,12.4282,3,
11.8278,8.54775,3,
10.4359,9.92079,3,
9.27288,9.45069,3,
9.4068,9.59585,3,
10.0367,9.40434,3,
10.6304,10.3302,3,
9.60739,11.2106,3,
9.64514,9.00016,3,
10.3567,10.9759,3,
9.06771,10.3121,3,
8.89155,10.7845,3,
9.72217,10.9234,3,
9.36192,9.85999,3,
9.5084,11.605,3,
10.1276,8.61008,3,
9.4987,12.7909,3,
10.4174,10.5092,3,
9.41032,9.92981,3,
8.87607,10.256,3,
9.32279,10.0502,3,
12.2031,9.08388,3,
9.94944,9.11195,3,
8.66425,11.5917,3,
10.6664,9.99799,3,
10.9802,11.0316,3,
11.1532,10.5265,3,
11.9186,7.71653,3,
7.46068,9.02533,3,
7.82671,10.89,3,
9.33919,10.1798,3,
10.6619,8.46718,3,
9.64791,10.8335,3,
9.14484,11.4068,3,
9.81986,10.3279,3,
11.0102,10.4316,3,
12.0968,10.2857,3,
9.15276,9.67583,3,
9.30298,9.99391,3,
11.0494,9.94305,3,
10.3089,8.54354,3,
9.50401,12.2116,3,
9.96023,9.66327,3,
10.0142,9.91334,3,
9.533,10.0335,3,
10.5217,9.38339,3,
10.8188,8.14636,3,
9.94098,9.75797,3,
11.2385,9.32667,3,
9.14303,10.1121,3,
8.8096,9.31443,3,
10.7156,9.8553,3,
8.26091,9.33368,3,
11.3365,10.6082,3,
9.09882,10.1357,3,
10.8306,11.3856,3,
11.2741,9.34777,3,
10.2736,9.25814,3,
10.4674,8.57037,3,
10.515,10.084,3,
8.59997,10.1417,3,
10.8626,9.21886,3,
8.48166,11.2144,3,
12.2224,10.1254,3,
10.0026,9.47214,3,
9.90889,9.43495,3,
7.81152,8.73014,3,
10.6691,10.7446,3,
10.0626,10.7766,3,
9.4884,11.4265,3,
7.95524,8.76281,3,
8.80359,9.39586,3,
9.81408,10.9005,3,
10.3372,10.9226,3,
9.17997,11.9633,3,
9.31421,9.18987,3,
10.3102,9.70528,3,
9.70311,10.3215,3,
10.1135,11.6185,3,
8.10442,9.4325,3,
10.2157,7.90167,3,
9.83888,10.5519,3,
10.2489,9.29502,3,
10.5949,8.64032,3,
11.4228,9.87135,3,
10.9182,10.1524,3,
10.3929,10.0127,3,
10.7902,8.50918,3,
9.73825,11.1804,3,
9.45578,8.31907,3,
9.4909,9.22657,3,
12.5939,10.3908,3,
10.4533,11.6845,3,
9.80431,9.99976,3,
7.33021,9.46693,3,
11.7437,10.2862,3,
10.1394,10.3119,3,
9.92431,10.1699,3,
10.6043,9.7634,3,
10.123,8.69733,3,
11.5761,11.2776,3,
9.27418,10.528,3,
10.9863,10.8584,3,
9.93559,10.4958,3,
9.0512,8.31398,3,
10.9068,10.5564,3,
8.85685,10.021,3,
9.26439,8.93616,3,
10.4733,9.62988,3,
10.4283,10.2077,3,
9.80793,10.4738,3,
11.6596,11.5682,3,
13.0807,10.3384,3,
12.5188,11.2047,3,
12.3992,12.068,3,
13.6407,11.7502,3,
12.4884,11.266,3,
12.1279,14.9194,-1,
11.4758,10.3624,3,
12.2918,12.3369,3,
13.3588,10.7936,3,
11.5506,15.3517,3,
11.234,10.8679,3,
12.5814,12.6557,3,
11.8205,12.4836,3,
14.5035,10.7506,3,
12.4443,10.8828,3,
12.2832,12.0606,3,
13.7637,10.7878,3,
12.119,13.6363,3,
10.5631,11.4506,3,
12.3715,11.5549,3,
11.0677,11.5782,3,
11.6016,11.8189,3,
13.4727,11.6883,3,
11.117,14.1304,3,
12.7909,10.6613,3,
14.0604,10.7909,3,
13.097,11.7563,3,
12.5324,11.9085,3,
12.9466,11.8233,3,
13.1669,11.342,3,
11.7763,12.7513,3,
11.4035,11.4925,3,
10.481,9.60228,3,
12.081,12.6048,3,
12.8093,13.6656,3,
11.9007,10.2076,3,
10.611,12.3532,3,
12.2823,10.6015,3,
11.8199,12.0511,3,
11.7218,11.8228,3,
11.4306,12.7432,3,
12.6002,13.0919,3,
10.9441,10.9532,3,
12.0884,9.70956,3,
12.8702,12.1579,3,
12.3471,12.6643,3,
9.50416,12.9795,3,
9.27234,12.1423,3,
13.7505,11.8417,3,
12.4753,13.3718,3,
12.656,11.3174,3,
11.2013,12.2517,3,
11.1495,11.8482,3,
11.1624,12.0256,3,
10.9911,10.7611,3,
11.1358,13.9056,3,
12.698,13.2219,3,
12.0694,11.3871,3,
12.3351,12.5699,3,
13.4385,10.5113,3,
11.4081,10.6724,3,
11.9532,11.8073,3,
12.191,11.5257,3,
10.6594,13.7414,3,
12.6018,11.1419,3,
14.0223,11.6773,3,
12.2711,11.5517,3,
12.6682,12.5189,3,
11.8326,12.2196,3,
10.0074,12.5736,3,
12.573,11.6696,3,
11.4303,12.3502,3,
11.8154,12.293,3,
12.9373,11.7201,3,
12.8804,11.893,3,
11.5267,13.971,3,
12.6226,10.9223,3,
12.4806,12.3515,3,
11.8958,11.2919,3,
11.3615,14.0526,3,
13.1942,10.8618,3,
10.9556,11.5349,3,
11.8788,11.3692,3,
14.1689,13.2028,3,
11.6445,11.0426,3,
11.3431,12.9109,3,
13.649,11.887,3,
11.6428,12.7218,3,
11.0521,12.4294,3,
10.9537,11.4017,3,
12.4563,11.4293,3,
10.996,12.5176,3,
13.252,11.8968,3,
12.8235,11.282,3,
10.2106,12.2713,3,
11.9018,12.0219,3,
11.2642,11.0374,3,
11.7606,13.7935,3,
10.7669,11.4061,3,
11.8194,11.6897,3,
12.2592,11.7024,3,
11.1846,11.7204,3,
14.6412,11.5614,3,
12.5193,12.5783,3,
12.7727,12.7915,3,
12.5896,11.1403,3,
10.9447,10.1251,3,
11.337,13.568,3,
12.4637,12.505,3,
12.5227,11.995,3,
12.8053,11.1958,3,
12.1841,10.4585,3,
14.5501,11.3317,3,
12.3782,11.4397,3,
12.862,11.9725,3,
13.8667,11.278,3,
11.2071,12.7464,3,
10.1779,9.50011,3,
11.9443,14.3524,3,
11.6897,12.1651,3,
13.505,12.1786,3,
11.755,11.7399,3,
11.7665,10.6704,3,
10.7097,13.3263,3,
14.271,11.9444,3,
12.8442,12.2253,3,
11.2181,12.1625,3,
11.7782,10.462,3,
12.844,12.287,3,
10.2214,12.159,3,
12.2218,12.2877,3,
12.7068,12.8895,3,
12.6088,11.6344,3,
11.6725,13.4854,3,
10.0653,13.5836,3,
11.4744,13.6061,3,
13.2766,12.325,3,
12.1055,13.0969,3,
11.4217,10.9648,3,
12.7802,12.414,3,
9.90355,11.312,3,
10.8593,12.1215,3,
11.4341,12.3923,3,
12.2043,12.0549,3,
11.6096,11.531,3,
11.8526,11.4913,3,
12.7124,11.2733,3,
12.3108,12.0043,3,
9.80428,10.4008,3,
11.6461,11.2575,3,
11.8161,13.3574,3,
12.7841,10.9665,3,
11.7698,12.3213,3,
9.16053,13.2803,3,
12.3603,12.1625,3,
12.2445,13.8147,3,
10.5545,11.8351,3,
12.9102,11.259,3,
11.5381,11.8495,3,
10.7927,10.617,3,
11.6175,11.9516,3,
11.3107,14.9584,3,
12.6413,11.8475,3,
12.0607,12.508,3,
12.3757,11.6992,3,
12.999,12.289,3,
11.7682,12.3292,3,
12.1837,12.8018,3,
12.5038,13.0106,3,
10.2064,11.3815,3,
11.1831,12.4487,3,
12.4007,14.2204,3,
10.9003,12.883,3,
13.1476,13.8649,3,
12.3051,12.8674,3,
12.1641,11.6236,3,
12.9373,11.0925,3,
13.1447,11.7658,3,
12.1822,11.9287,3,
12.7535,12.6104,3,
9.93652,11.0306,3,
11.7391,13.3581,3,
12.5414,13.4843,3,
10.8016,11.2703,3,
11.6597,12.8995,3,
13.0772,14.733,3,
12.2622,10.4396,3,
11.3653,11.752,3,
12.9496,11.5285,3,
11.4029,11.1835,3,
11.9642,11.7533,3,
13.1925,10.1382,3,
12.7037,12.4915,3,
11.6496,13.516,3,
10.819,13.6421,3,
11.1803,11.8739,3,
12.8669,11.699,3,
12.2478,12.2673,3,
11.4888,13.2017,3,
12.6064,11.5759,3,
12.4573,12.0757,3,
11.0247,13.1975,3,
11.886,11.8751,3,
10.4416,12.7944,3,
11.0975,12.977,3,
11.6344,11.7594,3,
11.5041,13.2584,3,
11.3868,13.2769,3,
13.7587,13.3584,3,
12.0168,11.4326,3,
12.3608,10.6147,3,
11.586,12.3119,3,
11.1501,11.2924,3,
11.814,9.44488,3,
11.4944,10.9295,3,
12.3133,10.1435,3,
10.8363,12.9366,3,
12.4645,11.67,3,
11.996,13.1498,3,
13.3257,12.2748,3,
10.1693,10.4086,3,
11.2907,11.0813,3,
10.8415,10.5512,3,
11.276,12.6796,3,
11.3681,12.2671,3,
10.7924,14.7582,3,
11.5573,12.6665,3,
11.9609,13.8821,3,
12.3822,11.1949,3,
11.291,11.6613,3,
11.9638,12.5365,3,
12.9501,11.1668,3,
10.8559,12.1948,3,
12.9134,11.873,3,
10.8845,10.9464,3,
11.4041,9.72202,3,
12.0205,12.6259,3,
11.8019,11.266,3,
14.8478,12.46,3,
9.92598,13.4339,3,
12.6093,11.7939,3,
10.6118,12.9333,3,
10.5819,11.1874,3,
13.183,11.9866,3,
11.8168,13.9128,3,
13.1419,11.8697,3,
10.9968,12.6767,3,
11.3078,11.1999,3,
12.2002,12.2241,3,
11.9329,11.7337,3,
12.6573,13.1519,3,
10.7316,12.2592,3,
11.312,11.7501,3,
10.6503,12.5503,3,
12.4751,9.8952,3,
13.0342,12.6594,3,
11.8774,12.0691,3,
11.8661,13.3808,3,
14.7556,11.6651,3,
11.2938,10.5916,3,
11.5136,11.3734,3,
11.9635,12.0725,3,
13.9854,13.7251,3,
12.4402,12.7338,3,
11.5942,11.3551,3,
11.96,14.212,3,
12.8894,11.0229,3,
12.5597,10.9809,3,
11.9758,9.91376,3,
12.4454,12.2709,3,
11.7506,12.5542,3,
10.0189,12.3352,3,
11.1641,11.1822,3,
11.1332,10.4371,3,
12.9946,11.9385,3,
12.6914,11.9472,3,
11.8046,10.8623,3,
12.3555,11.5993,3,
12.8985,12.7398,3,
11.807,10.7506,3,
14.3039,12.8445,3,
11.4715,12.6155,3,
13.141,12.7278,3,
13.9735,12.2911,3,
12.054,14.2093,3,
12.0878,10.8121,3,
12.0817,11.4969,3,
11.9115,10.4384,3,
10.4899,13.2008,3,
10.9358,12.9143,3,
11.9704,10.9797,3,
11.494,13.0398,3,
11.446,10.6939,3,
11.9145,11.9825,3,
12.1834,13.0813,3,
12.6236,11.1558,3,
11.9543,12.4924,3,
12.3668,10.0882,3,
11.4102,10.7291,3,
10.5207,13.3833,3,
12.0223,13.5973,3,
11.8469,13.8474,3,
10.9066,11.1986,3,
11.295,13.1503,3,
10.4231,11.3188,3,
12.4049,13.7638,3,
13.4653,11.526,3,
12.2976,12.3189,3,
12.7973,12.6418,3,
11.4024,11.6645,3,
11.9462,10.6873,3,
11.8219,12.5314,3,
12.1698,10.6629,3,
9.82672,11.2918,3,
11.2247,11.5293,3,
12.679,13.9889,3,
12.2364,11.9808,3,
12.7437,12.9208,3,
11.8402,13.9122,3,
10.6724,13.0473,3,
12.4895,11.6735,3,
12.432,11.7843,3,
13.143,11.0179,3,
11.234,10.4582,3,
11.6545,11.9563,3,
13.0495,10.8674,3,
13.2021,10.8565,3,
13.4031,13.0122,3,
9.83343,12.1601,3,
11.6699,13.2369,3,
11.3478,13.3647,3,
12.2066,10.9619,3,
10.8192,12.0585,3,
12.3048,11.1239,3,
11.8735,11.5566,3,
14.3713,11.8743,3,
11.5336,11.1369,3,
11.6594,12.4867,3,
11.4133,11.3923,3,
13.4801,12.8693,3,
12.9115,14.362,3,
12.0003,12.2744,3,
11.9443,11.2702,3,
11.6677,11.4106,3,
13.4529,10.777,3,
10.7402,13.021,3,
11.5224,12.3144,3,
10.8382,13.4774,3,
13.5243,12.6501,3,
12.4656,11.2411,3,
11.8104,11.6166,3,
10.5006,11.8028,3,
11.2246,12.3178,3,
12.3741,13.3065,3,
11.8583,11.2261,3,
12.9801,12.2058,3,
11.7037,12.0247,3,
11.7618,12.7357,3,
11.9512,12.308,3,
12.2356,10.7784,3,
12.8152,11.0736,3,
12.875,11.0634,3,
10.6257,12.2938,3,
11.5662,12.938,3,
11.8062,11.7237,3,
9.90434,12.9483,3,
10.9959,12.5131,3,
12.9635,13.6399,3,
11.3789,10.8579,3,
12.0388,12.6919,3,
10.7053,12.2927,3,
10.3403,12.3212,3,
11.6012,13.7995,3,
10.4355,11.9241,3,
11.1578,12.3004,3,
10.0107,12.1464,3,
12.7486,11.6404,3,
11.7785,13.5312,3,
11.4322,13.0955,3,
11.8585,11.8923,3,
11.3606,11.4983,3,
11.438,11.6658,3,
8.74051,11.5301,3,
13.0024,14.0341,3,
10.8709,12.6204,3,
11.976,10.8951,3,
12.4617,11.6368,3,
10.8991,10.9821,3,
12.728,13.0082,3,
11.4877,11.4468,3,
12.6373,13.2252,3,
11.2125,13.0645,3,
11.4164,12.2853,3,
11.9992,11.2561,3,
13.0585,11.5343,3,
12.0263,12.4974,3,
11.6111,11.8835,3,
11.2954,13.4702,3,
11.0689,12.2635,3,
13.0502,12.0273,3,
12.1271,12.5762,3,
11.7336,11.7634,3,
11.4716,13.4337,3,
11.0752,14.5945,3,
11.7642,11.6268,3,
10.073,13.6561,3,
10.9784,11.2024,3,
13.926,12.6153,3,
12.2895,11.1447,3,
11.7246,12.1219,3,
12.5443,12.8762,3,
12.2392,13.3036,3,
10.9936,13.1766,3,
11.2025,13.2229,3,
12.4647,10.8851,3,
12.0468,11.7443,3,
11.8554,12.0311,3,
12.6242,11.5349,3,
11.4077,11.6497,3,
12.9112,11.72,3,
13.1134,12.4379,3,
11.5441,12.2167,3,
13.3109,11.5429,3,
13.7019,11.0704,3,
11.8677,11.1794,3,
13.397,10.0978,3,
11.4758,12.5351,3,
11.869,12.5437,3,
13.2367,11.513,3,
12.5448,11.2849,3,
10.3193,11.3117,3,
11.7,13.0625,3,
12.6362,11.7654,3,
12.4397,10.7984,3,
11.0303,12.4827,3,
11.6714,13.5409,3,
11.4126,11.9417,3,
12.734,12.1293,3,
12.0026,12.5745,3,
10.4171,11.8934,3,
13.4512,11.706,3,
12.6458,12.4265,3,
11.9847,11.9954,3,
12.9091,12.658,3,
9.45872,12.571,3,
10.3913,11.3399,3,
11.9155,12.2247,3,
12.3623,11.0541,3,
11.9193,11.7945,3,
12.6572,13.0191,3,
12.5604,11.5246,3,
13.5148,13.6422,3,
11.6124,13.038,3,
10.1151,10.9038,3,
12.5931,13.0816,3,
11.3046,12.8118,3,
11.9014,11.8909,3,
13.314,12.8325,3,
11.9713,12.3595,3,
10.9716,10.1901,3,
10.8461,10.8122,3,
12.6335,13.8063,3,
10.7486,12.8617,3,
11.2658,11.7909,3,
12.4478,11.7966,3,
12.3155,11.9932,3,
11.6471,11.4496,3,
11.529,11.7666,3,
9.93768,14.0341,3,
12.9069,11.1399,3,
12.3328,12.0713,3,
10.7661,11.2794,3,
11.2418,12.8346,3,
11.8993,11.4296,3,
11.818,11.7477,3,
12.3781,11.935,3,
13.0431,12.3405,3,
11.5978,11.7243,3,
11.3753,12.547,3,
13.0347,10.7167,3,
10.8447,11.7543,3,
12.0852,11.9897,3,
12.2112,11.6243,3,
11.7817,10.8944,3,
12.1249,11.3621,3,
11.8698,10.2429,3,
11.7675,12.8949,3,
12.4734,11.6256,3,
11.6922,11.847,3,
11.8152,11.664,3,
13.0146,11.2921,3,
11.0294,10.7762,3,
12.3204,14.0938,3,
12.3797,11.1922,3,
12.6107,11.7823,3,
11.4882,10.1774,3,
11.2313,12.9879,3,
13.1993,12.3715,3,
10.2705,12.921,3,
12.9933,10.9344,3,
10.717,13.3125,3,
12.4963,13.1721,3,
12.1571,10.308,3,
12.2028,13.2522,3,
14.0596,12.2243,3,
13.3812,10.911,3,
9.28575,11.0066,3,
10.2381,13.0506,3,
12.3792,13.2885,3,
12.0633,10.4156,3,
13.3963,10.6016,3,
12.2779,10.4227,3,
11.0738,13.2126,3,
11.5236,12.6288,3,
12.5082,11.1625,3,
13.1449,12.3817,3,
10.7661,11.4884,3,
11.4035,11.9365,3,
12.3019,12.5768,3,
13.0324,11.9962,3,
11.2953,11.5684,3,
11.2789,10.1947,3,
10.2775,12.4177,3,
12.9311,11.8281,3,
14.5001,11.9535,3,
12.2091,12.3219,3,
11.7799,10.6714,3,
11.0869,12.1931,3,
10.7268,12.3022,3,
12.1382,14.1304,3,
12.4683,11.9729,3,
13.5696,10.9116,3,
13.1115,12.6765,3,
12.9841,12.8643,3,
10.6617,12.9277,3,
11.5319,13.3811,3,
11.4243,12.4103,3,
12.2043,11.4025,3,
11.3683,10.9928,3,
11.3238,12.5901,3,
12.9066,12.0345,3,
10.5597,13.9997,3,
12.9715,13.3961,3,
12.1468,11.35,3,
11.3394,9.79719,3,
10.9037,12.8933,3,
12.7668,12.7469,3,
10.1721,13.1195,3,
12.5067,11.4728,3,
12.9063,12.5098,3,
13.13,14.0395,3,
13.0615,13.2276,3,
11.1143,13.0686,3,
12.4361,13.7541,3,
11.8559,11.9161,3,
12.3163,11.4209,3,
11.1921,11.9964,3,
12.0373,11.5465,3,
13.2564,13.6153,3,
11.7528,10.8282,3,
12.2008,11.3458,3,
12.5611,12.693,3,
11.8684,12.4499,3,
11.3274,11.2873,3,
12.2114,13.5701,3,
11.8175,11.4247,3,
9.89794,10.119,3,
12.547,12.4199,3,
14.5722,12.8721,3,
9.84482,12.9117,3,
11.6697,11.708,3,
13.7182,12.3796,3,
11.5035,12.0926,3,
12.8304,12.6754,3,
13.2329,12.7338,3,
12.0286,11.7433,3,
11.4788,11.7356,3,
11.7732,12.4517,3,
10.632,11.8201,3,
11.9041,9.94687,3,
12.6644,12.435,3,
11.4224,12.9202,3,
12.1067,13.5258,3,
13.3692,11.7836,3,
13.2112,11.3102,3,
12.8947,11.9083,3,
12.6382,12.0427,3,
12.1803,12.9105,3,
12.1857,12.3089,3,
12.2341,11.5235,3,
11.6621,12.4852,3,
12.0993,12.1072,3,
11.8212,11.4629,3,
11.3981,13.452,3,
12.3127,13.1183,3,
12.3877,11.7457,3,
11.8602,10.8015,3,
11.3056,13.1288,3,
11.2294,12.6579,3,
10.5889,12.0432,3,
13.7178,11.407,3,
10.4945,13.0605,3,
12.2431,11.485,3,
13.6668,12.1465,3,
12.217,11.397,3,
12.416,11.482,3,
12.6784,13.9863,3,
13.3718,10.3198,3,
13.3357,12.6358,3,
12.8033,11.5586,3,
12.2725,12.1249,3,
12.8582,13.0433,3,
12.8652,12.0157,3,
12.2213,11.6154,3,
11.8735,10.3839,3,
11.7438,11.7051,3,
12.246,10.255,3,
13.3886,12.6555,3,
11.9686,11.7994,3,
12.2625,11.6488,3,
10.4542,13.3098,3,
14.0382,10.1609,3,
12.0262,12.401,3,
11.8074,12.9205,3,
12.3343,11.6407,3,
11.9354,10.8803,3,
10.4182,13.6607,3,
12.5223,12.1812,3,
11.8493,11.3349,3,
12.1917,11.8001,3,
11.7358,10.8494,3,
12.0994,12.6568,3,
11.5369,13.4001,3,
11.7914,13.1614,3,
12.4113,11.8619,3,
10.9897,11.8213,3,
12.2615,11.9101,3,
10.809,11.4765,3,
11.8121,11.9742,3,
12.5434,11.7296,3,
11.8769,13.0231,3,
13.469,11.428,3,
12.524,12.4043,3,
13.0262,12.5411,3,
11.3152,11.8932,3,
14.1596,11.5974,3,
11.5672,11.51,3,
10.3372,10.9995,3,
12.935,14.3073,3,
11.6565,12.4158,3,
12.0123,12.3228,3,
10.5885,15.092,3,
12.5608,11.1968,3,
11.5583,12.1521,3,
11.3136,10.7048,3,
10.2316,12.4396,3,
11.3765,12.748,3,
13.4983,11.589,3,
11.4489,11.2018,3,
13.2319,12.9987,3,
13.2094,12.3272,3,
12.4201,12.5578,3,
9.64025,13.2737,3,
10.0018,11.8057,3,
12.2577,12.554,3,
12.5054,11.6188,3,
13.1362,11.5568,3,
11.981,12.9193,3,
9.36361,10.3279,3,
12.3957,13.1564,3,
11.8826,13.1369,3,
11.6539,11.1927,3,
12.5245,11.027,3,
12.8709,12.7805,3,
14.1551,13.5999,3,
12.02,11.2974,3,
10.6793,11.772,3,
12.526,12.2316,3,
10.5885,13.9166,3,
13.0683,13.2829,3,
12.9984,11.7564,3,
12.1387,10.9085,3,
12.1145,12.227,3,
12.3082,11.7838,3,
10.4094,12.2022,3,
13.2754,10.1367,3,
11.056,9.83065,3,
12.5266,11.3649,3,
10.988,11.221,3,
13.2858,12.5847,3,
11.1347,10.698,3,
13.1287,13.4836,3,
12.4494,12.7842,3,
12.7739,13.412,3,
12.3129,11.3918,3,
11.8466,13.3363,3,
13.0988,13.2009,3,
12.3183,10.9726,3,
12.1137,11.389,3,
12.091,12.4581,3,
11.9589,11.2863,3,
11.7004,11.8146,3,
12.0712,11.3987,3,
10.2359,14.4808,3,
11.4827,12.4576,3,
14.2268,10.4302,3,
11.1138,11.1012,3,
12.3647,10.3399,3,
12.5659,11.651,3,
12.0163,13.0687,3,
11.5513,12.6589,3,
12.842,11.6598,3,
11.6099,10.6185,3,
12.6378,12.9709,3,
12.053,13.066,3,
12.0274,12.1223,3,
14.1181,12.096,3,
11.3141,10.8523,3,
11.9444,11.9982,3,
13.1557,12.9015,3,
13.2779,11.044,3,
12.0757,10.6433,3,
11.2182,11.2058,3,
12.0083,10.6571,3,
11.7927,12.6039,3,
12.0713,11.6406,3,
9.59767,13.596,3,
12.3999,12.5722,3,
12.0124,13.056,3,
12.5606,12.865,3,
11.2156,13.0545,3,
12.2926,12.7607,3,
12.5044,11.3701,3,
12.4888,12.3321,3,
12.5328,12.5819,3,
12.4589,13.0291,3,
10.7219,11.6681,3,
13.0337,11.4591,3,
11.0208,12.4112,3,
12.3922,12.031,3,
11.9624,12.8211,3,
13.3289,12.3188,3,
13.1314,13.775,3,
13.0565,13.4312,3,
13.7689,12.9044,3,
9.79506,12.8927,3,
12.3138,13.1273,3,
12.3602,12.0459,3,
13.1426,11.0719,3,
11.3704,12.0652,3,
13.3767,11.3587,3,
12.0259,11.3926,3,
12.8161,13.0308,3,
12.9679,10.6001,3,
12.9898,11.3123,3,
12.6006,11.337,3,
11.2163,11.2923,3,
11.9706,13.9627,3,
11.3426,11.3512,3,
11.8943,10.1214,3,
13.4564,11.0928,3,
12.2082,10.9406,3,
12.0971,11.4428,3,
11.5305,10.9074,3,
11.4907,12.9526,3,
11.7882,13.7409,3,
10.1777,11.4366,3,
11.4775,11.8431,3,
13.0487,12.526,3,
10.5825,12.1123,3,
11.4158,13.0929,3,
10.5684,11.1646,3,
10.9351,13.1118,3,
10.8898,11.9458,3,
11.677,11.7093,3,
11.4031,12.3131,3,
12.7387,12.0547,3,
12.4005,11.4292,3,
12.1857,13.0461,3,
11.5551,13.2088,3,
12.1153,11.517,3,
12.2751,12.4901,3,
12.5422,12.1279,3,
11.2681,10.3978,3,
12.8059,12.7012,3,
10.6621,11.9305,3,
12.6399,10.2119,3,
13.0634,11.4385,3,
12.6973,11.9215,3,
12.5249,13.0714,3,
10.7278,13.0397,3,
12.6555,11.9198,3,
11.9597,12.2582,3,
11.6306,12.6015,3,
13.7948,12.2662,3,
10.707,12.5767,3,
13.5145,11.224,3,
11.32,12.04,3,
11.1795,12.1031,3,
12.4248,13.5569,3,
12.123,10.8027,3,
11.2787,12.4745,3,
11.5491,12.1199,3,
13.5953,12.0911,3,
12.2464,10.1973,3,
12.994,12.0067,3,
11.8251,12.8446,3,
12.5804,11.3024,3,
13.2897,12.1137,3,
13.5062,10.1331,3,
11.6621,13.7254,3,
12.1406,12.2664,3,
11.6061,13.2888,3,
11.5868,10.9972,3,
11.1538,11.3796,3,
11.0493,10.1304,3,
10.4671,13.0898,3,
12.1651,11.3888,3,
11.2628,14.0105,3,
13.0328,10.9779,3,
12.2906,11.5636,3,
11.3256,11.0141,3,
13.0569,11.0021,3,
12.8891,12.7725,3,
12.5304,11.7397,3,
12.4233,13.0219,3,
10.8907,12.2497,3,
12.2197,10.7828,3,
13.2269,14.6547,3,
11.2485,13.6433,3,
14.155,12.823,3,
12.7414,13.6667,3,
13.9346,10.1623,3,
11.3229,13.4374,3,
11.0262,11.3386,3,
11.7327,11.0687,3,
12.4699,13.7672,3,
10.3202,9.84081,3,
11.7296,12.369,3,
11.8378,12.0635,3,
13.9593,12.4766,3,
12.559,12.5045,3,
13.0231,10.9745,3,
12.305,11.774,3,
13.485,13.286,3,
11.889,12.2707,3,
11.6478,9.38348,3,
12.3473,11.3814,3,
12.9026,13.0513,3,
13.549,10.2271,3,
13.551,11.5603,3,
13.7398,12.3323,3,
11.6991,11.3787,3,
11.491,13.5808,3,
11.6634,12.3586,3,
13.1429,11.0733,3,
11.565,13.3988,3,
12.8789,11.3717,3,
10.9514,13.6357,3,
11.8481,12.1254,3,
14.0051,12.3723,3,
10.9409,11.7735,3,
12.545,11.6021,3,
11.8156,11.4749,3,
11.0682,13.4889,3,
11.4677,13.5279,3,
12.6528,9.86363,3,
13.9074,13.1358,3,
12.5299,13.1487,3,
12.728,13.2681,3,
12.5651,11.1024,3,
13.7977,11.6847,3,
12.9601,12.2812,3,
11.9726,12.6737,3,
12.1865,10.1413,3,
10.1207,11.2318,3,
12.7482,11.6291,3,
9.38349,11.7763,3,
12.2495,10.0845,3,
13.3044,11.9756,3,
12.7781,12.7084,3,
11.955,12.7268,3,
12.0803,11.6095,3,
11.5107,12.1517,3,
12.4789,12.4194,3,
10.8397,12.2571,3,
11.7994,10.7691,3,
11.7893,11.6048,3,
12.3899,11.9647,3,
11.4307,12.9052,3,
11.8144,12.6843,3,
13.327,13.2083,3,
10.5631,12.9438,3,
12.6745,10.9729,3,
12.1234,9.59538,3,
12.7724,12.7631,3,
12.9096,11.2728,3,
13.0829,11.5902,3,
12.7437,11.4495,3,
12.7768,12.9306,3,
12.2074,11.7231,3,
12.6434,12.577,3,
12.7717,10.542,3,
10.7046,11.4014,3,
13.551,12.0356,3,
11.0701,12.6816,3,
11.6423,13.3189,3,
10.2948,11.3532,3,
13.2401,10.8676,3,
12.6328,11.674,3,
11.2399,12.2172,3,
12.5509,11.3315,3,
13.373,11.4571,3,
11.9104,11.1256,3,
10.4735,12.7851,3,
11.6362,11.0489,3,
13.6502,11.4188,3,
12.3886,11.2957,3,
13.097,11.6207,3,
12.4942,12.9066,3,
10.1963,10.4086,3,
12.4454,11.8311,3,
12.7112,11.8111,3,
13.8009,10.966,3,
11.558,12.8318,3,
10.7287,11.6024,3,
12.9832,12.6891,3,
12.7363,12.1478,3,
13.2474,14.1513,3,
11.5555,11.8284,3,
12.6486,12.6519,3,
13.3376,12.5311,3,
13.8673,10.5751,3,
12.9231,13.2628,3,
10.7437,13.3848,3,
10.4569,11.2415,3,
12.1221,11.2568,3,
11.7603,10.4788,3,
12.9559,12.5015,3,
12.8722,11.3104,3,
12.6564,10.6932,3,
11.9642,12.3915,3,
10.8936,11.0927,3,
10,10.7605,3,
11.6696,12.5445,3,
12.7801,11.6293,3,
11.6592,11.7132,3,
12.8437,11.8337,3,
11.2988,11.7108,3,
11.867,11.7772,3,
10.5811,10.3788,3,
12.516,11.8839,3,
12.0682,13.2167,3,
11.3699,12.4329,3,
11.8855,11.5448,3,
12.5262,10.8658,3,
12.6399,11.293,3,
10.7406,11.5104,3,
13.32,13.1324,3,
12.1191,11.9306,3,
12.4376,12.148,3,
11.2892,12.6513,3,
12.6629,10.882,3,
10.2816,12.249,3,
12.2268,11.9971,3,
11.3601,10.2561,3,
13.2949,11.762,3,
14.0751,11.6897,3,
13.5223,13.1973,3,
12.75,11.875,3,
11.4856,9.71383,3,
13.0638,12.88,3,
13.0752,12.4266,3,
12.4766,12.5741,3,
11.6376,11.4953,3,
12.5579,13.6348,3,
11.1792,11.4239,3,
10.1527,12.082,3,
12.1165,12.9855,3,
12.3646,11.9646,3,
12.9978,9.82125,3,
11.9451,12.7276,3,
10.7219,11.1747,3,
11.578,10.5876,3,
12.6784,12.1977,3,
12.7883,12.2831,3,
10.0742,12.3979,3,
11.4853,10.5962,3,
12.7689,11.5154,3,
11.9576,11.2074,3,
12.8275,11.0767,3,
12.3172,12.4147,3,
12.5712,13.1746,3,
11.7109,11.9604,3,
12.5741,11.2117,3,
12.2005,12.5872,3,
11.1446,12.7674,3,
13.4387,12.8337,3,
11.7878,12.07,3,
9.05057,11.7665,3,
6.24616,11.9889,3,
7.13836,12.5584,3,
8.27476,11.5682,3,
8.51873,12.6747,3,
6.3846,13.0885,3,
8.30925,14.1052,3,
6.69518,13.0014,3,
8.57838,11.7101,3,
8.05324,12.3852,3,
8.92758,11.4958,3,
8.24485,12.8117,3,
6.18452,10.9375,3,
8.40264,12.6806,3,
8.59377,13.4349,3,
5.77118,12.8972,3,
6.95885,10.0879,3,
7.0395,12.3483,3,
9.21056,10.8371,3,
7.80057,12.6162,3,
7.74551,11.3907,3,
7.5802,12.8112,3,
8.77551,12.8551,3,
10.0111,11.5704,3,
8.36454,12.3992,3,
9.66617,11.7171,3,
8.24321,13.2411,3,
8.33651,11.9799,3,
7.93267,12.8074,3,
8.54745,10.3087,3,
7.1863,12.6899,3,
7.49187,13.7724,3,
7.48757,11.6188,3,
7.90545,12.8234,3,
7.82291,10.1701,3,
8.26997,12.6864,3,
7.02233,12.3615,3,
10.3091,12.0299,3,
9.42575,12.2218,3,
8.1626,12.0932,3,
6.50343,10.1388,3,
10.123,10.0262,3,
8.44649,13.2447,3,
6.46298,11.5997,3,
8.98124,12.516,3,
7.6166,12.2985,3,
7.98855,12.1415,3,
6.90774,12.0821,3,
5.44075,11.6504,3,
9.6485,12.3747,3,
8.74596,11.1581,3,
8.11187,12.9495,3,
7.37418,11.6086,3,
8.2403,11.3159,3,
9.76381,13.3047,3,
8.8874,12.1676,3,
10.1419,12.8158,3,
8.45455,11.1553,3,
8.34106,12.9752,3,
9.0592,10.9778,3,
8.86268,10.0351,3,
9.18479,13.6031,3,
7.84923,11.9778,3,
9.50235,11.44,3,
9.40503,12.2884,3,
8.10056,11.3196,3,
7.1847,11.2615,3,
7.47138,11.3113,3,
7.21977,11.0741,3,
7.58545,11.2557,3,
8.31359,12.8681,3,
7.3021,9.40511,3,
8.37383,13.1592,3,
8.06412,12.1124,3,
8.52022,10.9063,3,
5.75282,10.1611,3,
6.05178,12.2033,3,
7.35141,12.0606,3,
9.49404,13.0384,3,
7.17981,11.7151,3,
9.08255,10.019,3,
8.7808,12.0023,3,
8.91839,12.5316,3,
8.47059,11.8775,3,
8.54397,12.2742,3,
6.90486,11.5312,3,
8.83181,11.2291,3,
8.8533,12.4115,3,
7.83369,12.196,3,
7.16379,12.1427,3,
8.74924,12.5869,3,
8.037,11.3991,3,
7.90359,11.8699,3,
5.86545,12.5388,3,
7.59654,11.8061,3,
9.69345,13.1332,3,
7.53564,12.8991,3,
8.15226,11.2715,3,
9.42061,11.5514,3,
7.78325,10.8649,3,
8.0576,12.7311,3,
6.35657,11.1182,3,
6.92772,11.6068,3,
7.64875,12.6301,3,
8.5306,12.2086,3,
7.40774,12.4225,3,
7.05701,10.0524,3,
10.2959,12.8231,3,
6.83623,12.8433,3,
8.51907,11.3739,3,
6.14617,12.6708,3,
8.85061,12.959,3,
8.02594,12.5339,3,
8.18391,12.1077,3,
7.83375,12.299,3,
7.63928,12.9122,3,
7.89497,12.1282,3,
6.45528,11.9887,3,
8.67521,11.3199,3,
6.13786,13.304,3,
7.31678,11.1226,3,
6.53612,10.6803,3,
9.02144,11.4106,3,
9.37638,11.7826,3,
6.9193,12.0105,3,
7.9115,10.6448,3,
9.164,11.472,3,
10.0866,12.4774,3,
7.71686,12.3253,3,
8.12033,12.9134,3,
7.06659,12.0158,3,
7.96406,11.5385,3,
7.23099,12.9866,3,
6.99161,11.3855,3,
7.30917,11.8517,3,
8.1741,12.4528,3,
5.86731,13.306,3,
5.27781,12.4806,3,
7.3091,11.9497,3,
9.15223,12.1171,3,
10.34,11.0647,3,
7.70181,12.1174,3,
8.33216,11.4182,3,
8.3155,13.9432,3,
9.21098,10.8949,3,
8.27127,12.6584,3,
8.06042,12.2333,3,
9.19126,10.6929,3,
7.90029,11.3428,3,
5.85076,12.0372,3,
7.61687,13.9233,3,
6.52743,11.9138,3,
7.06122,12.6282,3,
7.26374,11.6194,3,
10.7493,10.766,3,
8.45449,12.596,3,
7.13045,12.3448,3,
7.29474,12.1908,3,
7.86725,12.6107,3,
8.69663,10.7467,3,
7.01357,13.054,3,
7.74885,11.7483,3,
6.5515,11.3456,3,
7.64242,13.615,3,
7.27268,11.9337,3,
6.80352,12.8137,3,
9.20454,13.7396,3,
9.17193,14.2262,3,
8.21492,12.0566,3,
9.99006,14.216,3,
8.41092,11.248,3,
8.92623,10.1178,3,
6.32153,10.2245,3,
7.79413,12.2571,3,
8.39637,12.2206,3,
10.1122,11.427,3,
9.04735,11.1857,3,
6.06193,11.5628,3,
6.53043,11.5705,3,
6.56749,12.8215,3,
9.21105,12.5588,3,
7.50422,11.5652,3,
8.84829,12.4103,3,
8.45213,11.6286,3,
6.78961,13.2386,3,
8.97044,11.9569,3,
7.83314,11.083,3,
7.31585,14.0433,3,
8.24759,12.3659,3,
9.0593,11.819,3,
8.97706,9.92899,3,
6.40115,11.448,3,
8.49187,12.9954,3,
7.0697,10.7259,3,
8.3688,11.8564,3,
10.4255,10.9877,3,
6.70797,13.0006,3,
7.07798,10.1433,3,
8.05884,11.432,3,
9.49534,13.4115,3,
7.51438,11.5007,3,
7.04344,10.9809,3,
7.66237,11.158,3,
6.56031,11.8551,3,
7.78836,10.7363,3,
8.49385,11.4095,3,
8.07449,12.6378,3,
7.82193,12.8869,3,
8.84092,13.1271,3,
10.0139,11.4252,3,
6.65906,11.0089,3,
6.88843,12.1269,3,
8.83704,12.355,3,
10.0083,12.8867,3,
6.35158,10.459,3,
8.63377,10.9472,3,
7.41155,11.7096,3,
9.57108,13.0383,3,
10.9806,13.6587,3,
6.28353,12.9963,3,
9.31288,12.1436,3,
7.40967,11.7045,3,
7.65604,11.1231,3,
8.95971,12.7076,3,
7.1517,11.4228,3,
6.35503,12.0905,3,
9.56512,12.857,3,
8.17427,10.3805,3,
8.62205,11.4811,3,
7.41694,12.5047,3,
8.47603,9.76893,3,
8.39406,11.3878,3,
7.47693,11.2039,3,
6.79622,10.3722,3,
7.99472,11.6497,3,
6.83016,13.1645,3,
6.81303,13.2114,3,
7.67432,13.0166,3,
8.4861,13.4608,3,
10.3501,10.7817,3,
8.02549,11.9691,3,
8.32463,12.9895,3,
7.68273,13.1074,3,
8.25296,11.309,3,
7.47129,10.8782,3,
6.40186,12.5804,3,
8.1486,13.5283,3,
7.23972,12.8421,3,
8.37741,13.3585,3,
7.54134,11.193,3,
8.49444,12.4817,3,
7.94046,12.8772,3,
8.71382,11.2128,3,
7.14572,10.0374,3,
9.42221,13.1674,3,
7.17975,12.4031,3,
8.86281,11.5006,3,
9.01915,13.4079,3,
7.64396,13.1115,3,
8.16083,9.45918,3,
8.54353,11.1093,3,
8.0705,10.9155,3,
9.51443,11.783,3,
7.50114,12.6667,3,
7.65294,10.9291,3,
7.35266,11.5709,3,
7.50578,13.4281,3,
7.28685,11.2211,3,
9.13473,11.6824,3,
8.29704,11.9805,3,
8.56848,14.2458,3,
8.20584,13.6675,3,
7.60268,12.4499,3,
8.46553,12.5654,3,
9.52219,12.1519,3,
6.81389,11.5359,3,
7.4188,13.4945,3,
9.70282,8.81949,3,
7.42603,10.7094,3,
9.03159,12.231,3,
7.60244,12.9478,3,
8.63121,11.6891,3,
10.4117,10.9394,3,
7.31057,13.3982,3,
8.29907,12.2204,3,
8.79172,11.9844,3,
9.71712,12.4671,3,
7.91492,12.0676,3,
6.88867,10.7082,3,
8.04278,11.9666,3,
8.40361,12.2248,3,
8.69838,10.7465,3,
6.36908,13.341,3,
7.57062,12.0656,3,
11.1148,11.7406,3,
7.77989,11.7578,3,
9.318,12.4329,3,
7.97734,12.541,3,
6.52226,12.3219,3,
9.88506,10.6061,3,
7.81064,11.6942,3,
8.63382,12.9213,3,
7.55352,11.5937,3,
9.32299,12.1175,3,
8.27882,11.0574,3,
8.35214,12.5643,3,
7.02763,12.2117,3,
8.81987,13.7819,3,
7.44449,12.4325,3,
8.67188,10.4598,3,
9.10841,11.9347,3,
8.69881,12.9084,3,
9.27692,14.036,3,
8.31475,12.7501,3,
7.55315,13.1306,3,
8.28499,11.252,3,
9.2104,11.91,3,
7.43755,12.0078,3,
9.15246,11.4556,3,
9.77919,11.1965,3,
7.02753,12.7295,3,
7.01111,10.8144,3,
8.5112,13.4486,3,
8.12206,13.1101,3,
7.31994,10.8893,3,
9.16631,12.5818,3,
7.74458,11.1444,3,
8.93101,11.0726,3,
7.91868,11.4688,3,
6.95681,12.261,3,
9.30273,10.8982,3,
7.38148,11.9923,3,
8.43918,11.0874,3,
9.48047,12.9246,3,
10.1105,11.9466,3,
7.13036,10.7895,3,
9.28335,11.0081,3,
7.13497,11.8986,3,
9.53387,11.2417,3,
8.87461,10.7474,3,
7.57003,12.3632,3,
7.51815,12.0471,3,
7.59619,12.4397,3,
10.0834,12.9363,3,
8.67282,12.271,3,
5.78063,10.9676,3,
7.80732,12.493,3,
8.42023,10.9328,3,
8.28886,11.5675,3,
7.01861,12.7956,3,
7.47194,11.2326,3,
7.83424,12.2219,3,
8.25936,12.5453,3,
7.29776,9.67357,3,
7.03482,11.7101,3,
7.12981,11.0362,3,
6.65239,14.9732,-1,
9.0899,12.0291,3,
7.04877,11.5101,3,
8.10332,11.9058,3,
5.34537,12.5784,3,
7.9675,12.5103,3,
5.71102,11.6554,3,
8.42127,12.3769,3,
7.05452,12.6688,3,
6.87101,12.4664,3,
6.82413,11.7032,3,
7.05575,13.1717,3,
8.37814,12.4123,3,
6.86072,13.7438,3,
7.29244,11.6728,3,
8.65469,10.9922,3,
9.04682,10.0479,3,
8.00343,11.8527,3,
7.01751,12.5046,3,
8.71649,11.1021,3,
7.13239,12.5544,3,
6.6214,12.4692,3,
8.51053,10.566,3,
7.20266,12.5729,3,
7.95694,10.3967,3,
6.98711,12.8979,3,
8.72098,12.0644,3,
7.58202,13.8363,3,
9.2352,10.7283,3,
8.72423,12.0214,3,
8.00672,12.7124,3,
6.7342,12.5961,3,
8.2604,11.8237,3,
6.77102,10.4414,3,
8.63502,10.7892,3,
7.90952,11.9736,3,
7.89133,11.9975,3,
6.17468,13.5149,3,
9.71749,10.1419,3,
8.34175,11.0002,3,
7.79407,12.6436,3,
8.75017,9.53778,3,
8.12255,12.1132,3,
7.88922,12.5357,3,
9.29451,10.3872,3,
8.46127,12.0144,3,
7.89101,13.1824,3,
8.02069,12.3687,3,
8.35619,12.5298,3,
8.79309,13.3404,3,
5.8116,11.8426,3,
7.68247,11.0518,3,
6.88863,11.3158,3,
8.45108,11.6105,3,
7.86508,11.8193,3,
7.84793,12.9719,3,
7.19481,11.375,3,
8.43666,12.6244,3,
9.00101,11.6378,3,
7.4352,11.2246,3,
8.49528,12.9342,3,
8.28432,13.4852,3,
8.56045,10.3511,3,
8.1552,12.5437,3,
7.72128,12.9927,3,
5.65711,11.6907,3,
7.13926,10.8702,3,
7.90985,12.0968,3,
7.11802,13.6641,3,
7.17985,12.5396,3,
9.95436,11.4049,3,
8.92853,12.707,3,
7.76056,11.8896,3,
8.80278,11.2682,3,
7.6124,12.906,3,
7.66312,13.0798,3,
7.43734,12.6425,3,
7.20684,13.0132,3,
7.41375,13.8025,3,
7.92555,11.706,3,
8.46233,12.2857,3,
7.64499,13.0811,3,
8.33819,10.5853,3,
9.31239,13.5809,3,
10.9146,12.1205,3,
8.97572,12.7106,3,
9.44961,11.4871,3,
8.96874,13.0651,3,
8.71667,13.2312,3,
6.56474,11.0224,3,
8.10996,10.4471,3,
6.66707,13.2694,3,
6.11724,12.8217,3,
7.71502,10.7934,3,
7.8904,11.0808,3,
5.65487,12.0482,3,
7.78728,12.2661,3,
8.90247,11.4242,3,
8.83232,12.5511,3,
6.93627,12.4312,3,
8.15154,11.7897,3,
8.92259,12.195,3,
7.99197,11.8713,3,
8.24432,12.6268,3,
8.51302,11.9329,3,
7.94092,13.2481,3,
9.14929,12.9158,3,
6.89194,10.655,3,
6.75671,13.3372,3,
6.76439,12.8498,3,
8.59985,12.3067,3,
7.4109,14.0669,3,
7.33444,12.8695,3,
5.95264,11.8583,3,
8.61367,11.8951,3,
7.43724,11.42,3,
9.09695,12.1759,3,
9.10407,12.5027,3,
8.79871,10.7299,3,
7.98676,10.5623,3,
9.35006,12.7903,3,
7.98483,10.9246,3,
6.94999,11.1857,3,
7.6357,12.9649,3,
10.7738,10.4076,3,
8.66249,13.0371,3,
8.11521,12.6321,3,
7.72678,12.0253,3,
9.22371,11.9698,3,
8.38248,11.8259,3,
9.59893,10.9571,3,
7.90306,11.1477,3,
5.90387,11.8575,3,
8.47561,9.71977,3,
9.16435,10.3579,3,
7.47992,11.2765,3,
7.5816,12.6523,3,
8.90723,12.4978,3,
6.71544,11.2158,3,
9.28249,11.3163,3,
9.16569,10.4674,3,
6.47167,10.8352,3,
6.86233,11.5868,3,
6.40231,11.9953,3,
4.92944,13.0914,-1,
7.04143,12.2042,3,
7.99956,12.9091,3,
8.29935,12.069,3,
8.10375,11.7164,3,
7.38098,11.5127,3,
7.70587,11.1691,3,
8.11953,11.9494,3,
7.37084,9.60714,3,
8.9137,10.3881,3,
9.07574,12.3767,3,
8.76897,11.188,3,
7.54898,12.0758,3,
7.46553,12.4986,3,
9.12569,11.3776,3,
4.30687,11.6491,-1,
8.18646,13.2294,3,
5.12751,11.2639,3,
6.56556,13.022,3,
6.92554,13.5415,3,
9.2039,13.0549,3,
7.88276,12.8331,3,
7.84804,12.3742,3,
7.0224,13.2999,3,
9.33611,12.061,3,
10.8643,11.0519,3,
9.92061,12.2766,3,
7.09535,11.9569,3,
9.44622,10.991,3,
6.40201,11.2899,3,
7.73548,11.8672,3,
7.55816,12.4176,3,
7.23676,12.4833,3,
9.50439,12.8593,3,
7.31016,14.5389,3,
6.05426,13.9449,3,
8.04806,11.046,3,
6.41628,11.3849,3,
7.70937,12.4597,3,
8.11776,11.4054,3,
7.8775,11.2132,3,
6.24658,11.2691,3,
7.66956,12.3734,3,
7.82032,12.9775,3,
8.17572,10.6272,3,
8.69286,11.0818,3,
7.81763,12.8683,3,
10.0105,10.9573,3,
8.50122,10.966,3,
6.8571,12.9092,3,
7.44526,13.2316,3,
8.19786,11.1984,3,
7.59672,11.6331,3,
8.51021,12.4785,3,
7.1847,11.6189,3,
8.18653,11.8801,3,
7.96985,12.2286,3,
8.4483,11.3493,3,
7.16857,12.9124,3,
9.76204,11.4986,3,
7.03035,13.0121,3,
7.37508,11.2212,3,
10.5608,12.0326,3,
7.23185,12.8554,3,
8.94477,11.269,3,
8.26119,11.4129,3,
9.13317,11.1792,3,
8.82932,11.6689,3,
7.70907,10.8311,3,
9.0479,10.1317,3,
7.57216,13.7622,3,
7.27434,12.2294,3,
7.78396,11.9059,3,
7.84666,10.4163,3,
9.45918,12.7491,3,
7.14087,10.4532,3,
6.79429,12.172,3,
8.05345,11.0675,3,
6.79306,12.8468,3,
7.21365,12.5292,3,
6.83618,12.0015,3,
8.61127,12.0353,3,
8.79158,11.3391,3,
8.82093,11.9857,3,
8.66188,12.8375,3,
7.20354,11.5597,3,
7.33618,11.5322,3,
5.96198,11.4229,3,
9.30271,11.5876,3,
9.24635,13.5451,3,
7.88757,12.8323,3,
5.45437,10.9941,3,
7.64645,12.4114,3,
7.22112,11.6597,3,
8.34132,11.769,3,
9.20892,12.2018,3,
7.71429,12.7142,3,
5.90835,11.9342,3,
8.38141,11.9949,3,
7.57835,12.1161,3,
8.64599,9.63185,3,
8.5796,11.2289,3,
6.83534,13.2249,3,
8.17349,13.3216,3,
8.64933,12.5786,3,
8.33927,10.6031,3,
7.11253,12.7172,3,
8.03447,11.4392,3,
7.91951,12.0686,3,
9.32381,12.4677,3,
8.72679,12.4641,3,
6.70111,10.5526,3,
9.67924,11.4251,3,
8.25683,10.5955,3,
8.86851,14.4509,3,
8.26489,13.0369,3,
9.17138,11.7148,3,
7.53565,10.5982,3,
7.34788,13.0632,3,
8.59412,12.0525,3,
9.76845,11.375,3,
8.40911,12.5278,3,
8.03957,13.4956,3,
7.86435,12.4443,3,
8.4501,12.0983,3,
7.89508,11.7022,3,
7.33192,10.8821,3,
8.38765,11.4757,3,
8.89978,13.1521,3,
8.04865,10.2852,3,
7.95093,10.7833,3,
5.21917,11.4697,3,
8.54252,10.7736,3,
8.7433,12.2647,3,
8.66663,12.1767,3,
8.08677,10.3439,3,
9.67989,10.8695,3,
7.12572,11.1309,3,
7.23034,9.71187,3,
8.2308,11.4484,3,
6.4478,11.8023,3,
7.60849,11.7897,3,
7.80631,11.6738,3,
9.08908,13.4451,3,
8.25069,12.9911,3,
5.29448,11.35,3,
7.92296,11.5223,3,
7.08298,12.1265,3,
8.38499,10.6862,3,
8.13588,11.7581,3,
5.6832,12.4067,3,
8.6011,11.5367,3,
6.46673,11.5674,3,
6.82846,11.8339,3,
7.69772,10.4827,3,
8.74172,12.517,3,
6.17418,13.9401,3,
8.71476,11.8352,3,
7.5853,11.8017,3,
7.28209,12.802,3,
9.24825,12.115,3,
7.98868,12.2931,3,
9.55166,13.529,3,
7.06667,11.1728,3,
8.90556,12.2125,3,
7.45903,12.596,3,
10.1795,11.7544,3,
9.12152,10.9997,3,
5.6551,12.5482,3,
7.70398,11.6096,3,
8.28225,12.2986,3,
8.71127,12.7333,3,
8.52348,12.5197,3,
7.1555,12.1521,3,
8.3283,12.3037,3,
7.83831,13.8688,3,
8.27064,13.2795,3,
8.49268,13.9401,3,
7.35526,12.947,3,
6.05101,12.3347,3,
7.93239,10.9569,3,
9.31479,12.0542,3,
7.43015,13.7445,3,
10.6865,12.0304,3,
8.41916,11.3169,3,
8.6581,11.7311,3,
8.22131,12.7202,3,
8.14061,10.7991,3,
8.35955,11.1011,3,
7.36056,11.026,3,
6.56052,11.6605,3,
8.74722,12.9826,3,
7.48689,12.2455,3,
9.43347,13.6537,3,
5.82357,11.4659,3,
8.53178,11.0278,3,
7.79286,11.1005,3,
8.79255,13.2374,3,
8.28016,11.2921,3,
8.68144,12.7308,3,
10.2732,9.96142,3,
7.38398,11.7086,3,
8.33923,10.9794,3,
8.83576,10.7757,3,
7.88714,11.1846,3,
8.66494,11.8417,3,
8.06172,11.7244,3,
8.39906,13.4033,3,
9.9237,10.8426,3,
5.65676,11.1394,3,
9.02973,11.3726,3,
7.29646,10.8819,3,
7.39656,12.9974,3,
7.57162,12.7937,3,
7.1542,11.8245,3,
7.37387,13.1194,3,
9.44088,11.2757,3,
8.40605,11.5234,3,
8.62197,12.0796,3,
7.23665,11.2788,3,
6.49839,12.7385,3,
9.22727,12.4407,3,
7.68054,11.5632,3,
7.56265,12.4274,3,
7.42046,11.3447,3,
8.17861,12.6569,3,
7.43282,11.117,3,
8.73773,11.0931,3,
6.33994,12.2568,3,
7.67316,13.256,3,
9.10843,10.56,3,
7.67166,11.3351,3,
7.32857,11.7051,3,
7.41462,12.388,3,
7.09935,11.7666,3,
6.44829,12.2144,3,
9.27728,12.8618,3,
5.85424,10.5814,3,
9.06901,11.5031,3,
8.45199,11.5003,3,
7.14357,11.3315,3,
7.92733,13.206,3,
8.36002,11.9889,3,
7.40788,13.0485,3,
8.46562,11.3611,3,
8.43048,13.0702,3,
6.36685,11.6935,3,
6.23303,13.0007,3,
8.01001,12.0269,3,
6.87766,9.28328,3,
6.35419,12.4057,3,
9.25286,13.4553,3,
7.35701,12.9889,3,
7.86058,11.8508,3,
9.44278,14.3155,3,
7.79967,10.9453,3,
7.93347,12.3277,3,
7.21703,11.662,3,
7.49787,10.9131,3,
8.31601,11.1942,3,
8.30652,13.394,3,
6.0427,11.0142,3,
8.09941,10.5828,3,
9.39687,11.3965,3,
7.21559,12.0808,3,
9.75449,12.9724,3,
5.94622,11.1113,3,
7.72923,12.8931,3,
8.66816,11.1963,3,
8.17908,13.2961,3,
7.96294,10.812,3,
8.83136,11.7219,3,
8.76665,13.7313,3,
6.97465,13.6504,3,
7.53287,11.2584,3,
7.43882,11.6204,3,
8.21875,12.9284,3,
9.62905,10.9583,3,
7.19485,11.9801,3,
9.14037,11.8034,3,
8.42476,12.5028,3,
8.77819,10.641,3,
10.6933,13.9766,3,
8.23587,13.441,3,
7.14665,13.1283,3,
7.2568,10.8998,3,
6.04546,12.3099,3,
8.2919,11.0253,3,
8.00535,10.3162,3,
8.55299,11.7555,3,
9.44974,13.3811,3,
7.83011,11.8314,3,
6.45473,12.3592,3,
6.01478,12.3204,3,
8.30413,10.6611,3,
7.75307,12.5447,3,
7.18798,11.0927,3,
8.32207,11.5184,3,
7.69383,10.2615,3,
7.05758,13.1,3,
6.24028,12.5295,3,
9.44339,10.132,3,
7.22458,10.7637,3,
8.46425,13.8425,3,
7.76069,11.6473,3,
8.49223,10.6534,3,
10.3105,12.4638,3,
7.17646,10.4253,3,
7.34354,12.5167,3,
9.05832,13.0532,3,
7.82425,10.8007,3,
7.60236,11.9422,3,
9.94194,11.6844,3,
6.70679,11.3259,3,
7.0369,10.689,3,
8.24628,10.9071,3,
9.0468,12.1904,3,
7.92995,9.8255,3,
8.79285,13.6668,3,
7.7456,12.9647,3,
8.48657,13.2554,3,
7.90847,12.1773,3,
8.35471,10.8415,3,
6.59556,11.9532,3,
7.63672,11.2002,3,
8.83442,12.0354,3,
7.52703,11.9091,3,
9.20325,12.6946,3,
8.52996,10.909,3,
6.40336,12.1067,3,
6.86401,10.8834,3,
7.87621,10.1072,3,
8.84691,11.0714,3,
8.56707,11.0724,3,
8.95511,12.9534,3,
8.37006,10.8034,3,
9.95801,11.6879,3,
6.72788,11.2232,3,
8.319,11.436,3,
6.70438,12.7596,3,
7.2509,11.6356,3,
8.518,12.152,3,
8.16572,13.3763,3,
8.60599,11.1545,3,
9.48395,11.9643,3,
8.83877,10.602,3,
7.5954,11.3246,3,
7.08141,12.5756,3,
8.85832,13.0535,3,
10.2926,13.1071,3,
5.6531,12.232,3,
6.97176,11.994,3,
8.56268,13.8532,3,
6.77237,11.7667,3,
9.25884,12.017,3,
8.2735,12.1935,3,
7.01938,12.8907,3,
5.31699,11.7792,3,
8.11774,10.5759,3,
7.84997,11.2561,3,
7.94843,11.4009,3,
8.25686,11.438,3,
8.27889,11.9416,3,
8.23018,12.2957,3,
8.16639,11.7139,3,
7.32997,10.6456,3,
9.20262,10.8572,3,
5.33,12.411,3,
8.94889,10.3978,3,
8.38725,11.5957,3,
8.52491,11.6382,3,
9.10163,12.4327,3,
7.01765,12.0291,3,
8.27403,11.1571,3,
7.30778,11.9092,3,
7.53103,12.3281,3,
7.9897,10.5797,3,
7.47202,11.8351,3,
8.17321,10.2206,3,
6.7986,10.9557,3,
8.18367,11.7028,3,
7.87904,11.3443,3,
7.71596,13.3754,3,
8.85251,11.0485,3,
8.24704,13.1789,3,
6.85862,11.6149,3,
8.18022,11.4692,3,
8.04566,12.1928,3,
6.53316,11.4739,3,
6.23434,10.4801,3,
7.80292,12.0321,3,
6.61704,10.4989,3,
7.67524,12.347,3,
8.90127,11.8485,3,
7.95894,12.4765,3,
6.89255,10.7579,3,
7.21688,11.2098,3,
6.82543,12.1341,3,
8.38561,14.0974,3,
8.7807,12.792,3,
6.99041,10.7568,3,
6.93902,11.3629,3,
8.30169,11.2892,3,
8.1062,10.853,3,
8.78642,11.3305,3,
8.95007,12.2152,3,
6.68117,12.5951,3,
10.2362,12.7314,3,
7.43488,11.4516,3,
7.14249,12.2384,3,
8.04329,13.2781,3,
7.71896,12.6431,3,
9.87436,12.8403,3,
10.7895,12.5667,3,
7.66361,10.8476,3,
6.88926,10.1532,3,
8.27793,12.554,3,
7.95844,10.1151,3,
10.4076,12.0671,3,
8.97729,11.4812,3,
6.99336,12.6788,3,
7.0404,12.3212,3,
9.53623,11.3411,3,
7.97916,11.1823,3,
8.32263,12.1269,3,
10.0974,9.79474,3,
6.77335,10.8288,3,
8.48458,11.1933,3,
8.82404,12.68,3,
9.20079,11.1532,3,
5.26969,12.489,3,
10.6585,12.3134,3,
7.10883,10.8063,3,
7.24999,12.0691,3,
7.88618,12.9438,3,
8.209,10.3711,3,
7.07548,13.1042,3,
8.90877,12.5623,3,
7.09454,10.7931,3,
7.34721,12.98,3,
6.38181,12.7675,3,
7.9108,10.9366,3,
8.64288,14.5005,3,
7.55656,11.9176,3,
9.57527,12.6383,3,
9.70434,11.944,3,
7.65302,11.4948,3,
7.85759,10.8661,3,
8.12751,11.7499,3,
7.87577,11.4045,3,
8.80108,12.7051,3,
6.85873,11.4684,3,
9.38827,14.2741,3,
7.16425,12.1755,3,
7.11952,13.4195,3,
9.48465,12.3196,3,
7.95531,11.4728,3,
7.542,12.993,3,
9.03772,11.1474,3,
8.173,11.258,3,
6.34448,12.6686,3,
8.92783,10.7052,3,
7.36459,11.0502,3,
8.22098,11.4527,3,
7.89983,12.6087,3,
6.36215,11.5648,3,
9.22388,13.8627,3,
9.10595,12.3651,3,
8.26893,12.2827,3,
7.95226,11.9609,3,
7.43612,12.9404,3,
9.62003,13.1144,3,
9.72658,12.9782,3,
8.02288,11.4765,3,
6.89784,12.9413,3,
9.3489,11.765,3,
7.77617,10.8258,3,
8.02895,12.7515,3,
8.44278,11.7233,3,
8.2826,11.5267,3,
9.74948,11.3201,3,
8.2208,12.4203,3,
6.7131,11.6656,3,
8.58271,10.7155,3,
7.83596,10.6446,3,
8.81131,11.9366,3,
8.71221,12.5077,3,
7.8565,12.2639,3,
9.44667,11.5834,3,
8.40719,10.2887,3,
7.40512,11.623,3,
8.47752,12.1067,3,
7.94664,13.1733,3,
8.79715,11.4267,3,
8.05801,13.2041,3,
8.03739,13.591,3,
8.25585,11.7654,3,
9.49543,11.5988,3,
8.42997,12.3786,3,
6.55866,13.4068,3,
