664159,550946,1,
665845,557965,1,
597173,575538,1,
618600,551446,1,
635690,608046,1,
588100,557588,1,
582015,546191,1,
604678,574577,1,
572029,518313,-1,
604737,574591,1,
577728,587566,1,
602013,574722,1,
627968,574625,1,
607269,536961,1,
603145,574795,1,
671919,571761,1,
612184,570393,1,
600032,575310,1,
627912,593892,1,
601967,604428,1,
591851,569051,1,
601444,572693,1,
629718,558104,1,
661430,603567,-1,
597551,556737,1,
601182,582584,1,
562704,570596,1,
605107,563429,1,
607214,575069,1,
568824,570203,1,
612485,518009,1,
589244,573777,1,
625579,551084,1,
560237,500154,-1,
626224,569687,1,
610666,551701,1,
597428,569940,1,
600582,599535,1,
604168,555003,1,
613871,550423,1,
617310,551945,1,
625728,579460,1,
606300,566708,1,
638559,558807,1,
582176,630383,1,
544056,577786,1,
631297,578351,1,
561574,621747,-1,
604973,574773,1,
605284,556134,1,
617910,592293,1,
555904,640401,-1,
526559,509417,-1,
603849,572396,1,
598634,619900,1,
603359,589262,1,
657455,567754,1,
614279,599251,1,
578496,631434,1,
645171,595209,1,
688015,533535,-1,
656477,573007,1,
540029,563888,-1,
597418,538362,1,
613545,574733,1,
628696,542447,1,
604157,574191,1,
603126,497987,-1,
605850,533310,1,
596179,529556,1,
610330,552628,1,
598184,531473,1,
620438,511694,1,
600202,622079,1,
603021,577991,1,
515612,540643,-1,
606548,574376,1,
593490,623110,1,
607084,595500,1,
583728,563146,1,
616044,533807,1,
624452,584622,1,
604438,574666,1,
625709,660145,-1,
601376,579831,1,
565148,557305,1,
639418,537903,1,
612799,537497,1,
583653,652182,1,
599808,596484,1,
605250,573272,1,
606738,601356,1,
611044,571814,1,
575440,568511,1,
616329,529516,1,
605927,572533,1,
609286,586782,1,
647354,579190,1,
606929,571420,1,
562920,559223,1,
680357,620811,-1,
707100,601463,-1,
604294,574368,1,
614917,600946,1,
611508,503220,-1,
603789,574474,1,
551740,588768,1,
546031,570429,1,
569197,559307,1,
688712,568754,-1,
604067,574091,1,
606809,572101,1,
588597,622592,1,
613840,534167,1,
576263,547239,1,
597077,568196,1,
601339,571609,1,
606011,569426,1,
593398,559764,1,
593166,622725,1,
609796,532982,1,
712648,607541,-1,
585048,505097,-1,
525967,565687,-1,
660327,585901,1,
607604,573951,1,
604001,573587,1,
591484,571087,1,
613868,585089,1,
645464,660478,-1,
538571,654649,-1,
555429,604551,-1,
597620,586226,1,
586097,567445,1,
545235,539822,-1,
649088,575733,1,
599123,616977,1,
563763,559454,1,
617717,613939,1,
618869,577243,1,
567188,560044,1,
636628,533309,1,
560362,567914,1,
595014,632844,1,
605876,550640,1,
604352,573425,1,
600679,599545,1,
596891,579476,1,
614943,540976,1,
604415,571400,1,
603698,573585,1,
658199,568743,1,
598759,582942,1,
671269,590258,1,
593317,534085,1,
657985,453405,-1,
608557,590278,1,
623004,508050,-1,
601900,569391,1,
641031,593074,1,
589658,640498,1,
567565,573952,1,
559078,570088,1,
639431,588155,1,
566609,537592,1,
568570,579335,1,
660650,615038,-1,
667639,571164,1,
596796,529933,1,
606111,617846,1,
616060,590779,1,
602873,527864,1,
571334,594145,1,
602167,543919,1,
605100,573307,1,
546640,560043,1,
585195,555011,1,
651740,589474,1,
589112,536573,1,
582057,543124,1,
690968,555952,-1,
609030,552436,1,
632125,541413,1,
603445,630598,1,
628264,616214,-1,
577242,574073,1,
604090,574392,1,
607911,576556,1,
600665,638890,1,
600117,539079,1,
631182,565466,1,
695646,652231,-1,
619445,567491,1,
613191,571942,1,
567428,580005,1,
590583,623314,1,
606289,670243,-1,
585175,574133,1,
634967,579020,1,
614615,574437,1,
593061,579188,1,
606933,576409,1,
606587,573873,1,
594084,629464,1,
683697,581516,1,
601530,577183,1,
603055,589818,1,
616561,619007,1,
607463,477085,-1,
611581,572630,1,
579712,568354,1,
602887,595245,1,
600039,557139,1,
605913,579526,1,
579773,568698,1,
606324,544357,1,
605958,573728,1,
606144,575076,1,
667472,570571,1,
580048,565009,1,
597802,576113,1,
610263,574422,1,
603855,575180,1,
624369,532153,1,
599870,591110,1,
577167,617095,1,
658403,611332,-1,
563460,480559,-1,
610980,522819,1,
569422,567790,1,
627727,578737,1,
592804,584539,1,
540783,626497,-1,
591823,639096,1,
637323,549567,1,
638078,629421,-1,
611315,560757,1,
647103,573853,1,
522993,595581,-1,
601187,531825,1,
533799,564377,-1,
649034,528813,-1,
620975,564344,1,
622407,583192,1,
597026,642918,1,
551291,576721,1,
608768,610525,1,
697959,614701,-1,
658281,582264,1,
546632,599204,-1,
672565,564468,1,
636500,587401,1,
696144,548705,-1,
533551,582247,-1,
526802,551524,-1,
553038,606418,-1,
696601,603624,-1,
588964,597435,1,
716139,621721,-1,
608529,586311,1,
557378,567033,1,
589994,610890,1,
589344,563119,1,
624415,515911,1,
565483,551512,1,
584895,574666,1,
582777,542670,1,
639394,576728,1,
608298,573748,1,
663578,586265,1,
628080,562986,1,
597421,554767,1,
595193,576508,1,
658103,572250,1,
659529,498474,-1,
606415,581386,1,
641976,577433,1,
587466,564953,1,
589180,595099,1,
601885,573083,1,
580561,528916,1,
621726,578003,1,
558817,576255,1,
620213,574468,1,
594010,570095,1,
541976,512639,-1,
593840,578685,1,
602667,575857,1,
631446,561156,1,
596481,567449,1,
611318,581584,1,
568546,564911,1,
593865,572987,1,
597017,575588,1,
578804,573582,1,
673750,594081,-1,
592714,553958,1,
594029,586701,1,
668502,563937,1,
629533,537542,1,
801539,318482,2,
801667,318542,2,
814045,332998,2,
800479,321640,2,
757470,224976,-1,
844536,424646,-1,
797105,316002,2,
779956,271501,2,
797205,313318,2,
801323,316240,2,
783666,262902,2,
806131,312752,2,
830658,368694,2,
802482,335269,2,
801910,325434,2,
808062,337340,2,
789833,304422,2,
803603,327255,2,
800865,312968,2,
802237,318526,2,
803959,315173,2,
800123,312312,2,
780927,285057,2,
797242,324588,2,
801551,320544,2,
809182,319115,2,
801931,317202,2,
870801,476330,-1,
820327,352701,2,
801093,317509,2,
798523,324500,2,
805237,318655,2,
803375,311620,2,
801441,323812,2,
797313,317527,2,
788220,301915,2,
790395,300024,2,
817135,349925,2,
797787,301470,2,
804630,332333,2,
808710,330379,2,
802111,320817,2,
796375,309563,2,
819768,346596,2,
814605,354382,2,
800565,319364,2,
802089,313456,2,
814401,341234,2,
796609,319691,2,
776131,248465,2,
803464,329093,2,
802646,317894,2,
809550,327365,2,
795322,311178,2,
830450,393096,2,
778414,260729,2,
800041,318331,2,
802814,320130,2,
802738,312234,2,
823913,369439,2,
803386,318982,2,
812869,346251,2,
798904,324420,2,
800447,331643,2,
807446,342555,2,
804251,329956,2,
797594,302109,2,
803448,314797,2,
765502,240340,2,
795527,315510,2,
794640,313497,2,
808717,335740,2,
790932,305223,2,
816852,352965,2,
826228,376658,2,
795299,312036,2,
808686,332209,2,
809594,344872,2,
799275,324108,2,
878184,487392,16,
798472,322218,2,
824822,367091,2,
746769,205186,-1,
756701,207223,-1,
795489,287279,2,
800483,320713,2,
783491,288029,2,
797162,306135,2,
800272,316170,2,
806827,324616,2,
802853,314938,2,
800804,316615,2,
813173,354777,2,
801588,319814,2,
797400,315778,2,
823840,368410,2,
811391,343836,2,
801055,321833,2,
804038,306622,2,
803780,334441,2,
834173,386159,2,
802784,313853,2,
807293,347456,2,
817119,336333,2,
786635,269352,2,
824624,381716,2,
797415,319840,2,
800772,325023,2,
806626,318966,2,
800845,311838,2,
769386,259892,2,
797272,324228,2,
807409,325526,2,
795836,291870,2,
798321,319665,2,
805372,313397,2,
790738,308028,2,
800667,315995,2,
795205,316433,2,
809054,345541,2,
808452,320117,2,
779897,279572,2,
782642,275308,2,
797569,321799,2,
801751,318110,2,
787644,297715,2,
807401,314610,2,
800677,310656,2,
800394,301473,2,
795571,310093,2,
814158,335578,2,
811913,325091,2,
806982,316680,2,
775604,274485,2,
800133,327081,2,
806511,313841,2,
803796,314893,2,
802012,318315,2,
826789,377676,2,
814108,344096,2,
804354,309671,2,
807017,330432,2,
803774,334756,2,
817410,346944,2,
841928,398948,2,
816145,349032,2,
818622,370753,2,
786245,292352,2,
784164,285702,2,
805390,319676,2,
790774,303642,2,
803277,319525,2,
833182,379714,2,
773023,251826,2,
801609,320399,2,
778965,282290,2,
814317,333112,2,
805080,323708,2,
801080,318049,2,
799724,318884,2,
798059,316113,2,
806176,320301,2,
769876,257669,2,
825716,373098,2,
791983,298565,2,
801386,313545,2,
804871,317801,2,
810903,332925,2,
838276,395673,2,
810543,341180,2,
777978,252419,2,
820258,351165,2,
801997,319385,2,
779437,281959,2,
810253,323873,2,
794826,309589,2,
814280,344223,2,
832651,373469,2,
794142,306704,2,
802041,319504,2,
804190,320706,2,
798983,325682,2,
840462,402858,2,
799912,323363,2,
804119,328544,2,
804358,320802,2,
803057,331037,2,
803031,325811,2,
784151,283760,2,
800444,311497,2,
802004,317772,2,
803470,319069,2,
811277,335577,2,
803332,315488,2,
800037,317963,2,
813436,360446,2,
800694,316789,2,
838129,404012,2,
764997,249477,2,
800316,311699,2,
806848,320541,2,
805462,317833,2,
798308,312788,2,
802655,316263,2,
801456,320080,2,
801309,318213,2,
840886,397888,2,
829529,375007,2,
830805,370801,2,
804979,334141,2,
804013,316083,2,
808489,317021,2,
770113,241615,2,
804332,319006,2,
833661,389733,2,
797834,297329,2,
794956,309980,2,
801232,307078,2,
809552,342258,2,
794615,305632,2,
809259,345634,2,
811502,355939,2,
801301,316893,2,
803370,318247,2,
804702,315881,2,
797009,293194,2,
813791,334609,2,
812965,330224,2,
826048,374236,2,
800959,322309,2,
803405,317316,2,
802254,320673,2,
783116,265635,2,
798633,317300,2,
801482,327644,2,
798612,326404,2,
799001,302014,2,
802537,312497,2,
799794,315080,2,
793892,313943,2,
804691,332987,2,
793855,298525,2,
796952,318633,2,
800655,320227,2,
801780,318992,2,
805977,320805,2,
796916,323332,2,
820904,351763,2,
808405,318841,2,
765283,249459,2,
824212,363776,2,
798981,311092,2,
797178,310439,2,
800582,316980,2,
803839,310353,2,
796283,315582,2,
801145,317601,2,
801662,318423,2,
801782,318281,2,
803377,319212,2,
803932,318781,2,
806192,337849,2,
789583,287700,2,
801586,318947,2,
804251,331304,2,
799667,316830,2,
759789,229116,-1,
799021,326404,2,
793684,312065,2,
806320,315242,2,
786234,267976,2,
821151,366545,2,
801903,312794,2,
782506,279930,2,
803627,319323,2,
794991,291216,2,
794667,315069,2,
799291,317500,2,
798243,324160,2,
804408,337683,2,
818119,348676,2,
810502,336169,2,
793560,285392,2,
801326,315779,2,
808644,326320,2,
813645,328765,2,
800966,317165,2,
797111,302781,2,
802431,322048,2,
811061,333595,2,
786719,283364,2,
773955,239849,2,
803701,321815,2,
783110,289805,2,
800235,316652,2,
807421,317527,2,
797947,319734,2,
805035,317469,2,
801166,322298,2,
846693,429031,-1,
801493,322249,2,
806087,326636,2,
810657,329468,2,
801313,300606,2,
800390,309948,2,
801634,318965,2,
799197,314215,2,
795254,296488,2,
807696,320548,2,
800461,326821,2,
801174,320442,2,
809781,326904,2,
826585,366934,2,
804429,312164,2,
788005,292268,2,
801183,316191,2,
378274,816341,3,
406233,813072,3,
401478,785370,3,
448651,847994,-1,
434440,822866,3,
369199,734895,-1,
413241,771595,3,
369418,733394,-1,
378563,789670,3,
424190,780052,3,
415993,776671,3,
421352,799127,3,
432656,783776,3,
383032,788008,3,
414377,771258,3,
425260,773661,3,
469139,810971,3,
442979,803024,3,
347079,803582,3,
412797,803180,3,
352874,807952,3,
442286,755194,3,
416433,786159,3,
419700,793447,3,
422961,821595,3,
400008,789447,3,
429586,775621,3,
457561,788245,3,
415417,785827,3,
389552,750700,3,
415598,786499,3,
443447,783977,3,
404792,749210,3,
389392,730768,3,
473485,847098,-1,
491614,778997,3,
437483,785130,3,
452570,848127,-1,
417197,778243,3,
405986,787439,3,
437568,794323,3,
420319,794333,3,
418963,746595,3,
469422,822619,3,
397688,762902,3,
418149,790096,3,
407289,798870,3,
360319,778673,3,
473799,795167,3,
445199,763833,3,
446537,828924,3,
410019,732704,3,
396540,815936,3,
407694,718592,3,
417091,792545,3,
442260,754050,3,
411526,784658,3,
407814,765816,3,
394022,803914,3,
481133,781413,3,
396118,794614,3,
458538,786673,3,
419721,789724,3,
424476,781552,3,
377720,727349,-1,
448336,789445,3,
412227,787450,3,
408745,824896,3,
417016,774869,3,
395274,786698,3,
412541,806622,3,
412109,735920,3,
407023,787385,3,
376660,815936,3,
396548,784388,3,
508535,830710,-1,
414014,816460,3,
440782,782395,3,
436951,814456,3,
393758,750953,3,
418410,795929,3,
425991,787029,3,
414562,787355,3,
408712,803987,3,
377858,811790,3,
417169,792321,3,
460371,780609,3,
388873,746909,3,
395641,808571,3,
386436,791388,3,
440667,768761,3,
438437,730300,-1,
370839,727884,-1,
422917,781112,3,
391555,789079,3,
402666,814060,3,
474368,812039,3,
406176,760860,3,
463768,793154,3,
446307,796523,3,
402309,786873,3,
413946,786971,3,
425053,790566,3,
416926,785113,3,
424023,737453,3,
417447,782955,3,
415672,787824,3,
416019,787562,3,
417515,787648,3,
459230,803720,3,
447833,819282,3,
418199,851439,-1,
417393,771537,3,
441415,780207,3,
399634,751940,3,
373360,784232,3,
419227,779215,3,
434717,808225,3,
397669,792218,3,
412028,773494,3,
407504,803363,3,
365147,790525,3,
459328,805961,3,
429472,860855,-1,
480128,785580,3,
344915,702496,-1,
410969,770451,3,
407460,791404,3,
420476,750495,3,
397747,792207,3,
408428,771823,3,
397806,749559,3,
426040,825049,3,
407565,766203,3,
414317,828815,3,
410610,765111,3,
412388,784064,3,
406337,750353,3,
422419,754048,3,
416039,730594,3,
414512,793966,3,
398478,822297,3,
424375,721868,3,
403890,792420,3,
400902,772920,3,
402367,782997,3,
472917,830363,-1,
418621,840463,3,
329002,727685,-1,
418618,811618,3,
425356,745471,3,
470922,770669,3,
400598,790903,3,
412851,774986,3,
492415,829655,-1,
400079,749617,3,
417673,785965,3,
424720,768456,3,
386415,801444,3,
426689,788562,3,
430747,776261,3,
405714,781619,3,
429220,787348,3,
427850,762201,3,
434080,785264,3,
473514,788780,3,
412386,777312,3,
430686,844506,-1,
409142,811927,3,
422198,724557,3,
392185,713763,-1,
412677,786951,3,
399149,784376,3,
382693,749680,3,
527515,831478,-1,
448519,805219,3,
430779,770145,3,
413556,758080,3,
392140,769924,3,
416855,794023,3,
389713,772742,3,
398498,776720,3,
473727,807244,3,
389410,788256,3,
377230,790154,3,
415564,784464,3,
456799,844976,-1,
444336,820061,3,
404359,783919,3,
453154,776082,3,
425019,759577,3,
415895,775793,3,
420083,787815,3,
506612,858859,-1,
436648,859634,-1,
403522,785432,3,
401407,759648,3,
403852,792473,3,
367398,701756,-1,
412453,784453,3,
382124,786262,3,
416884,786845,3,
448865,836781,-1,
383821,808301,3,
414249,796590,3,
457338,789952,3,
396276,785999,3,
390282,789593,3,
409417,758123,3,
397561,815245,3,
397137,742547,3,
402891,801910,3,
385257,791581,3,
409628,833942,3,
369249,797068,3,
460942,779073,3,
423146,737571,3,
420509,788730,3,
422736,790806,3,
401492,790336,3,
394018,799506,3,
385140,796221,3,
430243,781020,3,
416775,806826,3,
425796,795608,3,
411488,837715,3,
433989,765343,3,
415806,783594,3,
417023,771194,3,
415270,775605,3,
391163,811977,3,
405350,762342,3,
414860,773921,3,
371779,814715,3,
415631,805010,3,
387951,813315,3,
472691,802678,3,
471930,844046,-1,
432892,815223,3,
366654,802105,3,
411721,717873,3,
426115,814461,3,
375997,806621,3,
385561,718324,-1,
375573,809249,3,
437958,784801,3,
363857,784086,3,
430138,818594,3,
435085,791564,3,
414036,742189,3,
425611,793420,3,
439793,740773,3,
467107,817914,3,
387631,749416,3,
430001,765803,3,
384225,784381,3,
417146,822655,3,
427371,819417,3,
399587,792459,3,
474648,778810,3,
345692,788190,3,
409515,756149,3,
469782,780552,3,
468229,827985,3,
414951,852935,-1,
409701,750741,3,
442826,795974,3,
459556,818479,3,
423311,813081,3,
476144,772131,3,
391976,789416,3,
448649,813885,3,
496658,816784,-1,
410336,767856,3,
430167,811490,3,
357467,797530,3,
404220,785798,3,
446368,763341,3,
439514,758221,3,
424145,743433,3,
470062,771204,3,
421187,779726,3,
396617,801039,3,
394708,739061,3,
394912,755947,3,
425950,788228,3,
408283,806161,3,
419520,778231,3,
441950,785934,3,
409814,836083,3,
395817,788858,3,
422776,808328,3,
363959,810632,3,
422943,804253,3,
407626,771304,3,
347933,797148,3,
457554,795861,3,
394274,837428,3,
445674,768552,3,
416359,786189,3,
419485,804779,3,
376176,795539,3,
349378,805118,3,
456566,743012,-1,
484407,809641,3,
403329,717870,-1,
392795,817694,3,
372621,772258,3,
461751,817277,3,
489182,773934,3,
427388,815258,3,
418155,819422,3,
437035,755506,3,
416444,783624,3,
777811,751059,4,
823974,725025,4,
749723,781756,-1,
875160,698897,4,
828194,742074,4,
800913,749332,4,
831165,783383,4,
793019,764859,4,
810467,706465,4,
803540,754792,4,
844662,654835,-1,
803962,731228,4,
823065,733789,4,
822156,732296,4,
811389,723618,4,
779936,774397,4,
854769,713941,4,
803457,735855,4,
790712,745884,4,
815652,733433,4,
841289,701474,4,
832054,751330,4,
786032,701427,4,
824835,704997,4,
832886,781206,4,
818063,797960,-1,
857620,709386,4,
828589,652430,-1,
836727,737798,4,
776000,780347,-1,
824098,714042,4,
830583,710990,4,
862189,735684,4,
815131,704478,4,
828478,655405,-1,
784838,771499,4,
880362,706363,4,
767482,727417,-1,
825070,734215,4,
813781,738344,4,
840863,737972,4,
840943,739611,4,
828276,762021,4,
822883,728314,4,
854886,769396,4,
829623,732301,4,
835428,731189,4,
818338,800932,-1,
823417,701523,4,
812152,689907,4,
829969,699565,4,
861563,661642,-1,
816955,747629,4,
774526,757135,4,
803577,712231,4,
798056,714380,4,
881789,727577,4,
858867,700187,4,
834996,728517,4,
839121,736259,4,
841045,738224,4,
840100,728839,4,
874544,686096,-1,
862334,747768,4,
820253,714625,4,
817862,732248,4,
844729,682981,4,
846484,719360,4,
793669,724513,4,
821906,732848,4,
826465,646980,-1,
820350,748217,4,
814540,707227,4,
838223,766380,4,
869471,745767,4,
816054,733183,4,
801177,737548,4,
848783,748980,4,
814105,723255,4,
838036,749612,4,
840270,725456,4,
789601,714058,4,
827169,708345,4,
789448,738035,4,
835030,668528,-1,
848151,741869,4,
816091,747764,4,
801511,761094,4,
822670,689090,4,
873672,734440,4,
808153,737136,4,
755829,751858,-1,
814697,729209,4,
832758,707452,4,
848264,762550,4,
799903,784535,-1,
802674,727804,4,
828147,808738,-1,
820707,705318,4,
824594,741664,4,
804474,747122,4,
823108,733302,4,
839514,728923,4,
827711,732798,4,
851644,721350,4,
816390,711340,4,
798007,723995,4,
790612,738038,4,
821909,728448,4,
865754,723314,4,
735295,814058,-1,
877711,703850,4,
792990,685472,4,
809917,762429,4,
789388,712210,4,
879221,655497,-1,
876935,684572,-1,
819439,735945,4,
807929,730950,4,
850451,764015,4,
811748,766105,4,
824765,761114,4,
848586,789052,4,
812231,739235,4,
873532,712802,4,
842590,716861,4,
832798,734777,4,
817640,730018,4,
824322,744720,4,
777697,798253,-1,
868493,677155,-1,
805658,698630,4,
840349,790707,4,
796953,726378,4,
832589,782799,4,
817441,709397,4,
856029,730586,4,
805089,762512,4,
854628,773470,4,
846090,651306,-1,
796943,674692,-1,
827192,785316,4,
818209,719382,4,
795200,786424,-1,
817777,724927,4,
846512,683647,-1,
825080,746712,4,
824674,806300,-1,
822616,735941,4,
805391,732659,4,
823250,732088,4,
850376,739749,4,
821337,733356,4,
796786,724615,4,
862425,741010,4,
825690,703854,4,
800872,672603,-1,
825395,715780,4,
843911,730036,4,
820238,732928,4,
848570,703697,4,
825515,738284,4,
820367,732364,4,
822025,749214,4,
837718,761480,4,
871723,685520,-1,
850904,720163,4,
816775,739989,4,
822103,732911,4,
815455,755486,4,
835648,756631,4,
868626,737331,4,
825997,730652,4,
817252,730254,4,
877906,722361,4,
808440,729985,4,
791470,751113,4,
841654,764836,4,
825429,732758,4,
751215,828365,-1,
804706,788001,-1,
820194,734233,4,
869991,705259,4,
809779,663654,-1,
822078,711840,4,
866139,717138,4,
829379,718721,4,
837582,763266,4,
783999,732487,4,
800231,732106,4,
862569,719773,4,
838764,652792,-1,
849343,713993,4,
828297,715480,4,
821259,750089,4,
874643,729921,4,
819058,729125,4,
817018,729596,4,
797804,715342,4,
838515,768484,4,
829398,724900,4,
754841,796342,-1,
878690,739021,4,
821908,732077,4,
786495,759000,4,
823987,687499,4,
787988,741203,4,
839339,726322,4,
822425,727248,4,
854412,725575,4,
788351,737539,4,
838587,700545,4,
840425,762290,4,
817395,734126,4,
807913,737341,4,
872285,750708,4,
788166,702817,4,
836225,709204,4,
822293,786837,4,
888892,702505,-1,
822623,745025,4,
795124,696429,4,
832238,725434,4,
815593,689874,4,
843572,784897,4,
833716,758772,4,
822474,780882,4,
801102,759330,4,
841752,731595,4,
808779,732990,4,
822533,758955,4,
817807,715863,4,
837977,728814,4,
801204,755177,4,
819628,810748,-1,
814732,734183,4,
832086,716249,4,
876503,659112,-1,
823856,749355,4,
819737,737829,4,
818756,743887,4,
811971,664520,-1,
801526,705057,4,
827031,734324,4,
843891,721571,4,
810460,735109,4,
782368,759352,4,
801172,715857,4,
866928,716961,4,
829673,730398,4,
850888,736810,4,
786935,732999,4,
769656,721159,-1,
804925,735492,4,
870054,738900,4,
818932,728481,4,
853692,746285,4,
807072,687932,4,
750459,800215,-1,
823959,737866,4,
835804,710711,4,
790206,747165,4,
813092,739043,4,
801810,728106,4,
825404,733788,4,
820947,730529,4,
827081,694553,4,
822664,720677,4,
768565,762193,4,
823113,733720,4,
821079,800206,-1,
828531,731300,4,
820757,738235,4,
781260,737962,4,
819438,662327,-1,
833504,744564,4,
789552,731946,4,
822843,763117,4,
775555,719683,4,
865084,713697,4,
820455,729132,4,
849547,738979,4,
762269,792243,-1,
821464,700760,4,
824013,753991,4,
803369,698753,4,
823589,728083,4,
796353,710294,4,
820083,728310,4,
829133,735488,4,
823455,747394,4,
818542,740451,4,
809623,734937,4,
841762,777572,4,
802184,751958,4,
803874,675499,-1,
830065,739162,4,
824140,729074,4,
852730,769968,4,
866760,753547,4,
811031,703822,4,
825414,734466,4,
816615,770855,4,
786227,765634,4,
817269,733788,4,
809453,736879,4,
757421,774445,-1,
818251,731938,4,
788020,765562,4,
823618,734216,4,
812295,728049,4,
837545,696979,4,
797918,694723,4,
822224,742716,4,
821895,732158,4,
797233,713358,4,
800258,733812,4,
813319,737376,4,
860951,162251,5,
860387,157731,5,
857363,154639,5,
863391,126214,5,
839094,159543,5,
849248,164090,5,
875990,133950,5,
905936,150106,5,
895835,123485,5,
818079,108536,-1,
898976,198452,-1,
869087,153957,5,
849653,143827,5,
834293,161575,5,
844234,153197,5,
835128,212354,5,
828179,155649,5,
875410,128878,5,
850965,156224,5,
800816,176612,5,
832621,150748,5,
876863,176593,5,
826192,172906,5,
862679,188399,5,
839974,154358,5,
854338,135067,5,
855233,141357,5,
850538,160159,5,
868442,160118,5,
888714,205560,-1,
864185,161232,5,
851280,156049,5,
875825,204959,5,
840375,155757,5,
892340,149050,5,
873527,126426,5,
836433,200181,5,
826499,142732,5,
854922,159650,5,
883537,210648,-1,
807420,168787,5,
840299,118907,5,
834602,213597,5,
864053,139325,5,
856454,117143,5,
857972,160214,5,
850046,108829,5,
804936,148980,5,
864374,150149,5,
858587,150101,5,
870247,121460,5,
855656,162100,5,
850176,127908,5,
850057,157848,5,
828005,145089,5,
861994,160156,5,
849537,157510,5,
867125,168762,5,
838142,156770,5,
847644,164348,5,
856349,158150,5,
860606,152843,5,
869288,168662,5,
838328,185708,5,
860986,140320,5,
829229,143653,5,
866051,172932,5,
871556,194747,5,
865489,161762,5,
851840,110475,5,
846256,154064,5,
836081,178429,5,
859707,202806,5,
849938,156042,5,
894124,202052,-1,
864325,170593,5,
848108,161786,5,
817619,181929,5,
858058,196183,5,
861242,161722,5,
885793,172115,5,
850577,157049,5,
877125,161227,5,
883864,111281,5,
891699,170415,5,
802394,87835,-1,
862759,157988,5,
824185,167369,5,
813124,157130,5,
840335,164912,5,
858042,178196,5,
846257,145306,5,
858516,151301,5,
851282,153750,5,
905005,164126,5,
857309,139276,5,
845589,192916,5,
895245,150977,5,
863995,150435,5,
862642,159379,5,
861631,169376,5,
858934,162874,5,
912023,160368,5,
842824,177832,5,
824560,133679,5,
842281,175525,5,
860845,155375,5,
841096,188742,5,
821428,153468,5,
840357,169437,5,
827802,189078,5,
844734,164570,5,
847812,114745,5,
887269,166179,5,
830159,134329,5,
850925,157811,5,
847276,121785,5,
870599,149782,5,
780153,136449,-1,
814379,132655,5,
834483,173379,5,
852423,159874,5,
854012,157449,5,
883375,158482,5,
850219,110573,5,
836450,151205,5,
881217,172320,5,
813239,139752,5,
871255,140340,5,
789356,159383,5,
873690,156226,5,
858834,149259,5,
778867,140736,-1,
872057,122354,5,
882097,161493,5,
787336,144875,-1,
849751,167033,5,
843833,170416,5,
850663,157840,5,
812240,177846,5,
838609,140215,5,
850959,157920,5,
859703,156782,5,
854753,190254,5,
895723,126593,5,
857833,170565,5,
850200,164752,5,
845303,150476,5,
877422,134877,5,
850153,155701,5,
819256,201704,5,
871689,155981,5,
818014,140185,5,
815298,167390,5,
864088,171351,5,
902529,162041,5,
908069,146564,5,
799326,106384,-1,
854996,81095,-1,
843813,182032,5,
888504,147016,5,
877964,242679,-1,
851866,156896,5,
821361,175823,5,
810775,160434,5,
843150,156573,5,
844088,150085,5,
830620,117906,5,
835790,127898,5,
819541,117296,-1,
858703,157931,5,
857846,153281,5,
876408,183646,5,
842576,153072,5,
848974,199427,5,
862925,243856,-1,
856561,128799,5,
834171,189042,5,
872516,217570,-1,
869167,105039,5,
819670,183364,5,
846575,159002,5,
895127,152283,5,
830445,186055,5,
792179,148539,-1,
852410,187705,5,
853554,158012,5,
927170,250593,-1,
825605,167750,5,
846731,162515,5,
878170,123364,5,
884966,133900,5,
866987,154415,5,
846284,113820,5,
873474,159567,5,
878258,158631,5,
882306,173836,5,
856924,169071,5,
794260,129843,-1,
851568,114049,5,
868736,179354,5,
925732,210388,-1,
868375,161990,5,
855593,161003,5,
849599,157084,5,
868317,177001,5,
800304,163436,5,
823740,169808,5,
856202,158811,5,
883929,121705,5,
851010,157593,5,
872506,157517,5,
850533,160136,5,
816393,185056,5,
850911,157772,5,
812942,85345,-1,
835581,147664,5,
913298,162009,5,
858172,137586,5,
872781,154295,5,
871597,185239,5,
923120,170161,-1,
837019,215527,5,
835702,176502,5,
837017,154170,5,
859177,143273,5,
866851,129505,5,
855852,134834,5,
924289,171369,-1,
860154,113364,5,
836739,162321,5,
850775,162968,5,
884750,154317,5,
849681,125345,5,
854463,159977,5,
883567,161769,5,
848137,87922,-1,
823676,152154,5,
848135,130674,5,
844400,150812,5,
864494,136669,5,
878157,210496,-1,
851088,157432,5,
786528,104976,-1,
860106,157080,5,
861412,205239,5,
820675,168154,5,
834036,144156,5,
842907,133992,5,
846720,162060,5,
871544,144135,5,
849003,115373,5,
856753,145184,5,
839757,190518,5,
865113,161302,5,
846936,161313,5,
845802,172285,5,
844357,163402,5,
881106,105566,-1,
877835,151890,5,
839445,149778,5,
866560,165110,5,
845798,213118,5,
818668,120458,5,
831446,182864,5,
900955,185733,-1,
836647,167267,5,
874672,104851,5,
849126,121710,5,
889142,154467,5,
855993,225023,-1,
854095,158510,5,
850787,125678,5,
859298,139834,5,
829216,121494,5,
837676,148639,5,
851919,127963,5,
841353,125628,5,
848563,117708,5,
893106,176595,5,
852503,146551,5,
848290,143184,5,
825541,151495,5,
883231,232031,-1,
864667,143614,5,
805089,96540,-1,
854909,149938,5,
847097,176660,5,
910435,171155,5,
878749,188759,5,
871780,158486,5,
841292,155620,5,
846011,160034,5,
855969,193497,5,
860927,110775,5,
808069,134402,5,
848413,183717,5,
791722,162000,5,
852104,134678,5,
806567,140259,5,
847423,161535,5,
867993,162841,5,
828038,149181,5,
849404,170474,5,
841967,150890,5,
850945,161669,5,
888697,143969,5,
813868,188928,5,
864991,159874,5,
881109,152198,5,
811694,188374,5,
900360,153622,5,
885764,151791,5,
814553,164190,5,
895623,178393,5,
829790,205695,5,
865170,173755,5,
850453,155432,5,
864211,216526,-1,
848770,111076,5,
791199,164843,5,
834165,140684,5,
843905,219401,-1,
857328,143692,5,
838146,159541,5,
340693,569371,6,
315965,587160,6,
405652,622938,-1,
359831,554975,6,
349296,557688,6,
289423,559134,6,
408689,562521,-1,
321312,574721,6,
286568,547471,6,
370259,585265,6,
339967,562602,6,
410917,614521,-1,
283570,563726,6,
347197,591316,6,
342064,570045,6,
317331,556086,6,
335792,541310,6,
330455,568758,6,
366794,582584,6,
378697,591764,6,
339981,565418,6,
338342,566864,6,
338474,563350,6,
432052,613723,-1,
340064,550509,6,
334354,578047,6,
296775,572432,6,
353335,592567,6,
334016,562797,6,
328438,532686,6,
365927,571713,6,
343247,564376,6,
325057,581121,6,
330881,579058,6,
378648,579579,6,
339115,566863,6,
333299,597586,6,
367048,553451,6,
345840,561591,6,
366934,581294,6,
358793,547046,6,
393570,579641,6,
304399,545221,6,
353979,578923,6,
337002,589527,6,
327738,559624,6,
334549,579199,6,
297110,556485,6,
327403,548875,6,
413894,564459,-1,
326043,553772,6,
337811,558454,6,
333901,532836,6,
340545,568654,6,
358483,554925,6,
318065,581616,6,
367751,578289,6,
331667,570387,6,
321519,561045,6,
299578,572052,6,
339632,536577,6,
339993,544064,6,
268672,508874,6,
332960,569308,6,
345042,566973,6,
352220,602793,6,
333934,537464,6,
312386,555195,6,
334182,558498,6,
335328,562880,6,
303637,570253,6,
353145,580916,6,
325118,556212,6,
294310,563522,6,
371563,547746,6,
373894,555347,6,
407040,577739,7,
337298,565486,6,
357813,572855,6,
304157,566007,6,
335918,566525,6,
330127,570072,6,
339212,538693,6,
357275,551101,6,
334785,565575,6,
326152,563230,6,
345903,561314,6,
238748,551038,-1,
331175,551842,6,
352520,566829,6,
341675,560197,6,
354746,552404,6,
412500,594675,7,
277027,536847,6,
322209,547247,6,
375619,553791,6,
288068,561932,6,
344770,570309,6,
284031,566654,6,
324442,567881,6,
356246,549756,6,
404420,577532,7,
336829,562228,6,
293591,522132,6,
342963,582232,6,
338860,561151,6,
324055,590810,6,
328331,541094,6,
357737,597104,6,
392534,593343,7,
298665,568245,6,
343376,575709,6,
338863,563107,6,
361370,552483,6,
338935,567577,6,
350117,535859,6,
371000,555062,6,
368617,554066,6,
331795,529654,6,
344237,573700,6,
280110,522025,6,
328657,564864,6,
452457,597461,-1,
333669,542228,6,
320628,564596,6,
316642,553340,6,
340712,563178,6,
349955,535578,6,
261538,525920,-1,
411008,607342,-1,
317136,563479,6,
297022,574097,6,
319927,524637,6,
359772,568428,6,
344791,578536,6,
324093,580491,6,
373907,558472,6,
321905,573147,6,
341721,576427,6,
386373,606623,-1,
338588,543875,6,
341578,558672,6,
371616,570648,6,
331987,568997,6,
341329,565571,6,
334350,556417,6,
330482,571217,6,
338950,572545,6,
289087,565427,6,
343997,585193,6,
225786,529417,-1,
365567,547606,6,
320827,519618,6,
286990,529505,6,
321517,569562,6,
388806,569524,6,
411796,581307,7,
331440,551885,6,
325958,573367,6,
348171,569251,6,
344239,530765,6,
419151,577335,-1,
321309,569996,6,
386377,574187,6,
342099,561508,6,
366688,562413,6,
321657,538660,6,
403004,613466,-1,
363304,553764,6,
384922,582877,6,
304556,568584,6,
336787,538925,6,
327998,571265,6,
303269,531608,6,
313649,523765,6,
337889,558031,6,
360165,553303,6,
340032,561740,6,
338634,564414,6,
351459,565704,6,
412767,593558,7,
283474,532727,6,
336928,557412,6,
366478,594677,6,
343450,570659,6,
331616,565089,6,
354529,573677,6,
276703,559740,6,
282066,560178,6,
331366,567311,6,
321910,573825,6,
290107,571927,6,
281979,518199,6,
374695,563163,6,
340191,567638,6,
338583,563529,6,
358312,559466,6,
338474,564151,6,
338205,566246,6,
342901,582886,6,
265815,540385,-1,
304086,576100,6,
347966,563506,6,
346144,560472,6,
352381,592377,6,
318681,528806,6,
369366,561201,6,
310041,533285,6,
344314,595915,6,
363956,609339,-1,
328586,551385,6,
330767,552963,6,
312558,520650,6,
315850,573154,6,
379388,567285,6,
329905,579935,6,
352209,548608,6,
357679,548036,6,
339288,588052,6,
330335,568221,6,
341559,562163,6,
341925,569393,6,
327695,543105,6,
335999,549795,6,
302359,534317,6,
332586,566187,6,
330750,561657,6,
400380,588221,7,
337910,562252,6,
336549,565597,6,
343717,559909,6,
332116,594868,6,
358384,556361,6,
415881,584352,7,
345164,579614,6,
316395,537403,6,
340970,564831,6,
340383,600071,6,
326627,534442,6,
356865,545785,6,
306298,551902,6,
347575,565576,6,
302583,571881,6,
352424,557574,6,
279008,521035,6,
335029,553213,6,
338753,563384,6,
324032,577807,6,
327973,534972,6,
321924,527106,6,
345495,579864,6,
385091,599401,-1,
361138,551307,6,
332884,533990,6,
269126,508814,6,
350056,566657,6,
374117,546122,6,
350283,559840,6,
335525,567445,6,
350798,535657,6,
289002,520678,6,
324516,522674,6,
364844,571623,6,
351815,574947,6,
275524,559548,6,
348773,583528,6,
308966,523409,6,
316313,570785,6,
341966,561987,6,
341446,538787,6,
318823,565345,6,
347522,587567,6,
293746,544468,6,
334983,572690,6,
325125,564342,6,
330145,546705,6,
336336,563145,6,
302353,545544,6,
321216,569834,6,
285152,520229,6,
335027,565050,6,
332270,556288,6,
341016,545280,6,
339640,561426,6,
338633,563504,6,
324952,565867,6,
353583,554147,6,
385183,556284,6,
292636,520371,6,
289176,571435,6,
310944,559497,6,
336974,563207,6,
337173,557853,6,
396903,591235,7,
324440,567074,6,
333378,557892,6,
300366,565761,6,
344437,529492,6,
325871,558965,6,
367641,556309,6,
344552,554676,6,
297212,546223,6,
355924,577596,6,
331340,524203,6,
292932,558293,6,
306346,523584,6,
341966,586266,6,
282430,560217,6,
326251,549298,6,
335201,585318,6,
351564,573155,6,
322365,530808,6,
405542,600089,7,
296763,528676,6,
221233,538472,-1,
338084,560295,6,
345674,579033,6,
325883,560492,6,
345123,577788,6,
329859,564384,6,
353939,570931,6,
409616,575024,-1,
365058,545456,6,
404782,557913,-1,
368724,598412,6,
344096,575522,6,
182618,346663,8,
171461,348130,8,
186536,330019,8,
177241,292639,8,
248683,383412,-1,
174057,358906,8,
215243,289985,-1,
170688,343596,8,
144502,345417,8,
165689,356983,8,
168443,367928,8,
165158,343946,8,
159711,352701,8,
175781,341039,8,
233480,289069,-1,
189029,366740,8,
168573,350387,8,
170271,306395,8,
192775,350028,8,
152054,345632,8,
139299,314046,8,
202053,322650,8,
134695,350397,8,
159654,381778,8,
188093,324040,8,
183236,338163,8,
156984,430950,-1,
182751,435819,-1,
198908,372797,8,
198517,325721,8,
161345,350804,8,
210497,359835,8,
141993,331189,8,
170788,373545,8,
166449,363036,8,
155479,345893,8,
186380,363938,8,
129332,360811,8,
224225,376975,-1,
165945,345849,8,
223550,323197,8,
122755,434879,-1,
166584,349245,8,
179472,342273,8,
148749,359845,8,
177505,332053,8,
160222,380591,8,
178869,370161,8,
170002,370000,8,
164354,347671,8,
169966,368623,8,
145867,363616,8,
181561,358111,8,
164915,350360,8,
166973,341636,8,
153181,277968,-1,
155505,355581,8,
160835,347784,8,
211265,396792,-1,
203254,362605,8,
137967,354539,8,
174064,357989,8,
179609,408365,-1,
176506,351827,8,
172879,347028,8,
180506,330980,8,
185966,359964,8,
146070,316860,8,
152957,321354,8,
163190,331719,8,
186914,361706,8,
159191,309314,8,
170425,316185,8,
162040,316797,8,
195000,354829,8,
126702,351222,8,
213064,290947,-1,
140612,350010,8,
172885,352621,8,
170155,343568,8,
186806,334070,8,
146072,288800,8,
169293,348686,8,
169502,411323,-1,
152861,407965,-1,
156041,295117,8,
117585,391892,-1,
163981,344090,8,
158664,310765,8,
141113,351050,8,
163796,345091,8,
160369,353500,8,
235671,300234,-1,
140876,334435,8,
108232,373112,-1,
192460,388323,8,
133744,308918,8,
216209,437830,-1,
156945,339397,8,
199859,316334,8,
159496,331641,8,
167845,341409,8,
182435,365508,8,
133795,360518,8,
169628,365003,8,
167262,399527,8,
177728,352687,8,
130683,363204,8,
198197,344933,8,
197735,355477,8,
172020,342883,8,
185561,342784,8,
202011,337353,8,
157394,346500,8,
182050,424341,-1,
129664,341196,8,
173188,355248,8,
182499,310438,8,
170384,339979,8,
182093,321311,8,
185696,338006,8,
102221,374657,-1,
165881,364469,8,
164875,349007,8,
159120,340829,8,
168274,374689,8,
178495,373915,8,
179811,342089,8,
162606,363185,8,
173908,362098,8,
133580,348602,8,
190634,357254,8,
186503,369651,8,
127134,379827,-1,
169145,355279,8,
140121,346875,8,
141860,324304,8,
200251,306215,8,
174373,363552,8,
170022,347877,8,
165657,338722,8,
186361,351075,8,
213022,338238,8,
155228,357729,8,
171614,435530,-1,
175586,365049,8,
187858,381077,8,
171074,293610,8,
153738,360530,8,
199043,270173,-1,
165886,348709,8,
159428,300364,8,
197463,378513,8,
161273,347538,8,
186082,330058,8,
143732,279724,-1,
142899,329415,8,
156977,424622,-1,
174878,362329,8,
148915,338914,8,
187324,377187,8,
175766,380534,8,
185071,362905,8,
158550,354818,8,
174672,345849,8,
169880,343122,8,
109090,326101,-1,
187854,354777,8,
153903,353738,8,
190241,329582,8,
102983,382712,-1,
143117,345163,8,
188985,367645,8,
174834,411644,-1,
144228,344974,8,
146821,297434,8,
171848,343242,8,
94382,320888,-1,
154412,310120,8,
176490,344679,8,
170616,352610,8,
81648,360080,-1,
153607,379395,8,
183970,355973,8,
105444,361358,-1,
158571,361986,8,
177579,319865,8,
198892,322470,8,
216975,296647,-1,
166654,350678,8,
189102,333074,8,
198712,303299,8,
137098,384889,-1,
144306,328086,8,
142455,343512,8,
178319,318244,8,
168886,353913,8,
174656,393278,8,
130805,354417,8,
176433,350561,8,
142252,329183,8,
165476,377389,8,
210102,333312,8,
129453,321221,8,
144705,375936,8,
206687,342276,8,
153583,352282,8,
189499,356601,8,
159392,351000,8,
181463,326571,8,
162975,335389,8,
157691,334886,8,
154167,353183,8,
165607,362883,8,
182239,333302,8,
176982,354631,8,
183516,374212,8,
191099,341570,8,
184570,360446,8,
207804,354938,8,
198493,326704,8,
149269,341445,8,
184798,392233,8,
174438,319075,8,
107124,325984,-1,
76052,360840,-1,
159302,337993,8,
140101,341028,8,
168149,345638,8,
150009,371014,8,
157193,350343,8,
111476,358647,8,
151164,332239,8,
171318,373473,8,
175169,349454,8,
162600,392531,8,
168067,340249,8,
170102,323164,8,
124132,340448,8,
149863,284721,8,
168079,347343,8,
128953,304971,8,
169228,364545,8,
198415,321418,8,
183610,321788,8,
220869,407358,-1,
159472,372246,8,
170837,353968,8,
165653,317602,8,
135537,356169,8,
166973,334724,8,
158750,312102,8,
161448,373412,8,
158713,379013,8,
180493,319750,8,
125715,302114,-1,
194033,340466,8,
158871,312380,8,
161387,343617,8,
169121,347594,8,
167653,352074,8,
125902,318850,8,
217686,296514,-1,
171986,429306,-1,
211360,279794,-1,
157181,346842,8,
188909,341194,8,
140128,325904,8,
117874,389929,-1,
162921,317643,8,
173978,346514,8,
98533,355691,-1,
194956,372256,8,
164847,287064,8,
174410,372064,8,
149092,352682,8,
166323,352927,8,
178515,370287,8,
169337,348605,8,
122986,334382,8,
145282,391482,8,
185919,363092,8,
180519,368284,8,
181227,347052,8,
168284,309036,8,
198251,335402,8,
160922,347681,8,
141861,328909,8,
147911,328024,8,
178264,330827,8,
178235,346006,8,
195151,317753,8,
122360,357480,8,
167330,332452,8,
115363,305575,-1,
185661,404482,-1,
177858,352255,8,
113068,317574,-1,
125675,360158,8,
172842,351663,8,
124724,459999,-1,
169069,348929,8,
185253,344152,8,
155625,262321,-1,
158201,315944,8,
171277,361020,8,
209553,326461,8,
160165,362858,8,
190725,336160,8,
169994,409806,-1,
179463,361279,8,
172662,388185,8,
165284,425978,-1,
160206,303063,8,
155690,368375,8,
124516,325289,8,
179326,321160,8,
165573,305517,8,
155508,372355,8,
166799,318482,8,
161780,324523,8,
168805,351913,8,
206519,355629,8,
163091,350167,8,
176144,353300,8,
179483,359645,8,
213951,352868,8,
164046,346109,8,
169569,346955,8,
225356,318394,-1,
214966,358837,8,
159253,343477,8,
219779,330969,8,
169876,340860,8,
669118,354195,-1,
613682,399434,9,
617399,392653,9,
629247,364078,9,
641070,424917,9,
609532,388425,9,
629369,398359,9,
605911,379990,9,
622550,391601,9,
607905,403460,9,
679465,399014,-1,
608711,373665,9,
623498,399288,9,
601212,370698,9,
574989,407228,9,
563517,391159,9,
687717,379483,-1,
616040,330855,-1,
653024,367312,9,
607440,403119,9,
620240,397022,9,
599215,391457,9,
587478,424878,9,
613921,394043,9,
624328,392133,9,
635887,384511,9,
559877,401053,9,
617755,401065,9,
693265,388552,-1,
559933,403956,9,
655859,416496,9,
625919,402984,9,
595215,391491,9,
617493,379303,9,
598657,442558,9,
601644,436831,9,
617118,374098,9,
591051,389443,9,
617296,386864,9,
616468,394118,9,
630384,376295,9,
558770,390646,9,
637332,414017,9,
556780,409205,9,
577473,384210,9,
650054,432740,9,
595063,328609,-1,
714443,433876,-1,
603566,410391,9,
562356,383175,9,
546166,423311,-1,
626539,394908,9,
663820,416308,9,
710910,464586,-1,
624310,398408,9,
632546,389750,9,
667249,417107,9,
608309,377530,9,
611357,393577,9,
658219,436184,9,
615032,402225,9,
628131,406850,9,
632390,363198,9,
575116,345564,-1,
625784,441883,9,
618893,419740,9,
579564,428498,9,
686324,364237,-1,
586242,396484,9,
623248,399928,9,
609219,362804,9,
537211,376777,-1,
605310,394011,9,
634973,450542,-1,
595411,413706,9,
613037,419086,9,
617444,397675,9,
633304,366062,9,
592620,446156,9,
631633,337973,9,
619637,395224,9,
620330,398630,9,
621964,409409,9,
618446,372298,9,
629789,426313,9,
608687,374928,9,
680646,375662,-1,
591831,438997,9,
550086,442382,-1,
620330,396776,9,
551236,401856,9,
617178,414525,9,
584938,344365,-1,
622636,456843,9,
649987,408293,9,
613719,382828,9,
576987,392508,9,
599766,409755,9,
584077,398498,9,
695514,321521,-1,
561388,355834,-1,
691600,397893,-1,
610676,449688,9,
600114,413216,9,
626811,372435,9,
636291,360636,9,
570384,393553,9,
626700,401688,9,
624106,398619,9,
523329,404632,-1,
611954,360938,9,
613536,395801,9,
576488,397913,9,
652745,406585,9,
603193,371867,9,
610026,444858,9,
629725,405117,9,
648429,422590,9,
562772,382904,9,
638823,411764,9,
617764,397102,9,
579922,379009,9,
610698,396326,9,
642607,374702,9,
621629,397208,9,
659321,404555,9,
576235,462612,-1,
598628,425191,9,
623502,420376,9,
665965,449273,-1,
608923,385575,9,
611579,407670,9,
617573,386848,9,
589862,418742,9,
653325,396810,9,
605073,372055,9,
623137,408209,9,
499262,398424,-1,
619339,401624,9,
619295,397643,9,
578878,420108,9,
533577,355107,-1,
615934,426539,9,
690195,475150,-1,
673514,390760,9,
657120,386782,9,
549945,372313,-1,
675858,410545,9,
626586,415166,9,
618449,404599,9,
638783,399478,9,
578113,395458,9,
622557,361134,9,
635324,420555,9,
666135,430421,9,
689725,465685,-1,
593601,445149,9,
615094,383077,9,
624599,417673,9,
573969,434110,9,
642881,403147,9,
634383,422065,9,
582389,428200,9,
617330,369828,9,
621989,394856,9,
651828,468138,-1,
612936,398723,9,
613351,407952,9,
562777,437516,9,
533212,366954,-1,
618113,400002,9,
609344,448128,9,
615342,413931,9,
623989,368662,9,
620187,400168,9,
687638,439257,-1,
573925,449341,9,
547270,403384,9,
619318,361696,9,
588432,446279,9,
592924,393730,9,
615325,383841,9,
611875,422910,9,
681941,370225,-1,
620818,396967,9,
662154,385013,9,
554938,347875,-1,
628655,321099,-1,
619628,399433,9,
660333,393215,9,
618391,348381,9,
565829,395454,9,
617689,397001,9,
604554,393193,9,
572417,403906,9,
659193,384523,9,
632060,367800,9,
633894,404424,9,
620610,395343,9,
615175,397627,9,
624293,333944,9,
593689,316888,-1,
617319,374666,9,
572244,349463,-1,
619239,400025,9,
621622,390298,9,
622101,371771,9,
630205,338054,9,
654147,407182,9,
637594,420311,9,
629004,392271,9,
585207,336451,-1,
618349,397614,9,
650157,402991,9,
638966,486628,-1,
655201,411873,9,
602335,433298,9,
630706,388370,9,
617428,397343,9,
621537,390372,9,
631365,450732,-1,
618406,404239,9,
601390,453925,9,
603945,361794,9,
619427,396945,9,
660103,414557,9,
700340,335010,-1,
608182,416637,9,
661166,404325,9,
620939,385731,9,
626371,349696,9,
614683,367259,9,
619332,401992,9,
587453,401098,9,
652349,321291,-1,
617954,395504,9,
636807,424537,9,
533889,333741,-1,
623386,387031,9,
632952,385722,9,
695010,449565,-1,
626843,367696,9,
488205,420586,-1,
611547,411952,9,
621241,368090,9,
581240,362971,-1,
608747,363132,9,
662177,420431,9,
615665,405490,9,
617447,366176,9,
560393,389490,9,
685785,409913,-1,
623433,400160,9,
609091,437020,9,
624343,403629,9,
668879,388617,9,
567105,437623,9,
657450,365008,9,
591955,378142,9,
588952,437524,9,
607665,447516,9,
608601,418450,9,
662830,420955,9,
605891,428146,9,
615239,317684,-1,
588933,366439,9,
618053,357534,9,
577773,434308,9,
606558,458285,9,
620955,389692,9,
738190,371970,-1,
634661,446187,9,
571692,449353,-1,
605650,447537,9,
639502,371440,9,
684568,380640,-1,
658735,399039,9,
618157,384990,9,
618869,398187,9,
603388,403039,9,
585255,415823,9,
639507,438534,9,
594112,399331,9,
619475,400592,9,
571570,375257,9,
659297,373975,-1,
603285,449307,9,
610199,394579,9,
590500,418472,9,
630904,404643,9,
591725,406549,9,
621560,397789,9,
563182,367521,-1,
593879,444161,9,
616054,371666,9,
627679,395601,9,
608195,447380,9,
616737,397973,9,
650120,324477,-1,
616926,398697,9,
650859,460072,-1,
642157,345545,9,
601369,411415,9,
604703,392288,9,
721905,378957,-1,
619415,397644,9,
571043,347389,-1,
659191,459637,-1,
629978,400626,9,
688487,383589,-1,
598053,438963,9,
635242,356290,9,
605899,412428,9,
656642,407213,9,
619924,406713,9,
630067,372798,9,
600007,377908,9,
589164,386733,9,
630491,379017,9,
618676,377015,9,
639613,388524,9,
669409,415893,9,
681608,436537,-1,
649968,371445,9,
629000,417990,9,
658884,390135,9,
605407,427914,9,
629891,414975,9,
621778,364695,9,
610722,418243,9,
601599,388540,9,
615649,429323,9,
627206,402647,9,
643965,366316,9,
614877,402442,9,
606486,420054,9,
668482,358452,-1,
628715,434772,9,
196462,887983,-1,
335970,846828,-1,
272394,837600,10,
211165,825505,10,
226433,837646,10,
219686,859997,10,
242087,844255,10,
213558,873714,10,
245144,845719,10,
247997,878582,10,
283576,809069,10,
224676,859348,10,
298214,820903,10,
245468,859425,10,
222704,824909,10,
250921,819639,10,
249209,801933,10,
230591,874855,10,
234091,876039,10,
286769,862152,10,
224789,866804,10,
245023,849247,10,
263626,851699,10,
250198,825417,10,
231263,863308,10,
307605,840195,10,
276635,875623,10,
230399,842538,10,
274070,798617,10,
247939,831010,10,
209922,850026,10,
300726,862728,10,
222727,770963,-1,
239505,885057,10,
291561,845450,10,
221122,832810,10,
194258,914691,-1,
228928,855040,10,
264627,808661,10,
225916,843329,10,
240221,843932,10,
276600,823311,10,
204854,810013,10,
278326,829095,10,
246047,846189,10,
251032,876118,10,
285258,848668,10,
260943,889692,10,
245928,867228,10,
221002,870506,10,
292872,896822,-1,
261896,897475,10,
269723,849664,10,
243941,843256,10,
249370,872804,10,
237120,856814,10,
257472,849587,10,
253703,834676,10,
238080,830689,10,
225991,869734,10,
231781,799444,10,
296892,901182,-1,
234604,822462,10,
241473,860854,10,
219864,842635,10,
235901,856563,10,
207217,878249,10,
256949,820470,10,
204597,863162,10,
325275,866433,-1,
239344,814789,10,
187894,871219,10,
259973,862559,10,
189752,865463,10,
245707,844466,10,
188480,870646,10,
305915,854818,10,
242443,851797,10,
227138,824372,10,
229970,878786,10,
281971,825246,10,
241166,845204,10,
225846,874086,10,
284077,905181,-1,
258975,837353,10,
241972,840749,10,
245602,857160,10,
227363,836593,10,
257926,936947,-1,
237689,839510,10,
267799,847911,10,
207552,772091,-1,
201567,881003,10,
265125,820661,10,
273165,852766,10,
290210,818593,10,
256487,868899,10,
271395,862063,10,
251958,886571,10,
249253,856047,10,
268289,878265,10,
295375,861990,10,
256316,818886,10,
246470,842932,10,
314666,849163,10,
298979,774144,-1,
192885,887667,-1,
227819,900986,10,
250003,859517,10,
249857,844975,10,
218369,851387,10,
252586,806474,10,
283017,850861,10,
228095,843338,10,
266980,825990,10,
241381,844402,10,
294053,878220,-1,
253339,750941,-1,
241413,845029,10,
294326,807584,-1,
257856,846423,10,
248210,886338,10,
216846,737568,-1,
244743,830888,10,
277055,860813,10,
279923,805957,10,
235041,823732,10,
238524,842928,10,
246453,883061,10,
260590,827955,10,
274554,845338,10,
245254,907991,-1,
299821,866288,10,
261120,804153,10,
246729,879602,10,
240308,844341,10,
220620,819091,10,
268926,813783,10,
234219,845270,10,
188424,849785,10,
240171,843940,10,
163766,859386,-1,
191257,802651,-1,
224852,934148,-1,
261093,844962,10,
228711,848090,10,
183478,851724,-1,
201080,823689,10,
118590,857150,-1,
264798,767716,-1,
313609,860065,-1,
232246,844226,10,
237757,834092,10,
222682,806314,10,
243331,844022,10,
197362,870337,10,
229857,843917,10,
244257,776516,-1,
224083,852922,10,
309399,838744,10,
271205,817620,10,
242247,864253,10,
235337,831592,10,
232357,810798,10,
252199,828023,10,
267049,950249,-1,
245678,821691,10,
241138,844374,10,
246182,840370,10,
264175,824349,10,
266977,887963,10,
274685,883097,10,
244260,847060,10,
256073,917590,-1,
258416,835432,10,
241687,844256,10,
282603,846165,10,
228032,893055,10,
226949,889283,10,
264274,813041,10,
139601,914203,-1,
229131,842806,10,
236274,861302,10,
261819,863523,10,
200005,825237,10,
310591,841778,10,
244049,817710,10,
235022,911236,-1,
256512,837094,10,
236495,861569,10,
256889,880721,10,
258528,856273,10,
233284,860085,10,
257480,849037,10,
269354,811847,10,
222445,891438,10,
222356,840843,10,
236207,886769,10,
174371,864697,-1,
159683,838958,-1,
237750,837381,10,
241545,838673,10,
256082,831969,10,
246468,838071,10,
205919,844377,10,
266111,813259,10,
244246,847589,10,
244899,812192,10,
219316,898830,10,
251866,864044,10,
238308,790723,10,
209264,836661,10,
242519,845811,10,
351883,890475,-1,
278929,842054,10,
244027,850132,10,
248570,843156,10,
224681,858432,10,
210276,824826,10,
220884,916718,-1,
240846,841609,10,
257093,801567,10,
236749,813868,10,
332237,911313,-1,
288954,846991,10,
238084,844799,10,
236431,844100,10,
299772,828655,10,
241633,846949,10,
230107,858332,10,
256216,903741,10,
258135,880184,10,
232331,872896,10,
183583,787453,-1,
264293,890923,10,
213208,833959,10,
224288,931476,-1,
261622,869706,10,
297183,841456,10,
241849,815141,10,
308616,811021,-1,
220931,876605,10,
289719,866638,10,
233931,838374,10,
224694,848663,10,
240645,855514,10,
229567,855332,10,
247613,815836,10,
239387,847822,10,
257788,880587,10,
245532,846331,10,
224241,828996,10,
227582,856861,10,
244618,845420,10,
213775,841758,10,
243511,830743,10,
244799,841688,10,
216061,848623,10,
294492,832336,10,
248931,844960,10,
267478,894783,10,
228715,837572,10,
269483,848608,10,
248276,844455,10,
236987,881080,10,
223732,826580,10,
230149,886583,10,
265299,859533,10,
181803,799487,-1,
247210,859012,10,
261633,773355,-1,
262370,891499,10,
250394,847577,10,
222019,839774,10,
238328,770068,-1,
208941,860169,10,
238714,858826,10,
241005,825301,10,
270742,847836,10,
238492,833394,10,
312726,853829,10,
286663,846902,10,
261796,819395,10,
253890,807676,10,
242415,844335,10,
134134,842630,-1,
163956,833732,-1,
250359,849451,10,
295357,842293,10,
218942,848326,10,
205466,778884,-1,
253899,862843,10,
244966,841126,10,
208494,850615,10,
221126,837878,10,
271093,861412,10,
216543,842952,10,
255185,825960,10,
251070,877802,10,
264565,859237,10,
228611,836717,10,
228517,837056,10,
198583,860431,10,
215976,836025,10,
254411,848090,10,
168036,807011,-1,
292194,906490,-1,
243951,865415,10,
260922,785987,-1,
245740,814541,10,
317675,838127,10,
274505,864723,10,
230049,865536,10,
235084,818866,10,
172690,847721,-1,
221706,875060,10,
236740,853169,10,
298800,824277,10,
265246,889333,10,
219498,851932,10,
247484,846372,10,
288675,919879,-1,
229280,813483,10,
282622,879222,10,
307300,836132,10,
238260,882489,10,
219049,825171,10,
219321,848396,10,
240028,849354,10,
212009,864463,10,
246857,852483,10,
245118,811283,10,
247855,794626,10,
253655,821946,10,
241475,850889,10,
210162,860529,10,
204922,854068,10,
225567,853078,10,
245258,799882,10,
257134,845851,10,
187314,815820,-1,
294275,174786,11,
329428,66056,-1,
325938,164475,11,
253129,154296,-1,
319838,170383,11,
240213,118409,-1,
283784,178305,11,
376613,159699,11,
338717,181582,11,
304283,183656,11,
314519,146787,11,
270899,175377,11,
291228,101272,12,
291170,110147,12,
321522,163852,11,
202627,179376,-1,
307913,91419,-1,
311093,169734,11,
321775,164846,11,
294832,124284,11,
295537,91032,-1,
383044,180418,-1,
338570,192256,11,
337894,175289,11,
359796,165920,11,
316263,163806,11,
320972,170417,11,
277860,111893,12,
367806,123963,-1,
359352,162962,11,
350964,149159,11,
332201,181702,11,
287966,150135,11,
346942,152780,11,
232784,169847,-1,
292492,99170,12,
334529,166765,11,
363208,238649,-1,
196795,190277,-1,
353333,113156,-1,
373191,88470,-1,
333789,151168,11,
339732,163158,11,
321822,187102,11,
276792,141848,-1,
308044,164482,11,
311328,159477,11,
383052,89061,-1,
316820,150304,11,
314479,178821,11,
310824,144943,11,
333143,200298,11,
300672,175844,11,
339482,151261,11,
319208,164182,11,
321645,164662,11,
308763,166511,11,
308066,145825,11,
360143,155270,11,
348893,195430,11,
319283,158983,11,
332284,194186,11,
292402,184441,11,
361227,221878,11,
313573,109221,11,
310693,154278,11,
344482,215846,11,
358652,186358,11,
330533,214555,11,
320400,160020,11,
267662,127175,-1,
396583,82842,-1,
292193,125417,11,
324121,96346,-1,
321344,166633,11,
234837,151054,-1,
368060,76739,-1,
347050,150472,11,
245783,109229,-1,
400550,144359,-1,
343217,153037,11,
315488,160339,11,
347406,155708,11,
336845,172750,11,
357014,148222,11,
331862,169092,11,
322140,165212,11,
363075,162238,11,
318738,182134,11,
346717,178180,11,
311819,140674,11,
332032,157725,11,
301983,173386,11,
321556,163352,11,
315830,102777,-1,
312275,145173,11,
325861,203058,11,
360703,150999,11,
345976,148333,11,
320210,191459,11,
318665,158107,11,
425563,163524,-1,
264427,188193,11,
348177,179526,11,
265430,151883,-1,
320718,158610,11,
380609,185976,-1,
345234,188822,11,
362027,150348,11,
300294,178772,11,
315963,174031,11,
333787,189423,11,
337343,156614,11,
334812,137431,11,
347492,153416,11,
324518,167369,11,
353991,193997,11,
274321,219665,-1,
335476,183897,11,
300021,159185,11,
384591,137729,-1,
320000,162605,11,
268938,211870,-1,
366146,196571,11,
356280,185198,11,
325767,164095,11,
350480,214608,11,
314791,163370,11,
302582,134124,11,
328851,147002,11,
347039,195468,11,
289531,145743,11,
343018,239960,-1,
271123,163465,11,
326959,154655,11,
332307,189590,11,
310529,141617,11,
380281,205779,-1,
411606,137378,-1,
348191,165419,11,
305292,175260,11,
256120,141529,-1,
390934,170420,-1,
358562,112650,-1,
355499,224982,11,
363437,77975,-1,
232043,177614,-1,
246753,175170,-1,
327204,152871,11,
371685,151612,11,
291723,177824,11,
324488,180658,11,
340048,131847,11,
295311,115000,11,
239495,163949,-1,
267521,119941,-1,
401396,125431,-1,
260930,184935,11,
336085,170252,11,
291782,159562,11,
307616,207295,-1,
352910,145624,11,
294653,104623,12,
372883,222824,-1,
318707,160697,11,
281548,175184,11,
307747,128551,11,
336991,217448,11,
270233,195701,11,
433100,134861,-1,
311433,134432,11,
375353,117180,-1,
315146,160782,11,
311163,166821,11,
305333,171939,11,
332470,161202,11,
302266,185591,11,
370775,144355,11,
314552,151035,11,
343145,172236,11,
331212,162496,11,
299460,144708,11,
383894,179880,-1,
345703,149860,11,
331381,162660,11,
344364,213940,11,
378347,144880,11,
322789,137560,11,
328425,159826,11,
341137,78287,-1,
317771,154916,11,
336266,148507,11,
342066,119083,-1,
297177,88467,-1,
280519,165350,11,
305901,166656,11,
284757,175853,11,
281732,221764,-1,
321262,178491,11,
344710,213543,11,
311408,168232,11,
356500,188114,11,
304376,222294,-1,
278116,185472,11,
247892,115217,-1,
306326,164202,11,
311516,94189,-1,
323747,163351,11,
321778,158339,11,
309501,166931,11,
333942,143344,11,
339393,209145,11,
340996,170964,11,
315333,144566,11,
332853,168141,11,
290958,168323,11,
297731,175876,11,
280274,182662,11,
306540,193434,11,
319155,159850,11,
355168,114823,-1,
270201,236813,-1,
347630,120931,-1,
446538,180119,14,
371052,147369,11,
403365,215735,-1,
258201,153095,-1,
335121,214149,11,
283786,133973,-1,
353951,133923,11,
345069,165968,11,
367079,183232,11,
363932,228249,-1,
354132,161850,11,
390538,157197,-1,
333805,148479,11,
325344,159885,11,
323905,168029,11,
274495,182470,11,
309684,150076,11,
381617,157000,11,
322841,169735,11,
359520,132845,11,
249616,144446,-1,
321620,169950,11,
415495,116126,-1,
335742,196692,11,
271424,251323,-1,
340066,152500,11,
327734,163585,11,
346079,220993,11,
276741,143844,-1,
377042,182019,-1,
400055,131725,-1,
332246,172932,11,
310386,171068,11,
327569,158418,11,
324444,166910,11,
317217,163896,11,
270404,183080,11,
277512,151920,11,
324966,170021,11,
306421,145493,11,
382419,110392,-1,
318266,171979,11,
321245,141627,11,
318192,170844,11,
320821,165455,11,
329029,204399,11,
311065,219934,-1,
287127,192494,11,
283571,109326,12,
308748,199866,11,
369490,164369,11,
270729,67329,-1,
279010,181792,11,
282957,179982,11,
308489,145929,11,
327927,168535,11,
327022,161396,11,
376557,109320,-1,
248427,146381,-1,
321182,150806,11,
312337,154488,11,
268518,181514,11,
285865,167818,11,
279251,184486,11,
306042,66361,-1,
318215,180010,11,
293978,197091,11,
338044,233264,11,
293864,241877,-1,
344380,183817,11,
316257,171544,11,
248779,111087,-1,
313783,177198,11,
415534,110526,-1,
296164,96874,12,
315670,160928,11,
339137,160334,11,
290700,196285,11,
307107,174760,11,
325279,168587,11,
328423,161604,11,
333883,276840,-1,
308555,134011,11,
322101,164171,11,
306357,123397,11,
292931,125341,11,
284378,223470,-1,
335003,151395,11,
267212,158699,11,
343851,193618,11,
296627,93375,-1,
334980,143900,11,
335235,180161,11,
360945,167952,11,
257841,193878,11,
275288,212315,-1,
331798,143962,11,
333937,51121,-1,
328775,156501,11,
319829,168353,11,
293201,192871,11,
327608,177638,11,
332562,174699,11,
348815,150017,11,
312227,159417,11,
324337,162686,11,
323329,93955,-1,
291973,127483,11,
258779,106777,-1,
325360,134919,11,
267264,153034,-1,
312421,170617,11,
293350,175997,11,
275459,190178,11,
244344,185382,-1,
252845,181181,11,
357923,192120,11,
382720,263255,-1,
326040,156509,11,
165104,543395,13,
139903,592241,13,
132705,557674,13,
114311,601605,13,
102460,533057,13,
185935,554627,13,
123441,594415,13,
97216,564094,13,
110948,539533,13,
101553,517715,13,
133023,574572,13,
144570,573936,13,
136531,557658,13,
173576,507309,-1,
179189,536028,13,
141238,557986,13,
156430,615117,-1,
69169,631490,-1,
31842,565765,-1,
144620,575370,13,
155899,561715,13,
137451,555339,13,
68388,574380,-1,
166290,521714,13,
210499,526471,-1,
148319,584541,13,
135336,552552,13,
136606,562296,13,
136301,569544,13,
119386,620549,13,
139212,557713,13,
84501,604671,13,
176602,574552,13,
105945,528795,13,
140989,537156,13,
138449,555969,13,
128669,574591,13,
95749,602775,13,
139460,557260,13,
130440,562623,13,
147885,527813,13,
58190,608304,-1,
151701,574146,13,
148385,538149,13,
142668,544976,13,
145251,553486,13,
142265,546135,13,
202913,525966,13,
192564,547558,13,
179240,577011,13,
182840,584262,13,
144242,557674,13,
135849,550612,13,
101427,615890,13,
143265,548387,13,
112379,547679,13,
137347,622867,-1,
139146,569516,13,
125756,579609,13,
77109,512651,-1,
138073,556272,13,
202547,601240,-1,
19835,570290,-1,
118137,579149,13,
201324,574588,-1,
113259,568684,13,
139052,610320,13,
177246,571940,13,
107972,601191,13,
138199,541774,13,
220156,589643,-1,
137787,566189,13,
138122,557230,13,
93136,613387,13,
154620,576738,13,
131523,568207,13,
136967,565662,13,
142886,556511,13,
125005,540340,13,
138965,558201,13,
139474,569485,13,
171471,576787,13,
157138,565993,13,
198294,552987,13,
136078,547418,13,
140164,531093,13,
156003,502860,13,
67867,545392,-1,
133780,533275,13,
116142,550919,13,
148510,579793,13,
179224,584189,13,
149906,546909,13,
29760,557873,-1,
115287,602637,13,
206561,574789,-1,
108651,521409,13,
115905,560139,13,
127373,549518,13,
141699,530028,13,
141641,557376,13,
111855,531542,13,
136580,553967,13,
137516,556818,13,
179793,483378,-1,
105568,584102,13,
125840,520239,13,
117212,565692,13,
140717,554093,13,
139033,593287,13,
172882,571145,13,
104862,608089,13,
158366,537970,13,
138525,534268,13,
69565,599820,-1,
94571,528963,13,
153185,562792,13,
147599,513563,13,
223226,546198,-1,
143879,536650,13,
151099,518008,13,
109317,531425,13,
127202,525948,13,
137740,618961,13,
138734,557713,13,
109912,565003,13,
158060,525533,13,
260096,530550,-1,
134449,557556,13,
121650,599844,13,
188992,563992,13,
207218,589497,-1,
179830,547383,13,
152331,529689,13,
112184,530469,13,
166904,503121,-1,
183026,545377,13,
152658,569277,13,
172116,513383,-1,
95899,530846,13,
144325,538991,13,
166597,572855,13,
105193,596017,13,
166840,562425,13,
117089,561455,13,
141718,549576,13,
117959,536156,13,
125351,529954,13,
140706,547367,13,
138012,558263,13,
135284,555664,13,
142663,556520,13,
112673,516997,13,
137657,611252,13,
119237,591137,13,
186380,487625,-1,
113099,546732,13,
176278,550602,13,
158773,588778,13,
140962,518168,13,
144856,551807,13,
155943,576199,13,
152584,564548,13,
165356,570715,13,
127858,609681,13,
257984,555707,-1,
149758,564768,13,
129550,560106,13,
159271,568953,13,
151374,538387,13,
129030,588495,13,
155430,549012,13,
172756,612694,-1,
93459,514032,13,
99569,523174,13,
148080,544056,13,
169322,577938,13,
173847,514665,-1,
136418,562926,13,
140047,540043,13,
74519,527539,-1,
146681,562995,13,
110877,562558,13,
95071,503965,13,
136232,576477,13,
146120,576624,13,
259173,548593,-1,
107965,535173,13,
103153,601002,13,
158283,570550,13,
206219,604081,-1,
116492,509399,13,
97430,598804,13,
193275,538687,13,
116860,550810,13,
179834,541387,13,
143226,522375,13,
111174,539350,13,
94933,588147,13,
139434,557410,13,
131532,536658,13,
38179,532155,-1,
113321,606322,13,
123905,508486,13,
201753,569116,-1,
206660,575002,-1,
138884,529162,13,
139636,565984,13,
110479,594587,13,
76253,529394,-1,
160280,493497,-1,
161475,587507,13,
149054,556986,13,
223408,520131,-1,
158596,562634,13,
141991,539522,13,
137172,523482,13,
161154,538355,13,
130157,581286,13,
142000,554964,13,
86243,559135,-1,
130883,557824,13,
127964,538935,13,
122130,568886,13,
210597,589836,-1,
139847,552015,13,
147664,559632,13,
167716,562762,13,
130657,555545,13,
165382,518876,13,
221994,575146,-1,
87236,607429,13,
154268,542573,13,
197367,535989,13,
133094,557996,13,
155274,552551,13,
139911,561185,13,
146924,565933,13,
146183,622188,-1,
176092,531921,13,
184402,546549,13,
139641,557503,13,
170816,547069,13,
156474,570384,13,
146678,558942,13,
136569,532130,13,
162124,500069,-1,
127503,623654,13,
182854,534283,13,
141222,572556,13,
177665,557923,13,
201907,516078,-1,
130249,579307,13,
166560,559687,13,
138220,560056,13,
134725,537440,13,
127940,590467,13,
143592,606949,13,
64979,538104,-1,
94061,576129,13,
79285,554817,-1,
103192,550021,13,
198823,538624,13,
145758,562414,13,
211584,591058,-1,
139451,549580,13,
220224,592068,-1,
150404,539885,13,
142767,538646,13,
143912,595772,13,
184412,537050,13,
55359,623076,-1,
137197,556522,13,
138461,558771,13,
80673,566893,-1,
203667,577260,-1,
94249,600812,13,
145244,561042,13,
94458,533883,13,
130201,562734,13,
98675,580608,13,
134422,544300,13,
141771,551655,13,
141924,558399,13,
137316,562151,13,
143363,551365,13,
197849,575524,-1,
134261,519275,13,
129997,568115,13,
170494,560892,13,
164453,544085,13,
128788,546091,13,
88703,577217,13,
131109,568012,13,
95074,570002,13,
232047,522748,-1,
125548,552424,13,
142563,560090,13,
118391,553625,13,
132497,593125,13,
162713,586568,13,
122296,566921,13,
56907,586609,-1,
48143,523870,-1,
104489,542515,13,
130582,565948,13,
180633,570302,13,
241485,523039,-1,
178005,594957,-1,
211266,534538,-1,
137680,555667,13,
144401,565666,13,
101722,535117,13,
115781,594942,13,
107160,530936,13,
139978,587153,13,
179931,536588,13,
105353,589239,13,
119496,543146,13,
142575,517378,13,
76661,531044,-1,
137699,556769,13,
154964,554923,13,
142516,559062,13,
98525,579761,13,
163925,576666,13,
153326,558408,13,
262846,559590,6,
102898,592834,13,
138349,554238,13,
193502,557364,13,
202175,495076,-1,
154162,536416,13,
77875,516899,-1,
163477,561507,13,
131874,552586,13,
120357,560737,13,
119535,551857,13,
114108,540537,13,
136059,558213,13,
121786,564225,13,
233105,591646,-1,
149760,577278,13,
139237,548782,13,
34795,606311,-1,
147663,555514,13,
108512,525986,13,
509279,180548,14,
495165,163113,14,
474652,193224,14,
507786,199578,14,
566666,195255,-1,
506012,178372,14,
541435,206637,14,
507311,177795,14,
461701,188438,14,
506069,169723,14,
477155,161019,14,
505044,180646,14,
467697,168082,14,
511868,170991,14,
500225,177559,14,
460616,174810,14,
573755,218049,14,
543616,144788,14,
509804,175714,14,
542311,161882,14,
475944,189337,14,
517750,199025,14,
520952,169184,14,
559076,190770,14,
416763,96639,-1,
549384,208450,14,
549147,171454,14,
520880,200955,14,
484348,202813,14,
487472,166999,14,
504728,174541,14,
465734,114090,-1,
570266,188032,-1,
505584,176135,14,
514739,189624,14,
500589,181466,14,
504096,192493,14,
553118,165472,14,
502511,205121,14,
551798,221411,14,
502737,174437,14,
513181,177419,14,
513010,141058,14,
535564,177248,14,
514551,176526,14,
450030,169537,14,
521152,152439,14,
505512,203857,14,
509928,184873,14,
490271,216725,14,
529931,180136,14,
508228,220433,14,
534461,178056,14,
508551,174306,14,
545365,210090,14,
510414,142485,14,
507895,177445,14,
506288,177990,14,
512560,224816,14,
454160,102568,-1,
437116,148591,-1,
519003,160741,14,
509173,178051,14,
507674,147431,14,
513562,229098,14,
473361,185066,14,
517580,170329,14,
509285,174620,14,
510496,174308,14,
438860,114065,-1,
534702,244239,-1,
504755,150226,14,
474135,199330,14,
508907,173787,14,
509651,149290,14,
490956,124550,-1,
499637,194036,14,
515856,148316,14,
482568,159010,14,
522728,184704,14,
493070,189771,14,
483807,198925,14,
469656,153741,14,
470041,102049,-1,
576965,187481,-1,
515230,149567,14,
469470,189347,14,
484678,123623,-1,
509554,186931,14,
480787,147737,14,
523036,123677,14,
508144,167733,14,
515450,173220,14,
489378,172861,14,
497406,125809,14,
514173,139330,14,
520809,176718,14,
499009,205823,14,
509773,148899,14,
505117,141877,14,
494698,176711,14,
501334,163002,14,
502500,176532,14,
546565,151576,14,
520878,209094,14,
486891,175164,14,
512241,169240,14,
569692,182365,-1,
491382,122267,-1,
457033,127590,-1,
535453,200970,14,
436641,55171,-1,
520845,176291,14,
496130,178113,14,
507473,227670,14,
507092,175151,14,
493714,173387,14,
528826,154067,14,
509951,176794,14,
505400,160422,14,
473316,162622,14,
489504,146224,14,
516888,152451,14,
505128,175022,14,
520819,181586,14,
506812,167031,14,
495032,203929,14,
508789,174256,14,
502302,210265,14,
511106,122518,14,
486997,164803,14,
535787,199735,14,
540364,163758,14,
496006,191010,14,
497454,172375,14,
488330,173837,14,
547076,156969,14,
509956,141698,14,
516084,178725,14,
535034,172649,14,
529858,213114,14,
496384,166644,14,
519201,139101,14,
575022,213534,14,
469404,181944,14,
464672,193513,14,
491609,180519,14,
470314,178936,14,
481067,172555,14,
508797,176269,14,
491145,206344,14,
485361,169229,14,
474527,107596,-1,
499643,171625,14,
514722,190943,14,
474641,81263,-1,
495995,160032,14,
516963,174184,14,
521006,163218,14,
434581,123267,-1,
514876,182995,14,
501416,172980,14,
513991,165072,14,
512900,219252,14,
510739,121103,-1,
509522,174376,14,
507862,172954,14,
512716,181316,14,
483423,111797,-1,
505603,147517,14,
482628,171320,14,
541790,172616,14,
473649,178184,14,
520763,250478,-1,
494000,189403,14,
533931,173291,14,
485110,150541,14,
528679,199079,14,
545699,174099,14,
517495,186329,14,
520461,173217,14,
456821,105575,-1,
495388,156422,14,
514934,219169,14,
508989,168995,14,
500474,169746,14,
504511,149234,14,
467144,147308,14,
512733,174091,14,
452791,156805,-1,
488800,197919,14,
593887,210595,-1,
561725,168220,14,
528011,201615,14,
514428,222503,14,
512051,145220,14,
472054,129986,-1,
507959,166780,14,
518068,137556,14,
561110,219865,14,
563315,215613,14,
523779,163905,14,
490037,164357,14,
519421,154681,14,
504373,165819,14,
513957,139202,14,
486422,178919,14,
533351,147778,14,
511030,221292,14,
496069,102201,-1,
496491,171534,14,
497254,171940,14,
518892,165875,14,
481083,151953,14,
507741,178883,14,
486224,196184,14,
509039,173839,14,
462658,75167,-1,
519680,208378,14,
499676,196897,14,
480876,160465,14,
521032,177084,14,
486034,196122,14,
505225,158750,14,
485968,123023,-1,
478442,125560,-1,
502355,164119,14,
502915,183059,14,
497211,174121,14,
537174,194410,14,
505293,194591,14,
491442,116195,-1,
473202,140745,14,
505079,219082,14,
541455,223176,14,
528938,174372,14,
528094,178343,14,
520759,184923,14,
538994,179328,14,
507832,181513,14,
493897,189627,14,
514408,173338,14,
514391,156592,14,
513362,223841,14,
443618,157237,-1,
477746,163845,14,
480571,204150,14,
486326,174643,14,
505384,174535,14,
541220,177840,14,
522869,176818,14,
497255,188783,14,
545240,221008,14,
512291,169608,14,
576158,210283,14,
508099,175066,14,
545455,182232,14,
537836,177165,14,
508597,173640,14,
507445,193647,14,
524397,239456,14,
527753,213985,14,
528766,239937,-1,
481356,162127,14,
541498,192746,14,
506142,170513,14,
494574,198972,14,
477901,173288,14,
509223,177592,14,
532010,176195,14,
541006,175198,14,
490355,153464,14,
566524,179796,-1,
550216,184337,14,
516085,195504,14,
523796,219588,14,
511118,175212,14,
445043,152257,-1,
497582,190801,14,
514622,206979,14,
479631,178459,14,
496476,140337,14,
498389,178069,14,
506361,225237,14,
519396,177174,14,
529409,157228,14,
501111,157402,14,
514219,167014,14,
558307,203307,14,
545957,196749,14,
508080,175697,14,
589900,217899,-1,
509383,167302,14,
474516,189144,14,
498730,183037,14,
473093,188791,14,
471328,176297,14,
510901,175806,14,
559809,162597,14,
499272,168413,14,
514981,172608,14,
511289,183247,14,
455460,153040,14,
519962,175210,14,
532549,172894,14,
516128,178722,14,
519113,194925,14,
502877,192740,14,
520782,134308,14,
574369,207483,14,
515494,188459,14,
486870,146947,14,
484395,107291,-1,
504243,237336,14,
483776,213021,14,
536623,213083,14,
544539,180391,14,
502002,166223,14,
500801,185558,14,
525670,184762,14,
481841,209337,14,
494317,170837,14,
521153,242968,14,
473933,191767,14,
524502,248106,-1,
487952,168607,14,
460133,173081,14,
453261,148432,-1,
491792,214464,14,
497815,165151,14,
515348,184750,14,
598908,254032,-1,
558478,213316,14,
538228,168834,14,
464634,173867,14,
518675,175686,14,
533566,214619,14,
540196,180312,14,
500360,213540,14,
517882,175467,14,
549642,157506,14,
511368,173673,14,
506815,173387,14,
500192,192292,14,
533775,163036,14,
511484,160453,14,
489062,200329,14,
537514,179689,14,
551867,170425,14,
406184,394506,15,
417996,408162,15,
428667,451233,15,
425386,379634,15,
388202,405780,15,
370955,325071,-1,
353749,391896,15,
398629,401626,15,
393402,401018,15,
465599,383470,15,
400257,404936,15,
444610,400247,15,
392046,391220,15,
410506,395586,15,
508805,429073,-1,
424782,449687,15,
384467,407359,15,
397399,403186,15,
449683,388863,15,
387756,435588,15,
451753,383440,15,
414448,429790,15,
394599,409068,15,
387330,409037,15,
402109,430185,15,
393825,453067,15,
412111,418466,15,
397213,377839,15,
361159,436327,15,
383075,447616,15,
383832,340506,-1,
402227,414685,15,
411957,397796,15,
377408,395123,15,
417231,381303,15,
442915,420573,15,
415394,396940,15,
420792,430901,15,
397791,444527,15,
385804,393101,15,
384572,388523,15,
402069,434868,15,
414997,432597,15,
392919,405103,15,
396150,430329,15,
439145,407748,15,
401240,354085,15,
424228,442208,15,
336023,416862,15,
351352,362910,15,
413549,408517,15,
341775,425156,15,
424811,413300,15,
402677,412615,15,
419118,421655,15,
354601,358760,15,
410682,349328,15,
399020,404042,15,
392258,405478,15,
353941,399967,15,
411471,446824,15,
397158,370362,15,
431117,394746,15,
395246,392783,15,
400468,405703,15,
354094,424230,15,
352429,359750,15,
358830,431609,15,
387039,365758,15,
395013,387179,15,
400545,404212,15,
435067,403802,15,
394436,450912,15,
376444,371957,15,
433463,410297,15,
426625,475977,-1,
424241,452915,15,
396520,405610,15,
347638,429109,15,
374797,407601,15,
451670,388347,15,
373684,418326,15,
412615,403902,15,
392428,402295,15,
389868,410718,15,
383022,409854,15,
468350,395883,15,
373339,398565,15,
383878,376230,15,
434815,388041,15,
368864,411216,15,
321050,422497,-1,
276794,384458,-1,
383197,409869,15,
381340,409680,15,
415521,368125,15,
404288,349685,15,
367922,415238,15,
422056,382193,15,
407334,445969,15,
373917,427628,15,
422261,374345,15,
392728,411341,15,
336585,420977,15,
401730,354294,15,
401854,402867,15,
401330,395538,15,
393903,387227,15,
399188,402459,15,
389510,370897,15,
399858,403574,15,
343651,438750,15,
388743,388465,15,
398246,406245,15,
400727,396769,15,
399077,403968,15,
402071,427626,15,
405902,394724,15,
383992,398245,15,
372230,412488,15,
418086,394699,15,
400305,466024,15,
380458,329635,-1,
338347,337961,-1,
411171,426853,15,
392447,408539,15,
375233,399429,15,
385338,440797,15,
397764,406712,15,
414290,393146,15,
394846,407130,15,
402252,414628,15,
332913,385678,-1,
396517,394572,15,
388479,343648,15,
405569,411933,15,
444816,409502,15,
393659,439272,15,
415222,434798,15,
396621,381952,15,
416893,347737,-1,
398980,407667,15,
404273,429948,15,
397851,400846,15,
447192,359893,-1,
350428,392503,15,
451853,420873,-1,
402566,415798,15,
362753,369848,15,
407188,396576,15,
380139,434251,15,
409167,449719,15,
405470,392374,15,
359036,365793,15,
398617,402424,15,
408714,391412,15,
382222,441817,15,
403751,385539,15,
400548,402390,15,
393828,404314,15,
373943,376926,15,
390182,360941,15,
391776,409868,15,
342501,336320,-1,
401923,417123,15,
342400,426090,15,
405325,407466,15,
369480,377148,15,
416110,374296,15,
401162,412142,15,
442931,430123,15,
478361,409520,-1,
401313,405195,15,
357466,354094,15,
417617,414816,15,
417281,410881,15,
470047,410943,-1,
378824,430343,15,
369227,397853,15,
397918,462032,15,
397331,407010,15,
427810,400178,15,
401708,409924,15,
426172,363147,15,
401411,414503,15,
409823,412908,15,
386068,422517,15,
398255,405428,15,
346358,384801,15,
397735,448097,15,
348847,425164,15,
394761,461494,15,
357253,388075,15,
402267,410395,15,
415233,441297,15,
404445,402466,15,
408224,399767,15,
369044,371649,15,
343119,382074,-1,
416750,435776,15,
387103,401925,15,
368200,364844,15,
393758,439738,15,
418623,404382,15,
402660,406054,15,
427749,457110,15,
405356,391545,15,
432184,395118,15,
322936,368566,-1,
402710,424367,15,
456025,389630,15,
395450,407822,15,
377941,403683,15,
407576,434017,15,
348263,386451,15,
391966,387214,15,
392576,406460,15,
380236,460907,15,
398153,407081,15,
399942,385908,15,
398795,472619,-1,
467535,416014,-1,
377758,413906,15,
398724,404179,15,
396710,378698,15,
377588,402670,15,
408992,462226,15,
423371,373970,15,
412861,434751,15,
403160,392159,15,
395168,404189,15,
399346,423786,15,
409244,460295,15,
429515,393708,15,
370602,353215,15,
356739,417826,15,
408147,436628,15,
436362,379677,15,
399291,386712,15,
396081,396707,15,
419200,403389,15,
383855,390984,15,
370252,347498,-1,
460198,402706,15,
418046,358461,15,
408500,393942,15,
397618,404912,15,
392660,395873,15,
406739,400918,15,
439048,403700,15,
392424,375266,15,
379128,418858,15,
391970,419802,15,
389279,424006,15,
468907,448885,-1,
410601,410653,15,
396556,406492,15,
417795,405673,15,
375971,427549,15,
414374,439977,15,
368363,409733,15,
402081,407514,15,
399753,404222,15,
424840,479570,-1,
381863,416651,15,
394606,401451,15,
389520,406500,15,
418140,415328,15,
387461,394402,15,
391384,413273,15,
391439,399819,15,
365223,422531,15,
407189,437102,15,
415933,422485,15,
402031,426039,15,
428513,456990,15,
382396,405483,15,
368166,429422,15,
418636,440000,15,
411674,402377,15,
424365,371987,15,
394159,411676,15,
371548,414612,15,
460628,434107,-1,
399717,403257,15,
361875,448199,15,
393424,399084,15,
333682,401078,-1,
377870,377550,15,
405117,364266,15,
452398,378671,15,
397889,398501,15,
424089,352640,-1,
417494,392231,15,
402851,395579,15,
376493,366302,15,
460684,371809,15,
449571,387141,15,
405322,414743,15,
420489,448078,15,
377975,461076,15,
492551,434649,-1,
477323,384551,-1,
359740,379592,15,
429653,438596,15,
361814,411086,15,
400660,404811,15,
410418,409414,15,
392162,355397,15,
376145,414107,15,
371464,328177,-1,
379593,380662,15,
448231,384406,15,
404157,406324,15,
420616,401526,15,
398985,413427,15,
400538,407020,15,
391530,398743,15,
408182,408351,15,
435926,408504,15,
411090,435389,15,
398311,383357,15,
409291,431539,15,
399460,399410,15,
400473,408327,15,
399693,395271,15,
431437,436764,15,
312123,419763,-1,
411053,432808,15,
401616,404245,15,
364455,436191,15,
407833,402474,15,
367864,442851,15,
437870,375761,15,
308726,371721,-1,
418996,389541,15,
371498,393120,15,
407429,399155,15,
380749,403860,15,
399997,411205,15,
377215,418429,15,
380202,396671,15,
436034,385951,15,
395210,357805,15,
415136,446807,15,
315013,318367,-1,
372424,413163,15,
340966,420480,15,
354767,417464,15,
387165,404027,15,
854654,549222,16,
889260,541423,16,
870826,524625,16,
868025,569296,16,
861364,598127,16,
825141,535997,16,
906640,587296,-1,
906396,535803,16,
887896,558572,16,
817776,525600,16,
844066,546029,16,
848976,558706,16,
897131,604582,16,
845120,549830,16,
872241,556733,16,
857818,534525,16,
794265,594573,-1,
857126,548151,16,
842786,614034,-1,
889975,589361,16,
841130,529745,16,
813561,583156,16,
855603,542414,16,
887556,531797,16,
837032,509264,16,
852037,649724,-1,
793791,581315,-1,
904450,533427,16,
879722,550246,16,
839088,528460,16,
869369,536868,16,
871873,509094,16,
900991,497149,16,
919544,541255,16,
860520,544023,16,
863042,557890,16,
889805,522039,16,
879031,489881,16,
852918,552112,16,
903840,586229,16,
932662,537069,-1,
908506,549611,16,
867533,542290,16,
844617,499013,16,
862002,534006,16,
883981,607581,16,
864265,549505,16,
883062,547498,16,
860870,546516,16,
895565,501871,16,
843344,604964,-1,
864059,545894,16,
830888,544022,16,
858819,544904,16,
853562,531620,16,
873791,606643,16,
859213,538040,16,
841843,503359,16,
842719,506205,16,
847904,574114,16,
863859,546898,16,
888919,535805,16,
855045,547633,16,
863102,545783,16,
829747,530312,16,
850607,565348,16,
810277,520837,16,
879104,595389,16,
840406,538772,16,
838367,536676,16,
837457,518745,16,
861519,531277,16,
816056,542574,16,
862534,547936,16,
808555,600511,-1,
862571,550965,16,
832010,554080,16,
882403,534710,16,
840020,568424,16,
865030,541150,16,
846594,522941,16,
890223,556874,16,
873136,513309,16,
846622,553552,16,
905770,531812,16,
803216,577565,-1,
914183,620056,-1,
877510,555087,16,
861193,573954,16,
840994,578455,16,
875640,561262,16,
876782,536438,16,
849501,552769,16,
866973,550375,16,
906382,534459,16,
822722,553764,16,
861656,545794,16,
856991,546255,16,
865081,551012,16,
895680,609341,16,
867801,548156,16,
846324,557586,16,
840059,534876,16,
860473,545982,16,
937823,540173,-1,
886532,500026,16,
904133,534915,16,
880545,506175,16,
833499,504718,16,
854979,539793,16,
818739,545052,16,
825596,639465,-1,
838036,542999,16,
846216,528037,16,
850790,525740,16,
864040,538985,16,
869818,543227,16,
879309,561548,16,
860563,534839,16,
846082,541026,16,
860151,543055,16,
847292,559228,16,
838239,576018,16,
837307,548214,16,
853093,586321,16,
884326,479802,-1,
838978,622330,-1,
842903,567914,16,
832490,450680,-1,
844948,563321,16,
859577,544625,16,
908409,591215,-1,
819843,570485,16,
875625,599766,16,
887780,536497,16,
884613,507507,16,
849858,524682,16,
846741,539481,16,
870630,516603,16,
843111,581603,16,
869718,536928,16,
857648,511640,16,
881571,532467,16,
860230,528054,16,
861966,562885,16,
898736,548642,16,
961951,577029,-1,
866878,501919,16,
874791,559085,16,
874239,594786,16,
915504,527751,16,
758172,608152,-1,
859515,505303,16,
861033,507671,16,
837880,444574,-1,
827672,545966,16,
869960,562146,16,
858151,548242,16,
877440,529137,16,
821835,564313,16,
846371,578530,16,
829482,475863,-1,
860507,526669,16,
878696,530134,16,
837312,572687,16,
886773,509047,16,
879805,547494,16,
859679,541785,16,
910683,612854,-1,
860863,546060,16,
874110,541972,16,
790149,565157,-1,
873984,580836,16,
873742,448214,-1,
894785,440382,-1,
874312,574582,16,
879902,518647,16,
851462,526597,16,
839012,550376,16,
808097,502521,-1,
879500,590791,16,
864721,548447,16,
866044,584750,16,
876151,582116,16,
819250,517655,16,
807278,566392,16,
872033,558924,16,
894268,532597,16,
846752,613846,-1,
850478,566230,16,
849777,531138,16,
823584,568458,16,
823202,619103,-1,
843715,568319,16,
861023,545953,16,
889743,560547,16,
862785,579661,16,
880833,537039,16,
854374,550707,16,
842616,515205,16,
860721,547751,16,
831024,505776,16,
829240,591428,16,
860384,555572,16,
853348,525893,16,
849118,571562,16,
856167,542249,16,
853874,560250,16,
838808,524944,16,
814561,575281,16,
773292,531652,-1,
891515,520429,16,
805884,549492,16,
833437,556713,16,
843432,490725,16,
791355,529644,-1,
865157,562132,16,
920249,551171,-1,
808777,512952,-1,
898916,630099,-1,
863706,491401,16,
857231,551055,16,
877413,541536,16,
838821,563842,16,
854037,528890,16,
824475,518063,16,
857360,562228,16,
856437,532452,16,
862117,600081,16,
839280,539324,16,
885379,603686,16,
859185,553000,16,
865020,550686,16,
882007,593653,16,
861027,546004,16,
846772,509036,16,
844627,556401,16,
861069,548327,16,
854342,541611,16,
844086,531300,16,
923996,594948,-1,
832154,559403,16,
803202,549001,16,
856619,544008,16,
897286,558004,16,
851216,516166,16,
858537,548576,16,
828001,524067,16,
849327,548496,16,
858278,544519,16,
793875,473793,-1,
766617,548142,-1,
847728,576707,16,
858418,546935,16,
816840,539239,16,
852687,540692,16,
861927,562723,16,
892382,513991,16,
811745,461099,-1,
800152,576217,-1,
870139,566584,16,
859492,572224,16,
830226,483466,-1,
850674,533083,16,
834632,541216,16,
899052,526048,16,
925485,596955,-1,
893145,551400,16,
839493,521150,16,
883434,581923,16,
873380,495161,16,
765011,607246,-1,
898578,612291,16,
906772,510158,16,
858325,586062,16,
795909,462864,-1,
812634,554848,16,
846841,533595,16,
810817,509540,-1,
826192,577784,16,
856552,545271,16,
848628,503773,16,
784291,581417,-1,
890613,567037,16,
870936,575427,16,
851166,532382,16,
871544,592403,16,
870337,534303,16,
819580,545900,16,
912649,498734,-1,
870214,556246,16,
853279,560714,16,
857319,543529,16,
878519,606677,16,
858057,542933,16,
860375,544804,16,
888111,525539,16,
892877,544283,16,
788776,582930,-1,
875311,542259,16,
875248,462524,-1,
835831,555864,16,
885828,586348,16,
916704,609548,-1,
893991,544467,16,
866352,535933,16,
872247,494281,16,
832372,600070,-1,
902302,514170,16,
877298,565604,16,
873636,510687,16,
854818,554389,16,
915666,506439,-1,
905849,524809,16,
862062,545736,16,
871981,649086,-1,
900829,590250,16,
859419,546754,16,
855983,534803,16,
916082,517633,16,
874877,535143,16,
885963,528959,16,
853439,518568,16,
855177,626376,-1,
814249,488483,-1,
857283,548467,16,
865489,548920,16,
913686,576892,-1,
880275,564545,16,
861381,546835,16,
880958,588608,16,
868979,528502,16,
872237,555834,16,
861868,549168,16,
836951,546244,16,
836874,555991,16,
769546,554722,-1,
855074,542557,16,
868128,568529,16,
878859,540155,16,
852267,498220,16,
874125,543036,16,
846646,548548,16,
851517,541076,16,
806888,492319,-1,
831779,577161,16,
860259,545444,16,
892423,530999,16,
838442,506780,16,
853291,557685,16,
730887,825972,-1,
645233,927201,-1,
645563,819480,17,
573324,878802,-1,
693699,822637,17,
649412,856993,17,
684558,878573,17,
656658,854609,17,
651506,856097,17,
618405,842859,17,
667280,765619,-1,
600996,890782,-1,
674463,862486,17,
676694,851597,17,
620685,880813,17,
716590,874975,17,
721401,951880,-1,
657094,857640,17,
644693,867371,17,
633601,861482,17,
673646,857346,17,
657184,855509,17,
708244,871834,17,
659081,860560,17,
657811,885904,17,
642843,909185,-1,
709303,897538,17,
610505,851476,17,
612648,772280,-1,
673196,812941,17,
673267,883727,17,
694451,863981,17,
678869,902492,17,
690018,819280,17,
677983,890077,17,
639997,865965,17,
709254,847444,17,
679799,858680,17,
664355,831472,17,
659166,861665,17,
692386,863386,17,
688076,833905,17,
680506,840053,17,
641840,886745,17,
673292,857105,17,
622212,860015,17,
736557,897961,-1,
668234,886696,17,
675013,876331,17,
675902,853961,17,
695092,820091,17,
730287,897070,17,
691716,873426,17,
722404,952207,-1,
678606,878004,17,
664156,846474,17,
688118,911574,17,
674492,861230,17,
675382,836312,17,
664639,925795,-1,
626334,852383,17,
669690,842110,17,
653177,819935,17,
674265,861435,17,
677404,883871,17,
672212,860894,17,
715956,900724,17,
674236,877152,17,
679818,860064,17,
578509,923881,-1,
680381,823757,17,
720629,816515,-1,
640210,902029,-1,
671772,860357,17,
618009,867493,17,
672628,882986,17,
680261,863401,17,
682100,853708,17,
681049,846975,17,
668567,856554,17,
656957,871011,17,
662293,872590,17,
673953,835926,17,
718544,888401,17,
648590,917839,-1,
699124,824089,17,
668367,855686,17,
675866,868784,17,
700098,894685,17,
683156,877209,17,
661357,801817,17,
789095,895634,-1,
673332,857517,17,
627452,835854,-1,
672059,860501,17,
665048,854911,17,
683580,872374,17,
668839,882598,17,
682510,905902,17,
671235,856653,17,
680228,843225,17,
662249,918050,17,
674961,865594,17,
679211,886670,17,
676220,858214,17,
567861,856582,-1,
668228,858122,17,
682241,850176,17,
712262,856869,17,
671325,856592,17,
680592,858526,17,
683098,847245,17,
646816,829778,17,
675633,863416,17,
677551,860007,17,
683656,842406,17,
678195,860537,17,
700747,821557,17,
679054,898217,17,
676360,866112,17,
665308,868551,17,
665775,845662,17,
660459,860658,17,
670119,859029,17,
672068,874862,17,
644301,925034,-1,
704574,866263,17,
665660,828338,17,
680579,836946,17,
682053,853410,17,
672544,859978,17,
713088,880834,17,
680969,838864,17,
674151,853540,17,
664903,839150,17,
641902,755287,-1,
683610,910782,17,
676962,897430,17,
594720,848457,-1,
658748,777680,-1,
700341,869730,17,
640432,837036,17,
668519,860048,17,
672668,861428,17,
638004,837697,17,
673071,856021,17,
668772,858570,17,
636871,929410,-1,
599612,859210,-1,
739318,810528,-1,
654937,781879,-1,
663095,949045,-1,
658734,883214,17,
647968,877873,17,
682699,851115,17,
684739,884934,17,
667620,855461,17,
616281,845406,17,
697161,840318,17,
679237,862389,17,
664260,859029,17,
674121,858589,17,
700962,927047,-1,
723397,859761,17,
648230,857418,17,
677896,867053,17,
680828,839011,17,
680757,826912,17,
673826,880137,17,
694897,834591,17,
683585,905984,17,
671609,815681,17,
669748,863109,17,
674659,860894,17,
659734,844127,17,
656156,868643,17,
653258,860766,17,
684131,898331,17,
666516,859837,17,
655237,871554,17,
653592,959882,-1,
659280,845579,17,
646422,900526,17,
627580,840406,17,
604546,847329,-1,
631316,837043,17,
705518,925936,-1,
662898,884734,17,
718088,852181,17,
666315,872311,17,
710082,881600,17,
674433,860605,17,
685821,816579,17,
678856,850293,17,
669427,846395,17,
687043,806921,17,
657981,866945,17,
676480,860779,17,
704065,832648,17,
669178,866011,17,
693783,860206,17,
683027,876064,17,
670957,810768,17,
674134,908464,17,
637665,858741,17,
664325,877878,17,
664025,801796,17,
672800,874378,17,
685124,873363,17,
674496,870664,17,
684602,823981,17,
677769,841641,17,
651576,865180,17,
650720,817440,17,
674472,860330,17,
673028,860593,17,
683413,861559,17,
669638,842011,17,
674365,860819,17,
687360,862438,17,
662684,813662,17,
673242,886958,17,
674311,859933,17,
595580,798572,-1,
636769,854047,17,
685551,798742,-1,
663945,828490,17,
717187,883275,17,
706906,885612,17,
675988,841317,17,
671976,864630,17,
669366,869654,17,
651216,815098,17,
676767,832479,17,
657879,857942,17,
665828,868934,17,
674905,876286,17,
640000,863831,17,
672818,881943,17,
634800,823669,17,
658590,886551,17,
639463,847461,17,
625416,868848,17,
672266,862875,17,
723173,872525,17,
688098,908495,17,
673410,863889,17,
679788,889464,17,
615826,863168,17,
598671,854219,-1,
753254,840123,-1,
669430,905798,17,
726847,875488,17,
648443,845340,17,
674114,970756,-1,
675551,956849,-1,
677459,896720,17,
634004,895206,-1,
653745,809028,17,
682420,846881,17,
666636,858686,17,
682481,879399,17,
656834,885944,17,
718257,857481,17,
672598,856928,17,
693997,774817,-1,
612392,916853,-1,
671444,860206,17,
671404,857240,17,
689628,868984,17,
704570,845515,17,
652233,886054,17,
705929,851313,17,
682315,843851,17,
667131,849230,17,
707894,904500,17,
649345,864613,17,
629998,877765,17,
659542,840985,17,
621278,888326,-1,
682304,876841,17,
679747,860939,17,
663049,843538,17,
672876,844123,17,
689948,850548,17,
696257,894819,17,
629377,853726,17,
658034,897179,17,
696808,866039,17,
699668,863774,17,
669697,859388,17,
606506,766728,-1,
672474,868765,17,
697011,856357,17,
708262,945359,-1,
653181,886417,17,
674521,861127,17,
729194,856897,-1,
663168,859429,17,
644843,838626,17,
672797,843231,17,
680677,868629,17,
614497,830844,-1,
646671,857872,17,
679242,853941,17,
665697,929571,-1,
749941,916922,-1,
602365,916673,-1,
684537,843821,17,
694308,904062,17,
731712,878998,17,
667713,847241,17,
730383,879136,17,
689363,817577,17,
728743,850843,-1,
683941,915579,17,
722463,882675,17,
670519,870010,17,
683252,858182,17,
669288,860515,17,
675357,870850,17,
673449,860643,17,
687325,883004,17,
603472,894573,-1,
669713,851017,17,
693362,837786,17,
605535,925341,-1,
687078,791051,-1,
672387,800443,17,
683048,937776,-1,
713579,879202,17,
571669,873544,-1,
695260,824882,17,
702654,841548,17,
601619,825604,-1,
564416,878492,-1,
703773,870419,17,
674931,870112,17,
673140,864863,17,
681053,892766,17,
683321,873932,17,
701017,931252,-1,
645677,814395,17,
677362,853471,17,
659046,930099,-1,
665426,853940,17,
691827,863963,17,
650661,861267,17,
599647,858702,-1,
684091,842566,17,
