664159,550946,1,
665845,557965,1,
597173,575538,1,
618600,551446,1,
635690,608046,-1,
588100,557588,1,
582015,546191,1,
604678,574577,1,
572029,518313,1,
604737,574591,1,
577728,587566,1,
602013,574722,1,
627968,574625,1,
607269,536961,1,
603145,574795,1,
671919,571761,1,
612184,570393,1,
600032,575310,1,
627912,593892,1,
601967,604428,1,
591851,569051,1,
601444,572693,1,
629718,558104,1,
661430,603567,-1,
597551,556737,1,
601182,582584,1,
562704,570596,1,
605107,563429,1,
607214,575069,1,
568824,570203,1,
612485,518009,1,
589244,573777,1,
625579,551084,1,
560237,500154,-1,
626224,569687,1,
610666,551701,1,
597428,569940,1,
600582,599535,1,
604168,555003,1,
613871,550423,1,
617310,551945,1,
625728,579460,1,
606300,566708,1,
638559,558807,1,
582176,630383,1,
544056,577786,1,
631297,578351,1,
561574,621747,-1,
604973,574773,1,
605284,556134,1,
617910,592293,1,
555904,640401,-1,
526559,509417,-1,
603849,572396,1,
598634,619900,1,
603359,589262,1,
657455,567754,1,
614279,599251,1,
578496,631434,1,
645171,595209,1,
688015,533535,-1,
656477,573007,1,
540029,563888,1,
597418,538362,1,
613545,574733,1,
628696,542447,1,
604157,574191,1,
603126,497987,-1,
605850,533310,1,
596179,529556,1,
610330,552628,1,
598184,531473,1,
620438,511694,1,
600202,622079,1,
603021,577991,1,
515612,540643,-1,
606548,574376,1,
593490,623110,1,
607084,595500,1,
583728,563146,1,
616044,533807,1,
624452,584622,1,
604438,574666,1,
625709,660145,-1,
601376,579831,1,
565148,557305,1,
639418,537903,1,
612799,537497,1,
583653,652182,1,
599808,596484,1,
605250,573272,1,
606738,601356,1,
611044,571814,1,
575440,568511,1,
616329,529516,1,
605927,572533,1,
609286,586782,1,
647354,579190,1,
606929,571420,1,
562920,559223,1,
680357,620811,-1,
707100,601463,-1,
604294,574368,1,
614917,600946,1,
611508,503220,1,
603789,574474,1,
551740,588768,1,
546031,570429,1,
569197,559307,1,
688712,568754,-1,
604067,574091,1,
606809,572101,1,
588597,622592,1,
613840,534167,1,
576263,547239,1,
597077,568196,1,
601339,571609,1,
606011,569426,1,
593398,559764,1,
593166,622725,1,
609796,532982,1,
712648,607541,-1,
585048,505097,-1,
525967,565687,1,
660327,585901,1,
607604,573951,1,
604001,573587,1,
591484,571087,1,
613868,585089,1,
645464,660478,-1,
538571,654649,-1,
555429,604551,-1,
597620,586226,1,
586097,567445,1,
545235,539822,-1,
649088,575733,1,
599123,616977,1,
563763,559454,1,
617717,613939,1,
618869,577243,1,
567188,560044,1,
636628,533309,1,
560362,567914,1,
595014,632844,1,
605876,550640,1,
604352,573425,1,
600679,599545,1,
596891,579476,1,
614943,540976,1,
604415,571400,1,
603698,573585,1,
658199,568743,1,
598759,582942,1,
671269,590258,1,
593317,534085,1,
657985,453405,-1,
608557,590278,1,
623004,508050,1,
601900,569391,1,
641031,593074,1,
589658,640498,1,
567565,573952,1,
559078,570088,1,
639431,588155,1,
566609,537592,1,
568570,579335,1,
660650,615038,-1,
667639,571164,1,
596796,529933,1,
606111,617846,1,
616060,590779,1,
602873,527864,1,
571334,594145,1,
602167,543919,1,
605100,573307,1,
546640,560043,1,
585195,555011,1,
651740,589474,1,
589112,536573,1,
582057,543124,1,
690968,555952,-1,
609030,552436,1,
632125,541413,1,
603445,630598,1,
628264,616214,1,
577242,574073,1,
604090,574392,1,
607911,576556,1,
600665,638890,1,
600117,539079,1,
631182,565466,1,
695646,652231,-1,
619445,567491,1,
613191,571942,1,
567428,580005,1,
590583,623314,1,
606289,670243,-1,
585175,574133,1,
634967,579020,1,
614615,574437,1,
593061,579188,1,
606933,576409,1,
606587,573873,1,
594084,629464,1,
683697,581516,-1,
601530,577183,1,
603055,589818,1,
616561,619007,1,
607463,477085,-1,
611581,572630,1,
579712,568354,1,
602887,595245,1,
600039,557139,1,
605913,579526,1,
579773,568698,1,
606324,544357,1,
605958,573728,1,
606144,575076,1,
667472,570571,1,
580048,565009,1,
597802,576113,1,
610263,574422,1,
603855,575180,1,
624369,532153,1,
599870,591110,1,
577167,617095,1,
658403,611332,-1,
563460,480559,-1,
610980,522819,1,
569422,567790,1,
627727,578737,1,
592804,584539,1,
540783,626497,-1,
591823,639096,1,
637323,549567,1,
638078,629421,-1,
611315,560757,1,
647103,573853,1,
522993,595581,-1,
601187,531825,1,
533799,564377,1,
649034,528813,1,
620975,564344,1,
622407,583192,1,
597026,642918,1,
551291,576721,1,
608768,610525,1,
697959,614701,-1,
658281,582264,1,
546632,599204,-1,
672565,564468,1,
636500,587401,1,
696144,548705,-1,
533551,582247,1,
526802,551524,1,
553038,606418,-1,
696601,603624,-1,
588964,597435,1,
716139,621721,-1,
608529,586311,1,
557378,567033,1,
589994,610890,1,
589344,563119,1,
624415,515911,1,
565483,551512,1,
584895,574666,1,
582777,542670,1,
639394,576728,1,
608298,573748,1,
663578,586265,1,
628080,562986,1,
597421,554767,1,
595193,576508,1,
658103,572250,1,
659529,498474,-1,
606415,581386,1,
641976,577433,1,
587466,564953,1,
589180,595099,1,
601885,573083,1,
580561,528916,1,
621726,578003,1,
558817,576255,1,
620213,574468,1,
594010,570095,1,
541976,512639,-1,
593840,578685,1,
602667,575857,1,
631446,561156,1,
596481,567449,1,
611318,581584,1,
568546,564911,1,
593865,572987,1,
597017,575588,1,
578804,573582,1,
673750,594081,1,
592714,553958,1,
594029,586701,1,
668502,563937,1,
629533,537542,1,
801539,318482,2,
801667,318542,2,
814045,332998,2,
800479,321640,2,
757470,224976,-1,
844536,424646,-1,
797105,316002,2,
779956,271501,2,
797205,313318,2,
801323,316240,2,
783666,262902,2,
806131,312752,2,
830658,368694,2,
802482,335269,2,
801910,325434,2,
808062,337340,2,
789833,304422,2,
803603,327255,2,
800865,312968,2,
802237,318526,2,
803959,315173,2,
800123,312312,2,
780927,285057,2,
797242,324588,2,
801551,320544,2,
809182,319115,2,
801931,317202,2,
870801,476330,3,
820327,352701,2,
801093,317509,2,
798523,324500,2,
805237,318655,2,
803375,311620,2,
801441,323812,2,
797313,317527,2,
788220,301915,2,
790395,300024,2,
817135,349925,2,
797787,301470,2,
804630,332333,2,
808710,330379,2,
802111,320817,2,
796375,309563,2,
819768,346596,2,
814605,354382,2,
800565,319364,2,
802089,313456,2,
814401,341234,2,
796609,319691,2,
776131,248465,2,
803464,329093,2,
802646,317894,2,
809550,327365,2,
795322,311178,2,
830450,393096,2,
778414,260729,2,
800041,318331,2,
802814,320130,2,
802738,312234,2,
823913,369439,2,
803386,318982,2,
812869,346251,2,
798904,324420,2,
800447,331643,2,
807446,342555,2,
804251,329956,2,
797594,302109,2,
803448,314797,2,
765502,240340,2,
795527,315510,2,
794640,313497,2,
808717,335740,2,
790932,305223,2,
816852,352965,2,
826228,376658,2,
795299,312036,2,
808686,332209,2,
809594,344872,2,
799275,324108,2,
878184,487392,3,
798472,322218,2,
824822,367091,2,
746769,205186,-1,
756701,207223,-1,
795489,287279,2,
800483,320713,2,
783491,288029,2,
797162,306135,2,
800272,316170,2,
806827,324616,2,
802853,314938,2,
800804,316615,2,
813173,354777,2,
801588,319814,2,
797400,315778,2,
823840,368410,2,
811391,343836,2,
801055,321833,2,
804038,306622,2,
803780,334441,2,
834173,386159,2,
802784,313853,2,
807293,347456,2,
817119,336333,2,
786635,269352,2,
824624,381716,2,
797415,319840,2,
800772,325023,2,
806626,318966,2,
800845,311838,2,
769386,259892,2,
797272,324228,2,
807409,325526,2,
795836,291870,2,
798321,319665,2,
805372,313397,2,
790738,308028,2,
800667,315995,2,
795205,316433,2,
809054,345541,2,
808452,320117,2,
779897,279572,2,
782642,275308,2,
797569,321799,2,
801751,318110,2,
787644,297715,2,
807401,314610,2,
800677,310656,2,
800394,301473,2,
795571,310093,2,
814158,335578,2,
811913,325091,2,
806982,316680,2,
775604,274485,2,
800133,327081,2,
806511,313841,2,
803796,314893,2,
802012,318315,2,
826789,377676,2,
814108,344096,2,
804354,309671,2,
807017,330432,2,
803774,334756,2,
817410,346944,2,
841928,398948,2,
816145,349032,2,
818622,370753,2,
786245,292352,2,
784164,285702,2,
805390,319676,2,
790774,303642,2,
803277,319525,2,
833182,379714,2,
773023,251826,2,
801609,320399,2,
778965,282290,2,
814317,333112,2,
805080,323708,2,
801080,318049,2,
799724,318884,2,
798059,316113,2,
806176,320301,2,
769876,257669,2,
825716,373098,2,
791983,298565,2,
801386,313545,2,
804871,317801,2,
810903,332925,2,
838276,395673,2,
810543,341180,2,
777978,252419,2,
820258,351165,2,
801997,319385,2,
779437,281959,2,
810253,323873,2,
794826,309589,2,
814280,344223,2,
832651,373469,2,
794142,306704,2,
802041,319504,2,
804190,320706,2,
798983,325682,2,
840462,402858,2,
799912,323363,2,
804119,328544,2,
804358,320802,2,
803057,331037,2,
803031,325811,2,
784151,283760,2,
800444,311497,2,
802004,317772,2,
803470,319069,2,
811277,335577,2,
803332,315488,2,
800037,317963,2,
813436,360446,2,
800694,316789,2,
838129,404012,2,
764997,249477,2,
800316,311699,2,
806848,320541,2,
805462,317833,2,
798308,312788,2,
802655,316263,2,
801456,320080,2,
801309,318213,2,
840886,397888,2,
829529,375007,2,
830805,370801,2,
804979,334141,2,
804013,316083,2,
808489,317021,2,
770113,241615,2,
804332,319006,2,
833661,389733,2,
797834,297329,2,
794956,309980,2,
801232,307078,2,
809552,342258,2,
794615,305632,2,
809259,345634,2,
811502,355939,2,
801301,316893,2,
803370,318247,2,
804702,315881,2,
797009,293194,2,
813791,334609,2,
812965,330224,2,
826048,374236,2,
800959,322309,2,
803405,317316,2,
802254,320673,2,
783116,265635,2,
798633,317300,2,
801482,327644,2,
798612,326404,2,
799001,302014,2,
802537,312497,2,
799794,315080,2,
793892,313943,2,
804691,332987,2,
793855,298525,2,
796952,318633,2,
800655,320227,2,
801780,318992,2,
805977,320805,2,
796916,323332,2,
820904,351763,2,
808405,318841,2,
765283,249459,2,
824212,363776,2,
798981,311092,2,
797178,310439,2,
800582,316980,2,
803839,310353,2,
796283,315582,2,
801145,317601,2,
801662,318423,2,
801782,318281,2,
803377,319212,2,
803932,318781,2,
806192,337849,2,
789583,287700,2,
801586,318947,2,
804251,331304,2,
799667,316830,2,
759789,229116,2,
799021,326404,2,
793684,312065,2,
806320,315242,2,
786234,267976,2,
821151,366545,2,
801903,312794,2,
782506,279930,2,
803627,319323,2,
794991,291216,2,
794667,315069,2,
799291,317500,2,
798243,324160,2,
804408,337683,2,
818119,348676,2,
810502,336169,2,
793560,285392,2,
801326,315779,2,
808644,326320,2,
813645,328765,2,
800966,317165,2,
797111,302781,2,
802431,322048,2,
811061,333595,2,
786719,283364,2,
773955,239849,2,
803701,321815,2,
783110,289805,2,
800235,316652,2,
807421,317527,2,
797947,319734,2,
805035,317469,2,
801166,322298,2,
846693,429031,-1,
801493,322249,2,
806087,326636,2,
810657,329468,2,
801313,300606,2,
800390,309948,2,
801634,318965,2,
799197,314215,2,
795254,296488,2,
807696,320548,2,
800461,326821,2,
801174,320442,2,
809781,326904,2,
826585,366934,2,
804429,312164,2,
788005,292268,2,
801183,316191,2,
378274,816341,4,
406233,813072,4,
401478,785370,4,
448651,847994,-1,
434440,822866,4,
369199,734895,5,
413241,771595,4,
369418,733394,5,
378563,789670,4,
424190,780052,4,
415993,776671,4,
421352,799127,4,
432656,783776,4,
383032,788008,4,
414377,771258,4,
425260,773661,4,
469139,810971,4,
442979,803024,4,
347079,803582,4,
412797,803180,4,
352874,807952,4,
442286,755194,4,
416433,786159,4,
419700,793447,4,
422961,821595,4,
400008,789447,4,
429586,775621,4,
457561,788245,4,
415417,785827,4,
389552,750700,4,
415598,786499,4,
443447,783977,4,
404792,749210,4,
389392,730768,4,
473485,847098,-1,
491614,778997,4,
437483,785130,4,
452570,848127,-1,
417197,778243,4,
405986,787439,4,
437568,794323,4,
420319,794333,4,
418963,746595,4,
469422,822619,4,
397688,762902,4,
418149,790096,4,
407289,798870,4,
360319,778673,4,
473799,795167,4,
445199,763833,4,
446537,828924,4,
410019,732704,4,
396540,815936,4,
407694,718592,4,
417091,792545,4,
442260,754050,4,
411526,784658,4,
407814,765816,4,
394022,803914,4,
481133,781413,4,
396118,794614,4,
458538,786673,4,
419721,789724,4,
424476,781552,4,
377720,727349,5,
448336,789445,4,
412227,787450,4,
408745,824896,4,
417016,774869,4,
395274,786698,4,
412541,806622,4,
412109,735920,4,
407023,787385,4,
376660,815936,4,
396548,784388,4,
508535,830710,-1,
414014,816460,4,
440782,782395,4,
436951,814456,4,
393758,750953,4,
418410,795929,4,
425991,787029,4,
414562,787355,4,
408712,803987,4,
377858,811790,4,
417169,792321,4,
460371,780609,4,
388873,746909,4,
395641,808571,4,
386436,791388,4,
440667,768761,4,
438437,730300,-1,
370839,727884,5,
422917,781112,4,
391555,789079,4,
402666,814060,4,
474368,812039,4,
406176,760860,4,
463768,793154,4,
446307,796523,4,
402309,786873,4,
413946,786971,4,
425053,790566,4,
416926,785113,4,
424023,737453,4,
417447,782955,4,
415672,787824,4,
416019,787562,4,
417515,787648,4,
459230,803720,4,
447833,819282,4,
418199,851439,4,
417393,771537,4,
441415,780207,4,
399634,751940,4,
373360,784232,4,
419227,779215,4,
434717,808225,4,
397669,792218,4,
412028,773494,4,
407504,803363,4,
365147,790525,4,
459328,805961,4,
429472,860855,-1,
480128,785580,4,
344915,702496,-1,
410969,770451,4,
407460,791404,4,
420476,750495,4,
397747,792207,4,
408428,771823,4,
397806,749559,4,
426040,825049,4,
407565,766203,4,
414317,828815,4,
410610,765111,4,
412388,784064,4,
406337,750353,4,
422419,754048,4,
416039,730594,4,
414512,793966,4,
398478,822297,4,
424375,721868,4,
403890,792420,4,
400902,772920,4,
402367,782997,4,
472917,830363,4,
418621,840463,4,
329002,727685,-1,
418618,811618,4,
425356,745471,4,
470922,770669,4,
400598,790903,4,
412851,774986,4,
492415,829655,-1,
400079,749617,4,
417673,785965,4,
424720,768456,4,
386415,801444,4,
426689,788562,4,
430747,776261,4,
405714,781619,4,
429220,787348,4,
427850,762201,4,
434080,785264,4,
473514,788780,4,
412386,777312,4,
430686,844506,4,
409142,811927,4,
422198,724557,4,
392185,713763,-1,
412677,786951,4,
399149,784376,4,
382693,749680,4,
527515,831478,-1,
448519,805219,4,
430779,770145,4,
413556,758080,4,
392140,769924,4,
416855,794023,4,
389713,772742,4,
398498,776720,4,
473727,807244,4,
389410,788256,4,
377230,790154,4,
415564,784464,4,
456799,844976,-1,
444336,820061,4,
404359,783919,4,
453154,776082,4,
425019,759577,4,
415895,775793,4,
420083,787815,4,
506612,858859,-1,
436648,859634,-1,
403522,785432,4,
401407,759648,4,
403852,792473,4,
367398,701756,-1,
412453,784453,4,
382124,786262,4,
416884,786845,4,
448865,836781,-1,
383821,808301,4,
414249,796590,4,
457338,789952,4,
396276,785999,4,
390282,789593,4,
409417,758123,4,
397561,815245,4,
397137,742547,4,
402891,801910,4,
385257,791581,4,
409628,833942,4,
369249,797068,4,
460942,779073,4,
423146,737571,4,
420509,788730,4,
422736,790806,4,
401492,790336,4,
394018,799506,4,
385140,796221,4,
430243,781020,4,
416775,806826,4,
425796,795608,4,
411488,837715,4,
433989,765343,4,
415806,783594,4,
417023,771194,4,
415270,775605,4,
391163,811977,4,
405350,762342,4,
414860,773921,4,
371779,814715,4,
415631,805010,4,
387951,813315,4,
472691,802678,4,
471930,844046,-1,
432892,815223,4,
366654,802105,4,
411721,717873,4,
426115,814461,4,
375997,806621,4,
385561,718324,5,
375573,809249,4,
437958,784801,4,
363857,784086,4,
430138,818594,4,
435085,791564,4,
414036,742189,4,
425611,793420,4,
439793,740773,4,
467107,817914,4,
387631,749416,4,
430001,765803,4,
384225,784381,4,
417146,822655,4,
427371,819417,4,
399587,792459,4,
474648,778810,4,
345692,788190,4,
409515,756149,4,
469782,780552,4,
468229,827985,4,
414951,852935,4,
409701,750741,4,
442826,795974,4,
459556,818479,4,
423311,813081,4,
476144,772131,4,
391976,789416,4,
448649,813885,4,
496658,816784,-1,
410336,767856,4,
430167,811490,4,
357467,797530,4,
404220,785798,4,
446368,763341,4,
439514,758221,4,
424145,743433,4,
470062,771204,4,
421187,779726,4,
396617,801039,4,
394708,739061,4,
394912,755947,4,
425950,788228,4,
408283,806161,4,
419520,778231,4,
441950,785934,4,
409814,836083,4,
395817,788858,4,
422776,808328,4,
363959,810632,4,
422943,804253,4,
407626,771304,4,
347933,797148,4,
457554,795861,4,
394274,837428,-1,
445674,768552,4,
416359,786189,4,
419485,804779,4,
376176,795539,4,
349378,805118,4,
456566,743012,-1,
484407,809641,4,
403329,717870,4,
392795,817694,4,
372621,772258,4,
461751,817277,4,
489182,773934,4,
427388,815258,4,
418155,819422,4,
437035,755506,4,
416444,783624,4,
777811,751059,6,
823974,725025,6,
749723,781756,-1,
875160,698897,6,
828194,742074,6,
800913,749332,6,
831165,783383,6,
793019,764859,6,
810467,706465,6,
803540,754792,6,
844662,654835,7,
803962,731228,6,
823065,733789,6,
822156,732296,6,
811389,723618,6,
779936,774397,6,
854769,713941,6,
803457,735855,6,
790712,745884,6,
815652,733433,6,
841289,701474,6,
832054,751330,6,
786032,701427,6,
824835,704997,6,
832886,781206,6,
818063,797960,6,
857620,709386,6,
828589,652430,7,
836727,737798,6,
776000,780347,6,
824098,714042,6,
830583,710990,6,
862189,735684,6,
815131,704478,6,
828478,655405,7,
784838,771499,6,
880362,706363,6,
767482,727417,-1,
825070,734215,6,
813781,738344,6,
840863,737972,6,
840943,739611,6,
828276,762021,6,
822883,728314,6,
854886,769396,6,
829623,732301,6,
835428,731189,6,
818338,800932,6,
823417,701523,6,
812152,689907,6,
829969,699565,6,
861563,661642,-1,
816955,747629,6,
774526,757135,6,
803577,712231,6,
798056,714380,6,
881789,727577,6,
858867,700187,6,
834996,728517,6,
839121,736259,6,
841045,738224,6,
840100,728839,6,
874544,686096,6,
862334,747768,6,
820253,714625,6,
817862,732248,6,
844729,682981,-1,
846484,719360,6,
793669,724513,6,
821906,732848,6,
826465,646980,7,
820350,748217,6,
814540,707227,6,
838223,766380,6,
869471,745767,6,
816054,733183,6,
801177,737548,6,
848783,748980,6,
814105,723255,6,
838036,749612,6,
840270,725456,6,
789601,714058,6,
827169,708345,6,
789448,738035,6,
835030,668528,7,
848151,741869,6,
816091,747764,6,
801511,761094,6,
822670,689090,6,
873672,734440,6,
808153,737136,6,
755829,751858,-1,
814697,729209,6,
832758,707452,6,
848264,762550,6,
799903,784535,-1,
802674,727804,6,
828147,808738,6,
820707,705318,6,
824594,741664,6,
804474,747122,6,
823108,733302,6,
839514,728923,6,
827711,732798,6,
851644,721350,6,
816390,711340,6,
798007,723995,6,
790612,738038,6,
821909,728448,6,
865754,723314,6,
735295,814058,-1,
877711,703850,6,
792990,685472,6,
809917,762429,6,
789388,712210,6,
879221,655497,-1,
876935,684572,6,
819439,735945,6,
807929,730950,6,
850451,764015,6,
811748,766105,6,
824765,761114,6,
848586,789052,6,
812231,739235,6,
873532,712802,6,
842590,716861,6,
832798,734777,6,
817640,730018,6,
824322,744720,6,
777697,798253,-1,
868493,677155,-1,
805658,698630,6,
840349,790707,6,
796953,726378,6,
832589,782799,6,
817441,709397,6,
856029,730586,6,
805089,762512,6,
854628,773470,6,
846090,651306,7,
796943,674692,6,
827192,785316,6,
818209,719382,6,
795200,786424,-1,
817777,724927,6,
846512,683647,-1,
825080,746712,6,
824674,806300,6,
822616,735941,6,
805391,732659,6,
823250,732088,6,
850376,739749,6,
821337,733356,6,
796786,724615,6,
862425,741010,6,
825690,703854,6,
800872,672603,6,
825395,715780,6,
843911,730036,6,
820238,732928,6,
848570,703697,6,
825515,738284,6,
820367,732364,6,
822025,749214,6,
837718,761480,6,
871723,685520,6,
850904,720163,6,
816775,739989,6,
822103,732911,6,
815455,755486,6,
835648,756631,6,
868626,737331,6,
825997,730652,6,
817252,730254,6,
877906,722361,6,
808440,729985,6,
791470,751113,6,
841654,764836,6,
825429,732758,6,
751215,828365,-1,
804706,788001,-1,
820194,734233,6,
869991,705259,6,
809779,663654,6,
822078,711840,6,
866139,717138,6,
829379,718721,6,
837582,763266,6,
783999,732487,6,
800231,732106,6,
862569,719773,6,
838764,652792,7,
849343,713993,6,
828297,715480,6,
821259,750089,6,
874643,729921,6,
819058,729125,6,
817018,729596,6,
797804,715342,6,
838515,768484,6,
829398,724900,6,
754841,796342,-1,
878690,739021,6,
821908,732077,6,
786495,759000,6,
823987,687499,6,
787988,741203,6,
839339,726322,6,
822425,727248,6,
854412,725575,6,
788351,737539,6,
838587,700545,6,
840425,762290,6,
817395,734126,6,
807913,737341,6,
872285,750708,6,
788166,702817,6,
836225,709204,6,
822293,786837,6,
888892,702505,6,
822623,745025,6,
795124,696429,6,
832238,725434,6,
815593,689874,6,
843572,784897,6,
833716,758772,6,
822474,780882,6,
801102,759330,6,
841752,731595,6,
808779,732990,6,
822533,758955,6,
817807,715863,6,
837977,728814,6,
801204,755177,6,
819628,810748,6,
814732,734183,6,
832086,716249,6,
876503,659112,-1,
823856,749355,6,
819737,737829,6,
818756,743887,6,
811971,664520,6,
801526,705057,6,
827031,734324,6,
843891,721571,6,
810460,735109,6,
782368,759352,6,
801172,715857,6,
866928,716961,6,
829673,730398,6,
850888,736810,6,
786935,732999,6,
769656,721159,-1,
804925,735492,6,
870054,738900,6,
818932,728481,6,
853692,746285,6,
807072,687932,6,
750459,800215,-1,
823959,737866,6,
835804,710711,6,
790206,747165,6,
813092,739043,6,
801810,728106,6,
825404,733788,6,
820947,730529,6,
827081,694553,6,
822664,720677,6,
768565,762193,6,
823113,733720,6,
821079,800206,6,
828531,731300,6,
820757,738235,6,
781260,737962,6,
819438,662327,7,
833504,744564,6,
789552,731946,6,
822843,763117,6,
775555,719683,-1,
865084,713697,6,
820455,729132,6,
849547,738979,6,
762269,792243,-1,
821464,700760,6,
824013,753991,6,
803369,698753,6,
823589,728083,6,
796353,710294,6,
820083,728310,6,
829133,735488,6,
823455,747394,6,
818542,740451,6,
809623,734937,6,
841762,777572,6,
802184,751958,6,
803874,675499,6,
830065,739162,6,
824140,729074,6,
852730,769968,6,
866760,753547,6,
811031,703822,6,
825414,734466,6,
816615,770855,6,
786227,765634,6,
817269,733788,6,
809453,736879,6,
757421,774445,-1,
818251,731938,6,
788020,765562,6,
823618,734216,6,
812295,728049,6,
837545,696979,6,
797918,694723,6,
822224,742716,6,
821895,732158,6,
797233,713358,6,
800258,733812,6,
813319,737376,6,
860951,162251,8,
860387,157731,8,
857363,154639,8,
863391,126214,8,
839094,159543,8,
849248,164090,8,
875990,133950,8,
905936,150106,8,
895835,123485,8,
818079,108536,8,
898976,198452,8,
869087,153957,8,
849653,143827,8,
834293,161575,8,
844234,153197,8,
835128,212354,8,
828179,155649,8,
875410,128878,8,
850965,156224,8,
800816,176612,8,
832621,150748,8,
876863,176593,8,
826192,172906,8,
862679,188399,8,
839974,154358,8,
854338,135067,8,
855233,141357,8,
850538,160159,8,
868442,160118,8,
888714,205560,8,
864185,161232,8,
851280,156049,8,
875825,204959,8,
840375,155757,8,
892340,149050,8,
873527,126426,8,
836433,200181,8,
826499,142732,8,
854922,159650,8,
883537,210648,8,
807420,168787,8,
840299,118907,8,
834602,213597,8,
864053,139325,8,
856454,117143,8,
857972,160214,8,
850046,108829,8,
804936,148980,8,
864374,150149,8,
858587,150101,8,
870247,121460,8,
855656,162100,8,
850176,127908,8,
850057,157848,8,
828005,145089,8,
861994,160156,8,
849537,157510,8,
867125,168762,8,
838142,156770,8,
847644,164348,8,
856349,158150,8,
860606,152843,8,
869288,168662,8,
838328,185708,8,
860986,140320,8,
829229,143653,8,
866051,172932,8,
871556,194747,8,
865489,161762,8,
851840,110475,8,
846256,154064,8,
836081,178429,8,
859707,202806,8,
849938,156042,8,
894124,202052,8,
864325,170593,8,
848108,161786,8,
817619,181929,8,
858058,196183,8,
861242,161722,8,
885793,172115,8,
850577,157049,8,
877125,161227,8,
883864,111281,8,
891699,170415,8,
802394,87835,-1,
862759,157988,8,
824185,167369,8,
813124,157130,8,
840335,164912,8,
858042,178196,8,
846257,145306,8,
858516,151301,8,
851282,153750,8,
905005,164126,8,
857309,139276,8,
845589,192916,8,
895245,150977,8,
863995,150435,8,
862642,159379,8,
861631,169376,8,
858934,162874,8,
912023,160368,8,
842824,177832,8,
824560,133679,8,
842281,175525,8,
860845,155375,8,
841096,188742,8,
821428,153468,8,
840357,169437,8,
827802,189078,8,
844734,164570,8,
847812,114745,8,
887269,166179,8,
830159,134329,8,
850925,157811,8,
847276,121785,8,
870599,149782,8,
780153,136449,-1,
814379,132655,8,
834483,173379,8,
852423,159874,8,
854012,157449,8,
883375,158482,8,
850219,110573,8,
836450,151205,8,
881217,172320,8,
813239,139752,8,
871255,140340,8,
789356,159383,8,
873690,156226,8,
858834,149259,8,
778867,140736,-1,
872057,122354,8,
882097,161493,8,
787336,144875,8,
849751,167033,8,
843833,170416,8,
850663,157840,8,
812240,177846,8,
838609,140215,8,
850959,157920,8,
859703,156782,8,
854753,190254,8,
895723,126593,8,
857833,170565,8,
850200,164752,8,
845303,150476,8,
877422,134877,8,
850153,155701,8,
819256,201704,8,
871689,155981,8,
818014,140185,8,
815298,167390,8,
864088,171351,8,
902529,162041,8,
908069,146564,8,
799326,106384,-1,
854996,81095,-1,
843813,182032,8,
888504,147016,8,
877964,242679,-1,
851866,156896,8,
821361,175823,8,
810775,160434,8,
843150,156573,8,
844088,150085,8,
830620,117906,8,
835790,127898,8,
819541,117296,8,
858703,157931,8,
857846,153281,8,
876408,183646,8,
842576,153072,8,
848974,199427,8,
862925,243856,-1,
856561,128799,8,
834171,189042,8,
872516,217570,8,
869167,105039,8,
819670,183364,8,
846575,159002,8,
895127,152283,8,
830445,186055,8,
792179,148539,8,
852410,187705,8,
853554,158012,8,
927170,250593,-1,
825605,167750,8,
846731,162515,8,
878170,123364,8,
884966,133900,8,
866987,154415,8,
846284,113820,8,
873474,159567,8,
878258,158631,8,
882306,173836,8,
856924,169071,8,
794260,129843,8,
851568,114049,8,
868736,179354,8,
925732,210388,-1,
868375,161990,8,
855593,161003,8,
849599,157084,8,
868317,177001,8,
800304,163436,8,
823740,169808,8,
856202,158811,8,
883929,121705,8,
851010,157593,8,
872506,157517,8,
850533,160136,8,
816393,185056,8,
850911,157772,8,
812942,85345,-1,
835581,147664,8,
913298,162009,8,
858172,137586,8,
872781,154295,8,
871597,185239,8,
923120,170161,8,
837019,215527,8,
835702,176502,8,
837017,154170,8,
859177,143273,8,
866851,129505,8,
855852,134834,8,
924289,171369,8,
860154,113364,8,
836739,162321,8,
850775,162968,8,
884750,154317,8,
849681,125345,8,
854463,159977,8,
883567,161769,8,
848137,87922,-1,
823676,152154,8,
848135,130674,8,
844400,150812,8,
864494,136669,8,
878157,210496,8,
851088,157432,8,
786528,104976,-1,
860106,157080,8,
861412,205239,8,
820675,168154,8,
834036,144156,8,
842907,133992,8,
846720,162060,8,
871544,144135,8,
849003,115373,8,
856753,145184,8,
839757,190518,8,
865113,161302,8,
846936,161313,8,
845802,172285,8,
844357,163402,8,
881106,105566,-1,
877835,151890,8,
839445,149778,8,
866560,165110,8,
845798,213118,8,
818668,120458,8,
831446,182864,8,
900955,185733,8,
836647,167267,8,
874672,104851,8,
849126,121710,8,
889142,154467,8,
855993,225023,8,
854095,158510,8,
850787,125678,8,
859298,139834,8,
829216,121494,8,
837676,148639,8,
851919,127963,8,
841353,125628,8,
848563,117708,8,
893106,176595,8,
852503,146551,8,
848290,143184,8,
825541,151495,8,
883231,232031,-1,
864667,143614,8,
805089,96540,-1,
854909,149938,8,
847097,176660,8,
910435,171155,8,
878749,188759,8,
871780,158486,8,
841292,155620,8,
846011,160034,8,
855969,193497,8,
860927,110775,8,
808069,134402,8,
848413,183717,8,
791722,162000,8,
852104,134678,8,
806567,140259,8,
847423,161535,8,
867993,162841,8,
828038,149181,8,
849404,170474,8,
841967,150890,8,
850945,161669,8,
888697,143969,8,
813868,188928,8,
864991,159874,8,
881109,152198,8,
811694,188374,8,
900360,153622,8,
885764,151791,8,
814553,164190,8,
895623,178393,8,
829790,205695,8,
865170,173755,8,
850453,155432,8,
864211,216526,8,
848770,111076,8,
791199,164843,8,
834165,140684,8,
843905,219401,8,
857328,143692,8,
838146,159541,8,
340693,569371,9,
315965,587160,9,
405652,622938,-1,
359831,554975,9,
349296,557688,9,
289423,559134,9,
408689,562521,9,
321312,574721,9,
286568,547471,9,
370259,585265,9,
339967,562602,9,
410917,614521,9,
283570,563726,9,
347197,591316,9,
342064,570045,9,
317331,556086,9,
335792,541310,9,
330455,568758,9,
366794,582584,9,
378697,591764,9,
339981,565418,9,
338342,566864,9,
338474,563350,9,
432052,613723,-1,
340064,550509,9,
334354,578047,9,
296775,572432,9,
353335,592567,9,
334016,562797,9,
328438,532686,9,
365927,571713,9,
343247,564376,9,
325057,581121,9,
330881,579058,9,
378648,579579,9,
339115,566863,9,
333299,597586,9,
367048,553451,9,
345840,561591,9,
366934,581294,9,
358793,547046,9,
393570,579641,9,
304399,545221,9,
353979,578923,9,
337002,589527,9,
327738,559624,9,
334549,579199,9,
297110,556485,9,
327403,548875,9,
413894,564459,9,
326043,553772,9,
337811,558454,9,
333901,532836,9,
340545,568654,9,
358483,554925,9,
318065,581616,9,
367751,578289,9,
331667,570387,9,
321519,561045,9,
299578,572052,9,
339632,536577,9,
339993,544064,9,
268672,508874,-1,
332960,569308,9,
345042,566973,9,
352220,602793,9,
333934,537464,9,
312386,555195,9,
334182,558498,9,
335328,562880,9,
303637,570253,9,
353145,580916,9,
325118,556212,9,
294310,563522,9,
371563,547746,9,
373894,555347,9,
407040,577739,9,
337298,565486,9,
357813,572855,9,
304157,566007,9,
335918,566525,9,
330127,570072,9,
339212,538693,9,
357275,551101,9,
334785,565575,9,
326152,563230,9,
345903,561314,9,
238748,551038,-1,
331175,551842,9,
352520,566829,9,
341675,560197,9,
354746,552404,9,
412500,594675,9,
277027,536847,9,
322209,547247,9,
375619,553791,9,
288068,561932,9,
344770,570309,9,
284031,566654,9,
324442,567881,9,
356246,549756,9,
404420,577532,9,
336829,562228,9,
293591,522132,9,
342963,582232,9,
338860,561151,9,
324055,590810,9,
328331,541094,9,
357737,597104,9,
392534,593343,9,
298665,568245,9,
343376,575709,9,
338863,563107,9,
361370,552483,9,
338935,567577,9,
350117,535859,9,
371000,555062,9,
368617,554066,9,
331795,529654,9,
344237,573700,9,
280110,522025,9,
328657,564864,9,
452457,597461,-1,
333669,542228,9,
320628,564596,9,
316642,553340,9,
340712,563178,9,
349955,535578,9,
261538,525920,-1,
411008,607342,9,
317136,563479,9,
297022,574097,9,
319927,524637,9,
359772,568428,9,
344791,578536,9,
324093,580491,9,
373907,558472,9,
321905,573147,9,
341721,576427,9,
386373,606623,9,
338588,543875,9,
341578,558672,9,
371616,570648,9,
331987,568997,9,
341329,565571,9,
334350,556417,9,
330482,571217,9,
338950,572545,9,
289087,565427,9,
343997,585193,9,
225786,529417,-1,
365567,547606,9,
320827,519618,9,
286990,529505,9,
321517,569562,9,
388806,569524,9,
411796,581307,9,
331440,551885,9,
325958,573367,9,
348171,569251,9,
344239,530765,9,
419151,577335,9,
321309,569996,9,
386377,574187,9,
342099,561508,9,
366688,562413,9,
321657,538660,9,
403004,613466,9,
363304,553764,9,
384922,582877,9,
304556,568584,9,
336787,538925,9,
327998,571265,9,
303269,531608,9,
313649,523765,9,
337889,558031,9,
360165,553303,9,
340032,561740,9,
338634,564414,9,
351459,565704,9,
412767,593558,9,
283474,532727,9,
336928,557412,9,
366478,594677,9,
343450,570659,9,
331616,565089,9,
354529,573677,9,
276703,559740,9,
282066,560178,9,
331366,567311,9,
321910,573825,9,
290107,571927,9,
281979,518199,9,
374695,563163,9,
340191,567638,9,
338583,563529,9,
358312,559466,9,
338474,564151,9,
338205,566246,9,
342901,582886,9,
265815,540385,-1,
304086,576100,9,
347966,563506,9,
346144,560472,9,
352381,592377,9,
318681,528806,9,
369366,561201,9,
310041,533285,9,
344314,595915,9,
363956,609339,9,
328586,551385,9,
330767,552963,9,
312558,520650,9,
315850,573154,9,
379388,567285,9,
329905,579935,9,
352209,548608,9,
357679,548036,9,
339288,588052,9,
330335,568221,9,
341559,562163,9,
341925,569393,9,
327695,543105,9,
335999,549795,9,
302359,534317,9,
332586,566187,9,
330750,561657,9,
400380,588221,9,
337910,562252,9,
336549,565597,9,
343717,559909,9,
332116,594868,9,
358384,556361,9,
415881,584352,9,
345164,579614,9,
316395,537403,9,
340970,564831,9,
340383,600071,9,
326627,534442,9,
356865,545785,9,
306298,551902,9,
347575,565576,9,
302583,571881,9,
352424,557574,9,
279008,521035,9,
335029,553213,9,
338753,563384,9,
324032,577807,9,
327973,534972,9,
321924,527106,9,
345495,579864,9,
385091,599401,9,
361138,551307,9,
332884,533990,9,
269126,508814,-1,
350056,566657,9,
374117,546122,9,
350283,559840,9,
335525,567445,9,
350798,535657,9,
289002,520678,9,
324516,522674,9,
364844,571623,9,
351815,574947,9,
275524,559548,9,
348773,583528,9,
308966,523409,9,
316313,570785,9,
341966,561987,9,
341446,538787,9,
318823,565345,9,
347522,587567,9,
293746,544468,9,
334983,572690,9,
325125,564342,9,
330145,546705,9,
336336,563145,9,
302353,545544,9,
321216,569834,9,
285152,520229,9,
335027,565050,9,
332270,556288,9,
341016,545280,9,
339640,561426,9,
338633,563504,9,
324952,565867,9,
353583,554147,9,
385183,556284,9,
292636,520371,9,
289176,571435,9,
310944,559497,9,
336974,563207,9,
337173,557853,9,
396903,591235,9,
324440,567074,9,
333378,557892,9,
300366,565761,9,
344437,529492,9,
325871,558965,9,
367641,556309,9,
344552,554676,9,
297212,546223,9,
355924,577596,9,
331340,524203,9,
292932,558293,9,
306346,523584,9,
341966,586266,9,
282430,560217,9,
326251,549298,9,
335201,585318,9,
351564,573155,9,
322365,530808,9,
405542,600089,9,
296763,528676,9,
221233,538472,14,
338084,560295,9,
345674,579033,9,
325883,560492,9,
345123,577788,9,
329859,564384,9,
353939,570931,9,
409616,575024,9,
365058,545456,9,
404782,557913,9,
368724,598412,9,
344096,575522,9,
182618,346663,10,
171461,348130,10,
186536,330019,10,
177241,292639,10,
248683,383412,-1,
174057,358906,10,
215243,289985,-1,
170688,343596,10,
144502,345417,10,
165689,356983,10,
168443,367928,10,
165158,343946,10,
159711,352701,10,
175781,341039,10,
233480,289069,-1,
189029,366740,10,
168573,350387,10,
170271,306395,10,
192775,350028,10,
152054,345632,10,
139299,314046,10,
202053,322650,10,
134695,350397,10,
159654,381778,10,
188093,324040,10,
183236,338163,10,
156984,430950,-1,
182751,435819,-1,
198908,372797,10,
198517,325721,10,
161345,350804,10,
210497,359835,10,
141993,331189,10,
170788,373545,10,
166449,363036,10,
155479,345893,10,
186380,363938,10,
129332,360811,10,
224225,376975,-1,
165945,345849,10,
223550,323197,10,
122755,434879,-1,
166584,349245,10,
179472,342273,10,
148749,359845,10,
177505,332053,10,
160222,380591,10,
178869,370161,10,
170002,370000,10,
164354,347671,10,
169966,368623,10,
145867,363616,10,
181561,358111,10,
164915,350360,10,
166973,341636,10,
153181,277968,10,
155505,355581,10,
160835,347784,10,
211265,396792,-1,
203254,362605,10,
137967,354539,10,
174064,357989,10,
179609,408365,10,
176506,351827,10,
172879,347028,10,
180506,330980,10,
185966,359964,10,
146070,316860,10,
152957,321354,10,
163190,331719,10,
186914,361706,10,
159191,309314,10,
170425,316185,10,
162040,316797,10,
195000,354829,10,
126702,351222,10,
213064,290947,-1,
140612,350010,10,
172885,352621,10,
170155,343568,10,
186806,334070,10,
146072,288800,10,
169293,348686,10,
169502,411323,10,
152861,407965,-1,
156041,295117,10,
117585,391892,-1,
163981,344090,10,
158664,310765,10,
141113,351050,10,
163796,345091,10,
160369,353500,10,
235671,300234,-1,
140876,334435,10,
108232,373112,10,
192460,388323,10,
133744,308918,10,
216209,437830,-1,
156945,339397,10,
199859,316334,10,
159496,331641,10,
167845,341409,10,
182435,365508,10,
133795,360518,10,
169628,365003,10,
167262,399527,10,
177728,352687,10,
130683,363204,10,
198197,344933,10,
197735,355477,10,
172020,342883,10,
185561,342784,10,
202011,337353,10,
157394,346500,10,
182050,424341,10,
129664,341196,10,
173188,355248,10,
182499,310438,10,
170384,339979,10,
182093,321311,10,
185696,338006,10,
102221,374657,-1,
165881,364469,10,
164875,349007,10,
159120,340829,10,
168274,374689,10,
178495,373915,10,
179811,342089,10,
162606,363185,10,
173908,362098,10,
133580,348602,10,
190634,357254,10,
186503,369651,10,
127134,379827,-1,
169145,355279,10,
140121,346875,10,
141860,324304,10,
200251,306215,10,
174373,363552,10,
170022,347877,10,
165657,338722,10,
186361,351075,10,
213022,338238,10,
155228,357729,10,
171614,435530,-1,
175586,365049,10,
187858,381077,10,
171074,293610,10,
153738,360530,10,
199043,270173,-1,
165886,348709,10,
159428,300364,10,
197463,378513,10,
161273,347538,10,
186082,330058,10,
143732,279724,10,
142899,329415,10,
156977,424622,-1,
174878,362329,10,
148915,338914,10,
187324,377187,10,
175766,380534,10,
185071,362905,10,
158550,354818,10,
174672,345849,10,
169880,343122,10,
109090,326101,10,
187854,354777,10,
153903,353738,10,
190241,329582,10,
102983,382712,-1,
143117,345163,10,
188985,367645,10,
174834,411644,10,
144228,344974,10,
146821,297434,10,
171848,343242,10,
94382,320888,-1,
154412,310120,10,
176490,344679,10,
170616,352610,10,
81648,360080,-1,
153607,379395,10,
183970,355973,10,
105444,361358,10,
158571,361986,10,
177579,319865,10,
198892,322470,10,
216975,296647,-1,
166654,350678,10,
189102,333074,10,
198712,303299,10,
137098,384889,10,
144306,328086,10,
142455,343512,10,
178319,318244,10,
168886,353913,10,
174656,393278,10,
130805,354417,10,
176433,350561,10,
142252,329183,10,
165476,377389,10,
210102,333312,10,
129453,321221,10,
144705,375936,10,
206687,342276,10,
153583,352282,10,
189499,356601,10,
159392,351000,10,
181463,326571,10,
162975,335389,10,
157691,334886,10,
154167,353183,10,
165607,362883,10,
182239,333302,10,
176982,354631,10,
183516,374212,10,
191099,341570,10,
184570,360446,10,
207804,354938,10,
198493,326704,10,
149269,341445,10,
184798,392233,10,
174438,319075,10,
107124,325984,10,
76052,360840,-1,
159302,337993,10,
140101,341028,10,
168149,345638,10,
150009,371014,10,
157193,350343,10,
111476,358647,10,
151164,332239,10,
171318,373473,10,
175169,349454,10,
162600,392531,10,
168067,340249,10,
170102,323164,10,
124132,340448,10,
149863,284721,10,
168079,347343,10,
128953,304971,10,
169228,364545,10,
198415,321418,10,
183610,321788,10,
220869,407358,-1,
159472,372246,10,
170837,353968,10,
165653,317602,10,
135537,356169,10,
166973,334724,10,
158750,312102,10,
161448,373412,10,
158713,379013,10,
180493,319750,10,
125715,302114,10,
194033,340466,10,
158871,312380,10,
161387,343617,10,
169121,347594,10,
167653,352074,10,
125902,318850,10,
217686,296514,-1,
171986,429306,-1,
211360,279794,-1,
157181,346842,10,
188909,341194,10,
140128,325904,10,
117874,389929,-1,
162921,317643,10,
173978,346514,10,
98533,355691,10,
194956,372256,10,
164847,287064,10,
174410,372064,10,
149092,352682,10,
166323,352927,10,
178515,370287,10,
169337,348605,10,
122986,334382,10,
145282,391482,10,
185919,363092,10,
180519,368284,10,
181227,347052,10,
168284,309036,10,
198251,335402,10,
160922,347681,10,
141861,328909,10,
147911,328024,10,
178264,330827,10,
178235,346006,10,
195151,317753,10,
122360,357480,10,
167330,332452,10,
115363,305575,10,
185661,404482,10,
177858,352255,10,
113068,317574,10,
125675,360158,10,
172842,351663,10,
124724,459999,-1,
169069,348929,10,
185253,344152,10,
155625,262321,-1,
158201,315944,10,
171277,361020,10,
209553,326461,10,
160165,362858,10,
190725,336160,10,
169994,409806,10,
179463,361279,10,
172662,388185,10,
165284,425978,-1,
160206,303063,10,
155690,368375,10,
124516,325289,10,
179326,321160,10,
165573,305517,10,
155508,372355,10,
166799,318482,10,
161780,324523,10,
168805,351913,10,
206519,355629,10,
163091,350167,10,
176144,353300,10,
179483,359645,10,
213951,352868,10,
164046,346109,10,
169569,346955,10,
225356,318394,10,
214966,358837,10,
159253,343477,10,
219779,330969,10,
169876,340860,10,
669118,354195,-1,
613682,399434,11,
617399,392653,11,
629247,364078,11,
641070,424917,11,
609532,388425,11,
629369,398359,11,
605911,379990,11,
622550,391601,11,
607905,403460,11,
679465,399014,11,
608711,373665,11,
623498,399288,11,
601212,370698,11,
574989,407228,11,
563517,391159,11,
687717,379483,11,
616040,330855,-1,
653024,367312,11,
607440,403119,11,
620240,397022,11,
599215,391457,11,
587478,424878,11,
613921,394043,11,
624328,392133,11,
635887,384511,11,
559877,401053,11,
617755,401065,11,
693265,388552,11,
559933,403956,11,
655859,416496,11,
625919,402984,11,
595215,391491,11,
617493,379303,11,
598657,442558,11,
601644,436831,11,
617118,374098,11,
591051,389443,11,
617296,386864,11,
616468,394118,11,
630384,376295,11,
558770,390646,11,
637332,414017,11,
556780,409205,11,
577473,384210,11,
650054,432740,11,
595063,328609,-1,
714443,433876,-1,
603566,410391,11,
562356,383175,11,
546166,423311,-1,
626539,394908,11,
663820,416308,11,
710910,464586,-1,
624310,398408,11,
632546,389750,11,
667249,417107,11,
608309,377530,11,
611357,393577,11,
658219,436184,11,
615032,402225,11,
628131,406850,11,
632390,363198,11,
575116,345564,-1,
625784,441883,11,
618893,419740,11,
579564,428498,11,
686324,364237,11,
586242,396484,11,
623248,399928,11,
609219,362804,11,
537211,376777,-1,
605310,394011,11,
634973,450542,11,
595411,413706,11,
613037,419086,11,
617444,397675,11,
633304,366062,11,
592620,446156,11,
631633,337973,11,
619637,395224,11,
620330,398630,11,
621964,409409,11,
618446,372298,11,
629789,426313,11,
608687,374928,11,
680646,375662,11,
591831,438997,11,
550086,442382,-1,
620330,396776,11,
551236,401856,11,
617178,414525,11,
584938,344365,-1,
622636,456843,11,
649987,408293,11,
613719,382828,11,
576987,392508,11,
599766,409755,11,
584077,398498,11,
695514,321521,-1,
561388,355834,-1,
691600,397893,11,
610676,449688,11,
600114,413216,11,
626811,372435,11,
636291,360636,11,
570384,393553,11,
626700,401688,11,
624106,398619,11,
523329,404632,-1,
611954,360938,11,
613536,395801,11,
576488,397913,11,
652745,406585,11,
603193,371867,11,
610026,444858,11,
629725,405117,11,
648429,422590,11,
562772,382904,11,
638823,411764,11,
617764,397102,11,
579922,379009,11,
610698,396326,11,
642607,374702,11,
621629,397208,11,
659321,404555,11,
576235,462612,-1,
598628,425191,11,
623502,420376,11,
665965,449273,-1,
608923,385575,11,
611579,407670,11,
617573,386848,11,
589862,418742,11,
653325,396810,11,
605073,372055,11,
623137,408209,11,
499262,398424,-1,
619339,401624,11,
619295,397643,11,
578878,420108,11,
533577,355107,-1,
615934,426539,11,
690195,475150,-1,
673514,390760,11,
657120,386782,11,
549945,372313,-1,
675858,410545,11,
626586,415166,11,
618449,404599,11,
638783,399478,11,
578113,395458,11,
622557,361134,11,
635324,420555,11,
666135,430421,11,
689725,465685,-1,
593601,445149,11,
615094,383077,11,
624599,417673,11,
573969,434110,11,
642881,403147,11,
634383,422065,11,
582389,428200,11,
617330,369828,11,
621989,394856,11,
651828,468138,-1,
612936,398723,11,
613351,407952,11,
562777,437516,11,
533212,366954,-1,
618113,400002,11,
609344,448128,11,
615342,413931,11,
623989,368662,11,
620187,400168,11,
687638,439257,-1,
573925,449341,11,
547270,403384,11,
619318,361696,11,
588432,446279,11,
592924,393730,11,
615325,383841,11,
611875,422910,11,
681941,370225,11,
620818,396967,11,
662154,385013,11,
554938,347875,-1,
628655,321099,-1,
619628,399433,11,
660333,393215,11,
618391,348381,11,
565829,395454,11,
617689,397001,11,
604554,393193,11,
572417,403906,11,
659193,384523,11,
632060,367800,11,
633894,404424,11,
620610,395343,11,
615175,397627,11,
624293,333944,-1,
593689,316888,-1,
617319,374666,11,
572244,349463,-1,
619239,400025,11,
621622,390298,11,
622101,371771,11,
630205,338054,11,
654147,407182,11,
637594,420311,11,
629004,392271,11,
585207,336451,-1,
618349,397614,11,
650157,402991,11,
638966,486628,-1,
655201,411873,11,
602335,433298,11,
630706,388370,11,
617428,397343,11,
621537,390372,11,
631365,450732,11,
618406,404239,11,
601390,453925,11,
603945,361794,11,
619427,396945,11,
660103,414557,11,
700340,335010,-1,
608182,416637,11,
661166,404325,11,
620939,385731,11,
626371,349696,11,
614683,367259,11,
619332,401992,11,
587453,401098,11,
652349,321291,-1,
617954,395504,11,
636807,424537,11,
533889,333741,-1,
623386,387031,11,
632952,385722,11,
695010,449565,-1,
626843,367696,11,
488205,420586,-1,
611547,411952,11,
621241,368090,11,
581240,362971,-1,
608747,363132,11,
662177,420431,11,
615665,405490,11,
617447,366176,11,
560393,389490,11,
685785,409913,11,
623433,400160,11,
609091,437020,11,
624343,403629,11,
668879,388617,11,
567105,437623,11,
657450,365008,11,
591955,378142,11,
588952,437524,11,
607665,447516,11,
608601,418450,11,
662830,420955,11,
605891,428146,11,
615239,317684,-1,
588933,366439,11,
618053,357534,11,
577773,434308,11,
606558,458285,11,
620955,389692,11,
738190,371970,-1,
634661,446187,11,
571692,449353,11,
605650,447537,11,
639502,371440,11,
684568,380640,11,
658735,399039,11,
618157,384990,11,
618869,398187,11,
603388,403039,11,
585255,415823,11,
639507,438534,11,
594112,399331,11,
619475,400592,11,
571570,375257,11,
659297,373975,11,
603285,449307,11,
610199,394579,11,
590500,418472,11,
630904,404643,11,
591725,406549,11,
621560,397789,11,
563182,367521,11,
593879,444161,11,
616054,371666,11,
627679,395601,11,
608195,447380,11,
616737,397973,11,
650120,324477,-1,
616926,398697,11,
650859,460072,-1,
642157,345545,11,
601369,411415,11,
604703,392288,11,
721905,378957,-1,
619415,397644,11,
571043,347389,-1,
659191,459637,-1,
629978,400626,11,
688487,383589,11,
598053,438963,11,
635242,356290,11,
605899,412428,11,
656642,407213,11,
619924,406713,11,
630067,372798,11,
600007,377908,11,
589164,386733,11,
630491,379017,11,
618676,377015,11,
639613,388524,11,
669409,415893,11,
681608,436537,-1,
649968,371445,11,
629000,417990,11,
658884,390135,11,
605407,427914,11,
629891,414975,11,
621778,364695,11,
610722,418243,11,
601599,388540,11,
615649,429323,11,
627206,402647,11,
643965,366316,11,
614877,402442,11,
606486,420054,11,
668482,358452,11,
628715,434772,11,
196462,887983,12,
335970,846828,-1,
272394,837600,12,
211165,825505,12,
226433,837646,12,
219686,859997,12,
242087,844255,12,
213558,873714,12,
245144,845719,12,
247997,878582,12,
283576,809069,12,
224676,859348,12,
298214,820903,12,
245468,859425,12,
222704,824909,12,
250921,819639,12,
249209,801933,12,
230591,874855,12,
234091,876039,12,
286769,862152,12,
224789,866804,12,
245023,849247,12,
263626,851699,12,
250198,825417,12,
231263,863308,12,
307605,840195,12,
276635,875623,12,
230399,842538,12,
274070,798617,12,
247939,831010,12,
209922,850026,12,
300726,862728,12,
222727,770963,-1,
239505,885057,12,
291561,845450,12,
221122,832810,12,
194258,914691,-1,
228928,855040,12,
264627,808661,12,
225916,843329,12,
240221,843932,12,
276600,823311,12,
204854,810013,-1,
278326,829095,12,
246047,846189,12,
251032,876118,12,
285258,848668,12,
260943,889692,12,
245928,867228,12,
221002,870506,12,
292872,896822,-1,
261896,897475,12,
269723,849664,12,
243941,843256,12,
249370,872804,12,
237120,856814,12,
257472,849587,12,
253703,834676,12,
238080,830689,12,
225991,869734,12,
231781,799444,12,
296892,901182,-1,
234604,822462,12,
241473,860854,12,
219864,842635,12,
235901,856563,12,
207217,878249,12,
256949,820470,12,
204597,863162,12,
325275,866433,12,
239344,814789,12,
187894,871219,12,
259973,862559,12,
189752,865463,12,
245707,844466,12,
188480,870646,12,
305915,854818,12,
242443,851797,12,
227138,824372,12,
229970,878786,12,
281971,825246,12,
241166,845204,12,
225846,874086,12,
284077,905181,-1,
258975,837353,12,
241972,840749,12,
245602,857160,12,
227363,836593,12,
257926,936947,-1,
237689,839510,12,
267799,847911,12,
207552,772091,-1,
201567,881003,12,
265125,820661,12,
273165,852766,12,
290210,818593,12,
256487,868899,12,
271395,862063,12,
251958,886571,12,
249253,856047,12,
268289,878265,12,
295375,861990,12,
256316,818886,12,
246470,842932,12,
314666,849163,12,
298979,774144,-1,
192885,887667,12,
227819,900986,12,
250003,859517,12,
249857,844975,12,
218369,851387,12,
252586,806474,12,
283017,850861,12,
228095,843338,12,
266980,825990,12,
241381,844402,12,
294053,878220,12,
253339,750941,-1,
241413,845029,12,
294326,807584,12,
257856,846423,12,
248210,886338,12,
216846,737568,-1,
244743,830888,12,
277055,860813,12,
279923,805957,12,
235041,823732,12,
238524,842928,12,
246453,883061,12,
260590,827955,12,
274554,845338,12,
245254,907991,12,
299821,866288,12,
261120,804153,12,
246729,879602,12,
240308,844341,12,
220620,819091,12,
268926,813783,12,
234219,845270,12,
188424,849785,12,
240171,843940,12,
163766,859386,-1,
191257,802651,-1,
224852,934148,-1,
261093,844962,12,
228711,848090,12,
183478,851724,-1,
201080,823689,12,
118590,857150,-1,
264798,767716,-1,
313609,860065,12,
232246,844226,12,
237757,834092,12,
222682,806314,12,
243331,844022,12,
197362,870337,12,
229857,843917,12,
244257,776516,-1,
224083,852922,12,
309399,838744,12,
271205,817620,12,
242247,864253,12,
235337,831592,12,
232357,810798,12,
252199,828023,12,
267049,950249,-1,
245678,821691,12,
241138,844374,12,
246182,840370,12,
264175,824349,12,
266977,887963,12,
274685,883097,12,
244260,847060,12,
256073,917590,12,
258416,835432,12,
241687,844256,12,
282603,846165,12,
228032,893055,12,
226949,889283,12,
264274,813041,12,
139601,914203,-1,
229131,842806,12,
236274,861302,12,
261819,863523,12,
200005,825237,12,
310591,841778,12,
244049,817710,12,
235022,911236,12,
256512,837094,12,
236495,861569,12,
256889,880721,12,
258528,856273,12,
233284,860085,12,
257480,849037,12,
269354,811847,12,
222445,891438,12,
222356,840843,12,
236207,886769,12,
174371,864697,-1,
159683,838958,-1,
237750,837381,12,
241545,838673,12,
256082,831969,12,
246468,838071,12,
205919,844377,12,
266111,813259,12,
244246,847589,12,
244899,812192,12,
219316,898830,12,
251866,864044,12,
238308,790723,12,
209264,836661,12,
242519,845811,12,
351883,890475,-1,
278929,842054,12,
244027,850132,12,
248570,843156,12,
224681,858432,12,
210276,824826,12,
220884,916718,-1,
240846,841609,12,
257093,801567,12,
236749,813868,12,
332237,911313,-1,
288954,846991,12,
238084,844799,12,
236431,844100,12,
299772,828655,12,
241633,846949,12,
230107,858332,12,
256216,903741,12,
258135,880184,12,
232331,872896,12,
183583,787453,-1,
264293,890923,12,
213208,833959,12,
224288,931476,-1,
261622,869706,12,
297183,841456,12,
241849,815141,12,
308616,811021,12,
220931,876605,12,
289719,866638,12,
233931,838374,12,
224694,848663,12,
240645,855514,12,
229567,855332,12,
247613,815836,12,
239387,847822,12,
257788,880587,12,
245532,846331,12,
224241,828996,12,
227582,856861,12,
244618,845420,12,
213775,841758,12,
243511,830743,12,
244799,841688,12,
216061,848623,12,
294492,832336,12,
248931,844960,12,
267478,894783,12,
228715,837572,12,
269483,848608,12,
248276,844455,12,
236987,881080,12,
223732,826580,12,
230149,886583,12,
265299,859533,12,
181803,799487,-1,
247210,859012,12,
261633,773355,-1,
262370,891499,12,
250394,847577,12,
222019,839774,12,
238328,770068,-1,
208941,860169,12,
238714,858826,12,
241005,825301,12,
270742,847836,12,
238492,833394,12,
312726,853829,12,
286663,846902,12,
261796,819395,12,
253890,807676,12,
242415,844335,12,
134134,842630,-1,
163956,833732,-1,
250359,849451,12,
295357,842293,12,
218942,848326,12,
205466,778884,-1,
253899,862843,12,
244966,841126,12,
208494,850615,12,
221126,837878,12,
271093,861412,12,
216543,842952,12,
255185,825960,12,
251070,877802,12,
264565,859237,12,
228611,836717,12,
228517,837056,12,
198583,860431,12,
215976,836025,12,
254411,848090,12,
168036,807011,-1,
292194,906490,-1,
243951,865415,12,
260922,785987,-1,
245740,814541,12,
317675,838127,12,
274505,864723,12,
230049,865536,12,
235084,818866,12,
172690,847721,-1,
221706,875060,12,
236740,853169,12,
298800,824277,12,
265246,889333,12,
219498,851932,12,
247484,846372,12,
288675,919879,-1,
229280,813483,12,
282622,879222,12,
307300,836132,12,
238260,882489,12,
219049,825171,12,
219321,848396,12,
240028,849354,12,
212009,864463,12,
246857,852483,12,
245118,811283,12,
247855,794626,12,
253655,821946,12,
241475,850889,12,
210162,860529,12,
204922,854068,12,
225567,853078,12,
245258,799882,12,
257134,845851,12,
187314,815820,-1,
294275,174786,13,
329428,66056,-1,
325938,164475,13,
253129,154296,13,
319838,170383,13,
240213,118409,-1,
283784,178305,13,
376613,159699,13,
338717,181582,13,
304283,183656,13,
314519,146787,13,
270899,175377,13,
291228,101272,13,
291170,110147,13,
321522,163852,13,
202627,179376,-1,
307913,91419,13,
311093,169734,13,
321775,164846,13,
294832,124284,13,
295537,91032,13,
383044,180418,-1,
338570,192256,13,
337894,175289,13,
359796,165920,13,
316263,163806,13,
320972,170417,13,
277860,111893,13,
367806,123963,-1,
359352,162962,13,
350964,149159,13,
332201,181702,13,
287966,150135,13,
346942,152780,13,
232784,169847,13,
292492,99170,13,
334529,166765,13,
363208,238649,-1,
196795,190277,-1,
353333,113156,13,
373191,88470,-1,
333789,151168,13,
339732,163158,13,
321822,187102,13,
276792,141848,13,
308044,164482,13,
311328,159477,13,
383052,89061,-1,
316820,150304,13,
314479,178821,13,
310824,144943,13,
333143,200298,13,
300672,175844,13,
339482,151261,13,
319208,164182,13,
321645,164662,13,
308763,166511,13,
308066,145825,13,
360143,155270,13,
348893,195430,13,
319283,158983,13,
332284,194186,13,
292402,184441,13,
361227,221878,13,
313573,109221,13,
310693,154278,13,
344482,215846,13,
358652,186358,13,
330533,214555,13,
320400,160020,13,
267662,127175,-1,
396583,82842,-1,
292193,125417,13,
324121,96346,13,
321344,166633,13,
234837,151054,13,
368060,76739,-1,
347050,150472,13,
245783,109229,-1,
400550,144359,-1,
343217,153037,13,
315488,160339,13,
347406,155708,13,
336845,172750,13,
357014,148222,13,
331862,169092,13,
322140,165212,13,
363075,162238,13,
318738,182134,13,
346717,178180,13,
311819,140674,13,
332032,157725,13,
301983,173386,13,
321556,163352,13,
315830,102777,13,
312275,145173,13,
325861,203058,13,
360703,150999,13,
345976,148333,13,
320210,191459,13,
318665,158107,13,
425563,163524,-1,
264427,188193,13,
348177,179526,13,
265430,151883,13,
320718,158610,13,
380609,185976,13,
345234,188822,13,
362027,150348,13,
300294,178772,13,
315963,174031,13,
333787,189423,13,
337343,156614,13,
334812,137431,13,
347492,153416,13,
324518,167369,13,
353991,193997,13,
274321,219665,-1,
335476,183897,13,
300021,159185,13,
384591,137729,13,
320000,162605,13,
268938,211870,-1,
366146,196571,13,
356280,185198,13,
325767,164095,13,
350480,214608,13,
314791,163370,13,
302582,134124,13,
328851,147002,13,
347039,195468,13,
289531,145743,13,
343018,239960,-1,
271123,163465,13,
326959,154655,13,
332307,189590,13,
310529,141617,13,
380281,205779,-1,
411606,137378,-1,
348191,165419,13,
305292,175260,13,
256120,141529,13,
390934,170420,-1,
358562,112650,13,
355499,224982,13,
363437,77975,-1,
232043,177614,13,
246753,175170,13,
327204,152871,13,
371685,151612,13,
291723,177824,13,
324488,180658,13,
340048,131847,13,
295311,115000,13,
239495,163949,13,
267521,119941,-1,
401396,125431,-1,
260930,184935,13,
336085,170252,13,
291782,159562,13,
307616,207295,13,
352910,145624,13,
294653,104623,13,
372883,222824,-1,
318707,160697,13,
281548,175184,13,
307747,128551,13,
336991,217448,13,
270233,195701,13,
433100,134861,-1,
311433,134432,13,
375353,117180,-1,
315146,160782,13,
311163,166821,13,
305333,171939,13,
332470,161202,13,
302266,185591,13,
370775,144355,13,
314552,151035,13,
343145,172236,13,
331212,162496,13,
299460,144708,13,
383894,179880,-1,
345703,149860,13,
331381,162660,13,
344364,213940,13,
378347,144880,13,
322789,137560,13,
328425,159826,13,
341137,78287,-1,
317771,154916,13,
336266,148507,13,
342066,119083,13,
297177,88467,13,
280519,165350,13,
305901,166656,13,
284757,175853,13,
281732,221764,-1,
321262,178491,13,
344710,213543,13,
311408,168232,13,
356500,188114,13,
304376,222294,-1,
278116,185472,13,
247892,115217,-1,
306326,164202,13,
311516,94189,13,
323747,163351,13,
321778,158339,13,
309501,166931,13,
333942,143344,13,
339393,209145,13,
340996,170964,13,
315333,144566,13,
332853,168141,13,
290958,168323,13,
297731,175876,13,
280274,182662,13,
306540,193434,13,
319155,159850,13,
355168,114823,13,
270201,236813,-1,
347630,120931,13,
446538,180119,15,
371052,147369,13,
403365,215735,-1,
258201,153095,13,
335121,214149,13,
283786,133973,13,
353951,133923,13,
345069,165968,13,
367079,183232,13,
363932,228249,13,
354132,161850,13,
390538,157197,13,
333805,148479,13,
325344,159885,13,
323905,168029,13,
274495,182470,13,
309684,150076,13,
381617,157000,13,
322841,169735,13,
359520,132845,13,
249616,144446,13,
321620,169950,13,
415495,116126,-1,
335742,196692,13,
271424,251323,-1,
340066,152500,13,
327734,163585,13,
346079,220993,13,
276741,143844,13,
377042,182019,13,
400055,131725,-1,
332246,172932,13,
310386,171068,13,
327569,158418,13,
324444,166910,13,
317217,163896,13,
270404,183080,13,
277512,151920,13,
324966,170021,13,
306421,145493,13,
382419,110392,-1,
318266,171979,13,
321245,141627,13,
318192,170844,13,
320821,165455,13,
329029,204399,13,
311065,219934,-1,
287127,192494,13,
283571,109326,13,
308748,199866,13,
369490,164369,13,
270729,67329,-1,
279010,181792,13,
282957,179982,13,
308489,145929,13,
327927,168535,13,
327022,161396,13,
376557,109320,-1,
248427,146381,13,
321182,150806,13,
312337,154488,13,
268518,181514,13,
285865,167818,13,
279251,184486,13,
306042,66361,-1,
318215,180010,13,
293978,197091,13,
338044,233264,13,
293864,241877,-1,
344380,183817,13,
316257,171544,13,
248779,111087,-1,
313783,177198,13,
415534,110526,-1,
296164,96874,13,
315670,160928,13,
339137,160334,13,
290700,196285,13,
307107,174760,13,
325279,168587,13,
328423,161604,13,
333883,276840,-1,
308555,134011,13,
322101,164171,13,
306357,123397,13,
292931,125341,13,
284378,223470,-1,
335003,151395,13,
267212,158699,13,
343851,193618,13,
296627,93375,13,
334980,143900,13,
335235,180161,13,
360945,167952,13,
257841,193878,13,
275288,212315,-1,
331798,143962,13,
333937,51121,-1,
328775,156501,13,
319829,168353,13,
293201,192871,13,
327608,177638,13,
332562,174699,13,
348815,150017,13,
312227,159417,13,
324337,162686,13,
323329,93955,13,
291973,127483,13,
258779,106777,-1,
325360,134919,13,
267264,153034,13,
312421,170617,13,
293350,175997,13,
275459,190178,13,
244344,185382,13,
252845,181181,13,
357923,192120,13,
382720,263255,-1,
326040,156509,13,
165104,543395,14,
139903,592241,14,
132705,557674,14,
114311,601605,14,
102460,533057,14,
185935,554627,14,
123441,594415,14,
97216,564094,14,
110948,539533,14,
101553,517715,14,
133023,574572,14,
144570,573936,14,
136531,557658,14,
173576,507309,14,
179189,536028,14,
141238,557986,14,
156430,615117,14,
69169,631490,-1,
31842,565765,-1,
144620,575370,14,
155899,561715,14,
137451,555339,14,
68388,574380,14,
166290,521714,14,
210499,526471,14,
148319,584541,14,
135336,552552,14,
136606,562296,14,
136301,569544,14,
119386,620549,14,
139212,557713,14,
84501,604671,14,
176602,574552,14,
105945,528795,14,
140989,537156,14,
138449,555969,14,
128669,574591,14,
95749,602775,14,
139460,557260,14,
130440,562623,14,
147885,527813,14,
58190,608304,-1,
151701,574146,14,
148385,538149,14,
142668,544976,14,
145251,553486,14,
142265,546135,14,
202913,525966,14,
192564,547558,14,
179240,577011,14,
182840,584262,14,
144242,557674,14,
135849,550612,14,
101427,615890,14,
143265,548387,14,
112379,547679,14,
137347,622867,14,
139146,569516,14,
125756,579609,14,
77109,512651,-1,
138073,556272,14,
202547,601240,14,
19835,570290,-1,
118137,579149,14,
201324,574588,14,
113259,568684,14,
139052,610320,14,
177246,571940,14,
107972,601191,14,
138199,541774,14,
220156,589643,14,
137787,566189,14,
138122,557230,14,
93136,613387,14,
154620,576738,14,
131523,568207,14,
136967,565662,14,
142886,556511,14,
125005,540340,14,
138965,558201,14,
139474,569485,14,
171471,576787,14,
157138,565993,14,
198294,552987,14,
136078,547418,14,
140164,531093,14,
156003,502860,14,
67867,545392,-1,
133780,533275,14,
116142,550919,14,
148510,579793,14,
179224,584189,14,
149906,546909,14,
29760,557873,-1,
115287,602637,14,
206561,574789,14,
108651,521409,14,
115905,560139,14,
127373,549518,14,
141699,530028,14,
141641,557376,14,
111855,531542,14,
136580,553967,14,
137516,556818,14,
179793,483378,-1,
105568,584102,14,
125840,520239,14,
117212,565692,14,
140717,554093,14,
139033,593287,14,
172882,571145,14,
104862,608089,14,
158366,537970,14,
138525,534268,14,
69565,599820,-1,
94571,528963,14,
153185,562792,14,
147599,513563,14,
223226,546198,-1,
143879,536650,14,
151099,518008,14,
109317,531425,14,
127202,525948,14,
137740,618961,14,
138734,557713,14,
109912,565003,14,
158060,525533,14,
260096,530550,-1,
134449,557556,14,
121650,599844,14,
188992,563992,14,
207218,589497,14,
179830,547383,14,
152331,529689,14,
112184,530469,14,
166904,503121,14,
183026,545377,14,
152658,569277,14,
172116,513383,14,
95899,530846,14,
144325,538991,14,
166597,572855,14,
105193,596017,14,
166840,562425,14,
117089,561455,14,
141718,549576,14,
117959,536156,14,
125351,529954,14,
140706,547367,14,
138012,558263,14,
135284,555664,14,
142663,556520,14,
112673,516997,14,
137657,611252,14,
119237,591137,14,
186380,487625,-1,
113099,546732,14,
176278,550602,14,
158773,588778,14,
140962,518168,14,
144856,551807,14,
155943,576199,14,
152584,564548,14,
165356,570715,14,
127858,609681,14,
257984,555707,-1,
149758,564768,14,
129550,560106,14,
159271,568953,14,
151374,538387,14,
129030,588495,14,
155430,549012,14,
172756,612694,-1,
93459,514032,14,
99569,523174,14,
148080,544056,14,
169322,577938,14,
173847,514665,14,
136418,562926,14,
140047,540043,14,
74519,527539,-1,
146681,562995,14,
110877,562558,14,
95071,503965,-1,
136232,576477,14,
146120,576624,14,
259173,548593,-1,
107965,535173,14,
103153,601002,14,
158283,570550,14,
206219,604081,14,
116492,509399,14,
97430,598804,14,
193275,538687,14,
116860,550810,14,
179834,541387,14,
143226,522375,14,
111174,539350,14,
94933,588147,14,
139434,557410,14,
131532,536658,14,
38179,532155,-1,
113321,606322,14,
123905,508486,14,
201753,569116,14,
206660,575002,14,
138884,529162,14,
139636,565984,14,
110479,594587,14,
76253,529394,-1,
160280,493497,14,
161475,587507,14,
149054,556986,14,
223408,520131,-1,
158596,562634,14,
141991,539522,14,
137172,523482,14,
161154,538355,14,
130157,581286,14,
142000,554964,14,
86243,559135,14,
130883,557824,14,
127964,538935,14,
122130,568886,14,
210597,589836,14,
139847,552015,14,
147664,559632,14,
167716,562762,14,
130657,555545,14,
165382,518876,14,
221994,575146,14,
87236,607429,14,
154268,542573,14,
197367,535989,14,
133094,557996,14,
155274,552551,14,
139911,561185,14,
146924,565933,14,
146183,622188,14,
176092,531921,14,
184402,546549,14,
139641,557503,14,
170816,547069,14,
156474,570384,14,
146678,558942,14,
136569,532130,14,
162124,500069,14,
127503,623654,14,
182854,534283,14,
141222,572556,14,
177665,557923,14,
201907,516078,14,
130249,579307,14,
166560,559687,14,
138220,560056,14,
134725,537440,14,
127940,590467,14,
143592,606949,14,
64979,538104,-1,
94061,576129,14,
79285,554817,14,
103192,550021,14,
198823,538624,14,
145758,562414,14,
211584,591058,14,
139451,549580,14,
220224,592068,14,
150404,539885,14,
142767,538646,14,
143912,595772,14,
184412,537050,14,
55359,623076,-1,
137197,556522,14,
138461,558771,14,
80673,566893,14,
203667,577260,14,
94249,600812,14,
145244,561042,14,
94458,533883,14,
130201,562734,14,
98675,580608,14,
134422,544300,14,
141771,551655,14,
141924,558399,14,
137316,562151,14,
143363,551365,14,
197849,575524,14,
134261,519275,14,
129997,568115,14,
170494,560892,14,
164453,544085,14,
128788,546091,14,
88703,577217,14,
131109,568012,14,
95074,570002,14,
232047,522748,-1,
125548,552424,14,
142563,560090,14,
118391,553625,14,
132497,593125,14,
162713,586568,14,
122296,566921,14,
56907,586609,-1,
48143,523870,-1,
104489,542515,14,
130582,565948,14,
180633,570302,14,
241485,523039,-1,
178005,594957,14,
211266,534538,14,
137680,555667,14,
144401,565666,14,
101722,535117,14,
115781,594942,14,
107160,530936,14,
139978,587153,14,
179931,536588,14,
105353,589239,14,
119496,543146,14,
142575,517378,14,
76661,531044,-1,
137699,556769,14,
154964,554923,14,
142516,559062,14,
98525,579761,14,
163925,576666,14,
153326,558408,14,
262846,559590,9,
102898,592834,14,
138349,554238,14,
193502,557364,14,
202175,495076,-1,
154162,536416,14,
77875,516899,-1,
163477,561507,14,
131874,552586,14,
120357,560737,14,
119535,551857,14,
114108,540537,14,
136059,558213,14,
121786,564225,14,
233105,591646,14,
149760,577278,14,
139237,548782,14,
34795,606311,-1,
147663,555514,14,
108512,525986,14,
509279,180548,15,
495165,163113,15,
474652,193224,15,
507786,199578,15,
566666,195255,15,
506012,178372,15,
541435,206637,15,
507311,177795,15,
461701,188438,15,
506069,169723,15,
477155,161019,15,
505044,180646,15,
467697,168082,15,
511868,170991,15,
500225,177559,15,
460616,174810,15,
573755,218049,15,
543616,144788,15,
509804,175714,15,
542311,161882,15,
475944,189337,15,
517750,199025,15,
520952,169184,15,
559076,190770,15,
416763,96639,-1,
549384,208450,15,
549147,171454,15,
520880,200955,15,
484348,202813,15,
487472,166999,15,
504728,174541,15,
465734,114090,-1,
570266,188032,15,
505584,176135,15,
514739,189624,15,
500589,181466,15,
504096,192493,15,
553118,165472,15,
502511,205121,15,
551798,221411,15,
502737,174437,15,
513181,177419,15,
513010,141058,15,
535564,177248,15,
514551,176526,15,
450030,169537,15,
521152,152439,15,
505512,203857,15,
509928,184873,15,
490271,216725,15,
529931,180136,15,
508228,220433,15,
534461,178056,15,
508551,174306,15,
545365,210090,15,
510414,142485,15,
507895,177445,15,
506288,177990,15,
512560,224816,15,
454160,102568,-1,
437116,148591,15,
519003,160741,15,
509173,178051,15,
507674,147431,15,
513562,229098,15,
473361,185066,15,
517580,170329,15,
509285,174620,15,
510496,174308,15,
438860,114065,-1,
534702,244239,15,
504755,150226,15,
474135,199330,15,
508907,173787,15,
509651,149290,15,
490956,124550,15,
499637,194036,15,
515856,148316,15,
482568,159010,15,
522728,184704,15,
493070,189771,15,
483807,198925,15,
469656,153741,15,
470041,102049,-1,
576965,187481,15,
515230,149567,15,
469470,189347,15,
484678,123623,15,
509554,186931,15,
480787,147737,15,
523036,123677,15,
508144,167733,15,
515450,173220,15,
489378,172861,15,
497406,125809,15,
514173,139330,15,
520809,176718,15,
499009,205823,15,
509773,148899,15,
505117,141877,15,
494698,176711,15,
501334,163002,15,
502500,176532,15,
546565,151576,15,
520878,209094,15,
486891,175164,15,
512241,169240,15,
569692,182365,15,
491382,122267,15,
457033,127590,-1,
535453,200970,15,
436641,55171,-1,
520845,176291,15,
496130,178113,15,
507473,227670,15,
507092,175151,15,
493714,173387,15,
528826,154067,15,
509951,176794,15,
505400,160422,15,
473316,162622,15,
489504,146224,15,
516888,152451,15,
505128,175022,15,
520819,181586,15,
506812,167031,15,
495032,203929,15,
508789,174256,15,
502302,210265,15,
511106,122518,15,
486997,164803,15,
535787,199735,15,
540364,163758,15,
496006,191010,15,
497454,172375,15,
488330,173837,15,
547076,156969,15,
509956,141698,15,
516084,178725,15,
535034,172649,15,
529858,213114,15,
496384,166644,15,
519201,139101,15,
575022,213534,15,
469404,181944,15,
464672,193513,15,
491609,180519,15,
470314,178936,15,
481067,172555,15,
508797,176269,15,
491145,206344,15,
485361,169229,15,
474527,107596,15,
499643,171625,15,
514722,190943,15,
474641,81263,-1,
495995,160032,15,
516963,174184,15,
521006,163218,15,
434581,123267,-1,
514876,182995,15,
501416,172980,15,
513991,165072,15,
512900,219252,15,
510739,121103,15,
509522,174376,15,
507862,172954,15,
512716,181316,15,
483423,111797,15,
505603,147517,15,
482628,171320,15,
541790,172616,15,
473649,178184,15,
520763,250478,15,
494000,189403,15,
533931,173291,15,
485110,150541,15,
528679,199079,15,
545699,174099,15,
517495,186329,15,
520461,173217,15,
456821,105575,-1,
495388,156422,15,
514934,219169,15,
508989,168995,15,
500474,169746,15,
504511,149234,15,
467144,147308,15,
512733,174091,15,
452791,156805,15,
488800,197919,15,
593887,210595,-1,
561725,168220,15,
528011,201615,15,
514428,222503,15,
512051,145220,15,
472054,129986,15,
507959,166780,15,
518068,137556,15,
561110,219865,15,
563315,215613,15,
523779,163905,15,
490037,164357,15,
519421,154681,15,
504373,165819,15,
513957,139202,15,
486422,178919,15,
533351,147778,15,
511030,221292,15,
496069,102201,15,
496491,171534,15,
497254,171940,15,
518892,165875,15,
481083,151953,15,
507741,178883,15,
486224,196184,15,
509039,173839,15,
462658,75167,-1,
519680,208378,15,
499676,196897,15,
480876,160465,15,
521032,177084,15,
486034,196122,15,
505225,158750,15,
485968,123023,15,
478442,125560,15,
502355,164119,15,
502915,183059,15,
497211,174121,15,
537174,194410,15,
505293,194591,15,
491442,116195,15,
473202,140745,15,
505079,219082,15,
541455,223176,15,
528938,174372,15,
528094,178343,15,
520759,184923,15,
538994,179328,15,
507832,181513,15,
493897,189627,15,
514408,173338,15,
514391,156592,15,
513362,223841,15,
443618,157237,15,
477746,163845,15,
480571,204150,15,
486326,174643,15,
505384,174535,15,
541220,177840,15,
522869,176818,15,
497255,188783,15,
545240,221008,15,
512291,169608,15,
576158,210283,15,
508099,175066,15,
545455,182232,15,
537836,177165,15,
508597,173640,15,
507445,193647,15,
524397,239456,15,
527753,213985,15,
528766,239937,15,
481356,162127,15,
541498,192746,15,
506142,170513,15,
494574,198972,15,
477901,173288,15,
509223,177592,15,
532010,176195,15,
541006,175198,15,
490355,153464,15,
566524,179796,15,
550216,184337,15,
516085,195504,15,
523796,219588,15,
511118,175212,15,
445043,152257,15,
497582,190801,15,
514622,206979,15,
479631,178459,15,
496476,140337,15,
498389,178069,15,
506361,225237,15,
519396,177174,15,
529409,157228,15,
501111,157402,15,
514219,167014,15,
558307,203307,15,
545957,196749,15,
508080,175697,15,
589900,217899,-1,
509383,167302,15,
474516,189144,15,
498730,183037,15,
473093,188791,15,
471328,176297,15,
510901,175806,15,
559809,162597,15,
499272,168413,15,
514981,172608,15,
511289,183247,15,
455460,153040,15,
519962,175210,15,
532549,172894,15,
516128,178722,15,
519113,194925,15,
502877,192740,15,
520782,134308,15,
574369,207483,15,
515494,188459,15,
486870,146947,15,
484395,107291,15,
504243,237336,15,
483776,213021,15,
536623,213083,15,
544539,180391,15,
502002,166223,15,
500801,185558,15,
525670,184762,15,
481841,209337,15,
494317,170837,15,
521153,242968,15,
473933,191767,15,
524502,248106,15,
487952,168607,15,
460133,173081,15,
453261,148432,15,
491792,214464,15,
497815,165151,15,
515348,184750,15,
598908,254032,-1,
558478,213316,15,
538228,168834,15,
464634,173867,15,
518675,175686,15,
533566,214619,15,
540196,180312,15,
500360,213540,15,
517882,175467,15,
549642,157506,15,
511368,173673,15,
506815,173387,15,
500192,192292,15,
533775,163036,15,
511484,160453,15,
489062,200329,15,
537514,179689,15,
551867,170425,15,
406184,394506,16,
417996,408162,16,
428667,451233,16,
425386,379634,16,
388202,405780,16,
370955,325071,-1,
353749,391896,16,
398629,401626,16,
393402,401018,16,
465599,383470,16,
400257,404936,16,
444610,400247,16,
392046,391220,16,
410506,395586,16,
508805,429073,-1,
424782,449687,16,
384467,407359,16,
397399,403186,16,
449683,388863,16,
387756,435588,16,
451753,383440,16,
414448,429790,16,
394599,409068,16,
387330,409037,16,
402109,430185,16,
393825,453067,16,
412111,418466,16,
397213,377839,16,
361159,436327,16,
383075,447616,16,
383832,340506,-1,
402227,414685,16,
411957,397796,16,
377408,395123,16,
417231,381303,16,
442915,420573,16,
415394,396940,16,
420792,430901,16,
397791,444527,16,
385804,393101,16,
384572,388523,16,
402069,434868,16,
414997,432597,16,
392919,405103,16,
396150,430329,16,
439145,407748,16,
401240,354085,16,
424228,442208,16,
336023,416862,16,
351352,362910,16,
413549,408517,16,
341775,425156,16,
424811,413300,16,
402677,412615,16,
419118,421655,16,
354601,358760,16,
410682,349328,16,
399020,404042,16,
392258,405478,16,
353941,399967,16,
411471,446824,16,
397158,370362,16,
431117,394746,16,
395246,392783,16,
400468,405703,16,
354094,424230,16,
352429,359750,16,
358830,431609,16,
387039,365758,16,
395013,387179,16,
400545,404212,16,
435067,403802,16,
394436,450912,16,
376444,371957,16,
433463,410297,16,
426625,475977,-1,
424241,452915,16,
396520,405610,16,
347638,429109,16,
374797,407601,16,
451670,388347,16,
373684,418326,16,
412615,403902,16,
392428,402295,16,
389868,410718,16,
383022,409854,16,
468350,395883,16,
373339,398565,16,
383878,376230,16,
434815,388041,16,
368864,411216,16,
321050,422497,-1,
276794,384458,-1,
383197,409869,16,
381340,409680,16,
415521,368125,16,
404288,349685,16,
367922,415238,16,
422056,382193,16,
407334,445969,16,
373917,427628,16,
422261,374345,16,
392728,411341,16,
336585,420977,16,
401730,354294,16,
401854,402867,16,
401330,395538,16,
393903,387227,16,
399188,402459,16,
389510,370897,16,
399858,403574,16,
343651,438750,16,
388743,388465,16,
398246,406245,16,
400727,396769,16,
399077,403968,16,
402071,427626,16,
405902,394724,16,
383992,398245,16,
372230,412488,16,
418086,394699,16,
400305,466024,16,
380458,329635,-1,
338347,337961,-1,
411171,426853,16,
392447,408539,16,
375233,399429,16,
385338,440797,16,
397764,406712,16,
414290,393146,16,
394846,407130,16,
402252,414628,16,
332913,385678,16,
396517,394572,16,
388479,343648,16,
405569,411933,16,
444816,409502,16,
393659,439272,16,
415222,434798,16,
396621,381952,16,
416893,347737,16,
398980,407667,16,
404273,429948,16,
397851,400846,16,
447192,359893,-1,
350428,392503,16,
451853,420873,16,
402566,415798,16,
362753,369848,16,
407188,396576,16,
380139,434251,16,
409167,449719,16,
405470,392374,16,
359036,365793,16,
398617,402424,16,
408714,391412,16,
382222,441817,16,
403751,385539,16,
400548,402390,16,
393828,404314,16,
373943,376926,16,
390182,360941,16,
391776,409868,16,
342501,336320,-1,
401923,417123,16,
342400,426090,16,
405325,407466,16,
369480,377148,16,
416110,374296,16,
401162,412142,16,
442931,430123,16,
478361,409520,-1,
401313,405195,16,
357466,354094,16,
417617,414816,16,
417281,410881,16,
470047,410943,-1,
378824,430343,16,
369227,397853,16,
397918,462032,16,
397331,407010,16,
427810,400178,16,
401708,409924,16,
426172,363147,16,
401411,414503,16,
409823,412908,16,
386068,422517,16,
398255,405428,16,
346358,384801,16,
397735,448097,16,
348847,425164,16,
394761,461494,16,
357253,388075,16,
402267,410395,16,
415233,441297,16,
404445,402466,16,
408224,399767,16,
369044,371649,16,
343119,382074,16,
416750,435776,16,
387103,401925,16,
368200,364844,16,
393758,439738,16,
418623,404382,16,
402660,406054,16,
427749,457110,16,
405356,391545,16,
432184,395118,16,
322936,368566,-1,
402710,424367,16,
456025,389630,16,
395450,407822,16,
377941,403683,16,
407576,434017,16,
348263,386451,16,
391966,387214,16,
392576,406460,16,
380236,460907,16,
398153,407081,16,
399942,385908,16,
398795,472619,16,
467535,416014,-1,
377758,413906,16,
398724,404179,16,
396710,378698,16,
377588,402670,16,
408992,462226,16,
423371,373970,16,
412861,434751,16,
403160,392159,16,
395168,404189,16,
399346,423786,16,
409244,460295,16,
429515,393708,16,
370602,353215,16,
356739,417826,16,
408147,436628,16,
436362,379677,16,
399291,386712,16,
396081,396707,16,
419200,403389,16,
383855,390984,16,
370252,347498,16,
460198,402706,16,
418046,358461,16,
408500,393942,16,
397618,404912,16,
392660,395873,16,
406739,400918,16,
439048,403700,16,
392424,375266,16,
379128,418858,16,
391970,419802,16,
389279,424006,16,
468907,448885,-1,
410601,410653,16,
396556,406492,16,
417795,405673,16,
375971,427549,16,
414374,439977,16,
368363,409733,16,
402081,407514,16,
399753,404222,16,
424840,479570,-1,
381863,416651,16,
394606,401451,16,
389520,406500,16,
418140,415328,16,
387461,394402,16,
391384,413273,16,
391439,399819,16,
365223,422531,16,
407189,437102,16,
415933,422485,16,
402031,426039,16,
428513,456990,16,
382396,405483,16,
368166,429422,16,
418636,440000,16,
411674,402377,16,
424365,371987,16,
394159,411676,16,
371548,414612,16,
460628,434107,-1,
399717,403257,16,
361875,448199,16,
393424,399084,16,
333682,401078,-1,
377870,377550,16,
405117,364266,16,
452398,378671,16,
397889,398501,16,
424089,352640,16,
417494,392231,16,
402851,395579,16,
376493,366302,16,
460684,371809,16,
449571,387141,16,
405322,414743,16,
420489,448078,16,
377975,461076,16,
492551,434649,-1,
477323,384551,16,
359740,379592,16,
429653,438596,16,
361814,411086,16,
400660,404811,16,
410418,409414,16,
392162,355397,16,
376145,414107,16,
371464,328177,-1,
379593,380662,16,
448231,384406,16,
404157,406324,16,
420616,401526,16,
398985,413427,16,
400538,407020,16,
391530,398743,16,
408182,408351,16,
435926,408504,16,
411090,435389,16,
398311,383357,16,
409291,431539,16,
399460,399410,16,
400473,408327,16,
399693,395271,16,
431437,436764,16,
312123,419763,-1,
411053,432808,16,
401616,404245,16,
364455,436191,16,
407833,402474,16,
367864,442851,16,
437870,375761,16,
308726,371721,-1,
418996,389541,16,
371498,393120,16,
407429,399155,16,
380749,403860,16,
399997,411205,16,
377215,418429,16,
380202,396671,16,
436034,385951,16,
395210,357805,16,
415136,446807,16,
315013,318367,-1,
372424,413163,16,
340966,420480,16,
354767,417464,16,
387165,404027,16,
854654,549222,3,
889260,541423,3,
870826,524625,3,
868025,569296,3,
861364,598127,3,
825141,535997,3,
906640,587296,3,
906396,535803,3,
887896,558572,3,
817776,525600,3,
844066,546029,3,
848976,558706,3,
897131,604582,3,
845120,549830,3,
872241,556733,3,
857818,534525,3,
794265,594573,3,
857126,548151,3,
842786,614034,-1,
889975,589361,3,
841130,529745,3,
813561,583156,3,
855603,542414,3,
887556,531797,3,
837032,509264,3,
852037,649724,7,
793791,581315,3,
904450,533427,3,
879722,550246,3,
839088,528460,3,
869369,536868,3,
871873,509094,3,
900991,497149,3,
919544,541255,3,
860520,544023,3,
863042,557890,3,
889805,522039,3,
879031,489881,3,
852918,552112,3,
903840,586229,3,
932662,537069,3,
908506,549611,3,
867533,542290,3,
844617,499013,3,
862002,534006,3,
883981,607581,3,
864265,549505,3,
883062,547498,3,
860870,546516,3,
895565,501871,3,
843344,604964,-1,
864059,545894,3,
830888,544022,3,
858819,544904,3,
853562,531620,3,
873791,606643,3,
859213,538040,3,
841843,503359,3,
842719,506205,3,
847904,574114,3,
863859,546898,3,
888919,535805,3,
855045,547633,3,
863102,545783,3,
829747,530312,3,
850607,565348,3,
810277,520837,3,
879104,595389,3,
840406,538772,3,
838367,536676,3,
837457,518745,3,
861519,531277,3,
816056,542574,3,
862534,547936,3,
808555,600511,-1,
862571,550965,3,
832010,554080,3,
882403,534710,3,
840020,568424,3,
865030,541150,3,
846594,522941,3,
890223,556874,3,
873136,513309,3,
846622,553552,3,
905770,531812,3,
803216,577565,3,
914183,620056,-1,
877510,555087,3,
861193,573954,3,
840994,578455,3,
875640,561262,3,
876782,536438,3,
849501,552769,3,
866973,550375,3,
906382,534459,3,
822722,553764,3,
861656,545794,3,
856991,546255,3,
865081,551012,3,
895680,609341,3,
867801,548156,3,
846324,557586,3,
840059,534876,3,
860473,545982,3,
937823,540173,-1,
886532,500026,3,
904133,534915,3,
880545,506175,3,
833499,504718,3,
854979,539793,3,
818739,545052,3,
825596,639465,7,
838036,542999,3,
846216,528037,3,
850790,525740,3,
864040,538985,3,
869818,543227,3,
879309,561548,3,
860563,534839,3,
846082,541026,3,
860151,543055,3,
847292,559228,3,
838239,576018,3,
837307,548214,3,
853093,586321,3,
884326,479802,3,
838978,622330,-1,
842903,567914,3,
832490,450680,-1,
844948,563321,3,
859577,544625,3,
908409,591215,3,
819843,570485,3,
875625,599766,3,
887780,536497,3,
884613,507507,3,
849858,524682,3,
846741,539481,3,
870630,516603,3,
843111,581603,3,
869718,536928,3,
857648,511640,3,
881571,532467,3,
860230,528054,3,
861966,562885,3,
898736,548642,3,
961951,577029,-1,
866878,501919,3,
874791,559085,3,
874239,594786,3,
915504,527751,3,
758172,608152,-1,
859515,505303,3,
861033,507671,3,
837880,444574,-1,
827672,545966,3,
869960,562146,3,
858151,548242,3,
877440,529137,3,
821835,564313,3,
846371,578530,3,
829482,475863,-1,
860507,526669,3,
878696,530134,3,
837312,572687,3,
886773,509047,3,
879805,547494,3,
859679,541785,3,
910683,612854,-1,
860863,546060,3,
874110,541972,3,
790149,565157,3,
873984,580836,3,
873742,448214,-1,
894785,440382,-1,
874312,574582,3,
879902,518647,3,
851462,526597,3,
839012,550376,3,
808097,502521,-1,
879500,590791,3,
864721,548447,3,
866044,584750,3,
876151,582116,3,
819250,517655,3,
807278,566392,3,
872033,558924,3,
894268,532597,3,
846752,613846,-1,
850478,566230,3,
849777,531138,3,
823584,568458,3,
823202,619103,-1,
843715,568319,3,
861023,545953,3,
889743,560547,3,
862785,579661,3,
880833,537039,3,
854374,550707,3,
842616,515205,3,
860721,547751,3,
831024,505776,3,
829240,591428,3,
860384,555572,3,
853348,525893,3,
849118,571562,3,
856167,542249,3,
853874,560250,3,
838808,524944,3,
814561,575281,3,
773292,531652,-1,
891515,520429,3,
805884,549492,3,
833437,556713,3,
843432,490725,3,
791355,529644,-1,
865157,562132,3,
920249,551171,3,
808777,512952,3,
898916,630099,-1,
863706,491401,3,
857231,551055,3,
877413,541536,3,
838821,563842,3,
854037,528890,3,
824475,518063,3,
857360,562228,3,
856437,532452,3,
862117,600081,3,
839280,539324,3,
885379,603686,3,
859185,553000,3,
865020,550686,3,
882007,593653,3,
861027,546004,3,
846772,509036,3,
844627,556401,3,
861069,548327,3,
854342,541611,3,
844086,531300,3,
923996,594948,-1,
832154,559403,3,
803202,549001,3,
856619,544008,3,
897286,558004,3,
851216,516166,3,
858537,548576,3,
828001,524067,3,
849327,548496,3,
858278,544519,3,
793875,473793,-1,
766617,548142,-1,
847728,576707,3,
858418,546935,3,
816840,539239,3,
852687,540692,3,
861927,562723,3,
892382,513991,3,
811745,461099,-1,
800152,576217,3,
870139,566584,3,
859492,572224,3,
830226,483466,-1,
850674,533083,3,
834632,541216,3,
899052,526048,3,
925485,596955,-1,
893145,551400,3,
839493,521150,3,
883434,581923,3,
873380,495161,3,
765011,607246,-1,
898578,612291,3,
906772,510158,3,
858325,586062,3,
795909,462864,-1,
812634,554848,3,
846841,533595,3,
810817,509540,3,
826192,577784,3,
856552,545271,3,
848628,503773,3,
784291,581417,3,
890613,567037,3,
870936,575427,3,
851166,532382,3,
871544,592403,3,
870337,534303,3,
819580,545900,3,
912649,498734,3,
870214,556246,3,
853279,560714,3,
857319,543529,3,
878519,606677,3,
858057,542933,3,
860375,544804,3,
888111,525539,3,
892877,544283,3,
788776,582930,3,
875311,542259,3,
875248,462524,-1,
835831,555864,3,
885828,586348,3,
916704,609548,-1,
893991,544467,3,
866352,535933,3,
872247,494281,3,
832372,600070,-1,
902302,514170,3,
877298,565604,3,
873636,510687,3,
854818,554389,3,
915666,506439,3,
905849,524809,3,
862062,545736,3,
871981,649086,-1,
900829,590250,3,
859419,546754,3,
855983,534803,3,
916082,517633,3,
874877,535143,3,
885963,528959,3,
853439,518568,3,
855177,626376,-1,
814249,488483,-1,
857283,548467,3,
865489,548920,3,
913686,576892,3,
880275,564545,3,
861381,546835,3,
880958,588608,3,
868979,528502,3,
872237,555834,3,
861868,549168,3,
836951,546244,3,
836874,555991,3,
769546,554722,-1,
855074,542557,3,
868128,568529,3,
878859,540155,3,
852267,498220,3,
874125,543036,3,
846646,548548,3,
851517,541076,3,
806888,492319,-1,
831779,577161,3,
860259,545444,3,
892423,530999,3,
838442,506780,3,
853291,557685,3,
730887,825972,-1,
645233,927201,-1,
645563,819480,17,
573324,878802,-1,
693699,822637,17,
649412,856993,17,
684558,878573,17,
656658,854609,17,
651506,856097,17,
618405,842859,17,
667280,765619,-1,
600996,890782,-1,
674463,862486,17,
676694,851597,17,
620685,880813,17,
716590,874975,17,
721401,951880,-1,
657094,857640,17,
644693,867371,17,
633601,861482,17,
673646,857346,17,
657184,855509,17,
708244,871834,17,
659081,860560,17,
657811,885904,17,
642843,909185,17,
709303,897538,17,
610505,851476,17,
612648,772280,-1,
673196,812941,17,
673267,883727,17,
694451,863981,17,
678869,902492,17,
690018,819280,17,
677983,890077,17,
639997,865965,17,
709254,847444,17,
679799,858680,17,
664355,831472,17,
659166,861665,17,
692386,863386,17,
688076,833905,17,
680506,840053,17,
641840,886745,17,
673292,857105,17,
622212,860015,17,
736557,897961,-1,
668234,886696,17,
675013,876331,17,
675902,853961,17,
695092,820091,17,
730287,897070,17,
691716,873426,17,
722404,952207,-1,
678606,878004,17,
664156,846474,17,
688118,911574,17,
674492,861230,17,
675382,836312,17,
664639,925795,17,
626334,852383,17,
669690,842110,17,
653177,819935,17,
674265,861435,17,
677404,883871,17,
672212,860894,17,
715956,900724,17,
674236,877152,17,
679818,860064,17,
578509,923881,-1,
680381,823757,17,
720629,816515,-1,
640210,902029,17,
671772,860357,17,
618009,867493,17,
672628,882986,17,
680261,863401,17,
682100,853708,17,
681049,846975,17,
668567,856554,17,
656957,871011,17,
662293,872590,17,
673953,835926,17,
718544,888401,17,
648590,917839,17,
699124,824089,17,
668367,855686,17,
675866,868784,17,
700098,894685,17,
683156,877209,17,
661357,801817,17,
789095,895634,-1,
673332,857517,17,
627452,835854,17,
672059,860501,17,
665048,854911,17,
683580,872374,17,
668839,882598,17,
682510,905902,17,
671235,856653,17,
680228,843225,17,
662249,918050,17,
674961,865594,17,
679211,886670,17,
676220,858214,17,
567861,856582,-1,
668228,858122,17,
682241,850176,17,
712262,856869,17,
671325,856592,17,
680592,858526,17,
683098,847245,17,
646816,829778,17,
675633,863416,17,
677551,860007,17,
683656,842406,17,
678195,860537,17,
700747,821557,17,
679054,898217,17,
676360,866112,17,
665308,868551,17,
665775,845662,17,
660459,860658,17,
670119,859029,17,
672068,874862,17,
644301,925034,-1,
704574,866263,17,
665660,828338,17,
680579,836946,17,
682053,853410,17,
672544,859978,17,
713088,880834,17,
680969,838864,17,
674151,853540,17,
664903,839150,17,
641902,755287,-1,
683610,910782,17,
676962,897430,17,
594720,848457,17,
658748,777680,-1,
700341,869730,17,
640432,837036,17,
668519,860048,17,
672668,861428,17,
638004,837697,17,
673071,856021,17,
668772,858570,17,
636871,929410,-1,
599612,859210,17,
739318,810528,-1,
654937,781879,-1,
663095,949045,-1,
658734,883214,17,
647968,877873,17,
682699,851115,17,
684739,884934,17,
667620,855461,17,
616281,845406,17,
697161,840318,17,
679237,862389,17,
664260,859029,17,
674121,858589,17,
700962,927047,-1,
723397,859761,17,
648230,857418,17,
677896,867053,17,
680828,839011,17,
680757,826912,17,
673826,880137,17,
694897,834591,17,
683585,905984,17,
671609,815681,17,
669748,863109,17,
674659,860894,17,
659734,844127,17,
656156,868643,17,
653258,860766,17,
684131,898331,17,
666516,859837,17,
655237,871554,17,
653592,959882,-1,
659280,845579,17,
646422,900526,17,
627580,840406,17,
604546,847329,17,
631316,837043,17,
705518,925936,-1,
662898,884734,17,
718088,852181,17,
666315,872311,17,
710082,881600,17,
674433,860605,17,
685821,816579,17,
678856,850293,17,
669427,846395,17,
687043,806921,17,
657981,866945,17,
676480,860779,17,
704065,832648,17,
669178,866011,17,
693783,860206,17,
683027,876064,17,
670957,810768,17,
674134,908464,17,
637665,858741,17,
664325,877878,17,
664025,801796,17,
672800,874378,17,
685124,873363,17,
674496,870664,17,
684602,823981,17,
677769,841641,17,
651576,865180,17,
650720,817440,17,
674472,860330,17,
673028,860593,17,
683413,861559,17,
669638,842011,17,
674365,860819,17,
687360,862438,17,
662684,813662,17,
673242,886958,17,
674311,859933,17,
595580,798572,-1,
636769,854047,17,
685551,798742,17,
663945,828490,17,
717187,883275,17,
706906,885612,17,
675988,841317,17,
671976,864630,17,
669366,869654,17,
651216,815098,17,
676767,832479,17,
657879,857942,17,
665828,868934,17,
674905,876286,17,
640000,863831,17,
672818,881943,17,
634800,823669,17,
658590,886551,17,
639463,847461,17,
625416,868848,17,
672266,862875,17,
723173,872525,17,
688098,908495,17,
673410,863889,17,
679788,889464,17,
615826,863168,17,
598671,854219,17,
753254,840123,-1,
669430,905798,17,
726847,875488,17,
648443,845340,17,
674114,970756,-1,
675551,956849,-1,
677459,896720,17,
634004,895206,17,
653745,809028,17,
682420,846881,17,
666636,858686,17,
682481,879399,17,
656834,885944,17,
718257,857481,17,
672598,856928,17,
693997,774817,-1,
612392,916853,-1,
671444,860206,17,
671404,857240,17,
689628,868984,17,
704570,845515,17,
652233,886054,17,
705929,851313,17,
682315,843851,17,
667131,849230,17,
707894,904500,17,
649345,864613,17,
629998,877765,17,
659542,840985,17,
621278,888326,-1,
682304,876841,17,
679747,860939,17,
663049,843538,17,
672876,844123,17,
689948,850548,17,
696257,894819,17,
629377,853726,17,
658034,897179,17,
696808,866039,17,
699668,863774,17,
669697,859388,17,
606506,766728,-1,
672474,868765,17,
697011,856357,17,
708262,945359,-1,
653181,886417,17,
674521,861127,17,
729194,856897,17,
663168,859429,17,
644843,838626,17,
672797,843231,17,
680677,868629,17,
614497,830844,17,
646671,857872,17,
679242,853941,17,
665697,929571,17,
749941,916922,-1,
602365,916673,-1,
684537,843821,17,
694308,904062,17,
731712,878998,17,
667713,847241,17,
730383,879136,17,
689363,817577,17,
728743,850843,17,
683941,915579,17,
722463,882675,17,
670519,870010,17,
683252,858182,17,
669288,860515,17,
675357,870850,17,
673449,860643,17,
687325,883004,17,
603472,894573,-1,
669713,851017,17,
693362,837786,17,
605535,925341,-1,
687078,791051,-1,
672387,800443,17,
683048,937776,-1,
713579,879202,17,
571669,873544,-1,
695260,824882,17,
702654,841548,17,
601619,825604,-1,
564416,878492,-1,
703773,870419,17,
674931,870112,17,
673140,864863,17,
681053,892766,17,
683321,873932,17,
701017,931252,-1,
645677,814395,17,
677362,853471,17,
659046,930099,17,
665426,853940,17,
691827,863963,17,
650661,861267,17,
599647,858702,17,
684091,842566,17,
