664159,550946,1,
665845,557965,1,
597173,575538,1,
618600,551446,1,
635690,608046,1,
588100,557588,1,
582015,546191,1,
604678,574577,1,
572029,518313,1,
604737,574591,1,
577728,587566,1,
602013,574722,1,
627968,574625,1,
607269,536961,1,
603145,574795,1,
671919,571761,1,
612184,570393,1,
600032,575310,1,
627912,593892,1,
601967,604428,1,
591851,569051,1,
601444,572693,1,
629718,558104,1,
661430,603567,1,
597551,556737,1,
601182,582584,1,
562704,570596,1,
605107,563429,1,
607214,575069,1,
568824,570203,1,
612485,518009,1,
589244,573777,1,
625579,551084,1,
560237,500154,-1,
626224,569687,1,
610666,551701,1,
597428,569940,1,
600582,599535,1,
604168,555003,1,
613871,550423,1,
617310,551945,1,
625728,579460,1,
606300,566708,1,
638559,558807,1,
582176,630383,1,
544056,577786,1,
631297,578351,1,
561574,621747,1,
604973,574773,1,
605284,556134,1,
617910,592293,1,
555904,640401,-1,
526559,509417,-1,
603849,572396,1,
598634,619900,1,
603359,589262,1,
657455,567754,1,
614279,599251,1,
578496,631434,1,
645171,595209,1,
688015,533535,-1,
656477,573007,1,
540029,563888,1,
597418,538362,1,
613545,574733,1,
628696,542447,1,
604157,574191,1,
603126,497987,1,
605850,533310,1,
596179,529556,1,
610330,552628,1,
598184,531473,1,
620438,511694,1,
600202,622079,1,
603021,577991,1,
515612,540643,-1,
606548,574376,1,
593490,623110,1,
607084,595500,1,
583728,563146,1,
616044,533807,1,
624452,584622,1,
604438,574666,1,
625709,660145,-1,
601376,579831,1,
565148,557305,1,
639418,537903,1,
612799,537497,1,
583653,652182,1,
599808,596484,1,
605250,573272,1,
606738,601356,1,
611044,571814,1,
575440,568511,1,
616329,529516,1,
605927,572533,1,
609286,586782,1,
647354,579190,1,
606929,571420,1,
562920,559223,1,
680357,620811,-1,
707100,601463,2,
604294,574368,1,
614917,600946,1,
611508,503220,1,
603789,574474,1,
551740,588768,1,
546031,570429,1,
569197,559307,1,
688712,568754,1,
604067,574091,1,
606809,572101,1,
588597,622592,1,
613840,534167,1,
576263,547239,1,
597077,568196,1,
601339,571609,1,
606011,569426,1,
593398,559764,1,
593166,622725,1,
609796,532982,1,
712648,607541,2,
585048,505097,-1,
525967,565687,1,
660327,585901,1,
607604,573951,1,
604001,573587,1,
591484,571087,1,
613868,585089,1,
645464,660478,-1,
538571,654649,-1,
555429,604551,1,
597620,586226,1,
586097,567445,1,
545235,539822,-1,
649088,575733,1,
599123,616977,1,
563763,559454,1,
617717,613939,1,
618869,577243,1,
567188,560044,1,
636628,533309,1,
560362,567914,1,
595014,632844,1,
605876,550640,1,
604352,573425,1,
600679,599545,1,
596891,579476,1,
614943,540976,1,
604415,571400,1,
603698,573585,1,
658199,568743,1,
598759,582942,1,
671269,590258,1,
593317,534085,1,
657985,453405,3,
608557,590278,1,
623004,508050,1,
601900,569391,1,
641031,593074,1,
589658,640498,1,
567565,573952,1,
559078,570088,1,
639431,588155,1,
566609,537592,1,
568570,579335,1,
660650,615038,1,
667639,571164,1,
596796,529933,1,
606111,617846,1,
616060,590779,1,
602873,527864,1,
571334,594145,1,
602167,543919,1,
605100,573307,1,
546640,560043,1,
585195,555011,1,
651740,589474,1,
589112,536573,1,
582057,543124,1,
690968,555952,-1,
609030,552436,1,
632125,541413,1,
603445,630598,1,
628264,616214,1,
577242,574073,1,
604090,574392,1,
607911,576556,1,
600665,638890,1,
600117,539079,1,
631182,565466,1,
695646,652231,-1,
619445,567491,1,
613191,571942,1,
567428,580005,1,
590583,623314,1,
606289,670243,-1,
585175,574133,1,
634967,579020,1,
614615,574437,1,
593061,579188,1,
606933,576409,1,
606587,573873,1,
594084,629464,1,
683697,581516,1,
601530,577183,1,
603055,589818,1,
616561,619007,1,
607463,477085,-1,
611581,572630,1,
579712,568354,1,
602887,595245,1,
600039,557139,1,
605913,579526,1,
579773,568698,1,
606324,544357,1,
605958,573728,1,
606144,575076,1,
667472,570571,1,
580048,565009,1,
597802,576113,1,
610263,574422,1,
603855,575180,1,
624369,532153,1,
599870,591110,1,
577167,617095,1,
658403,611332,1,
563460,480559,-1,
610980,522819,1,
569422,567790,1,
627727,578737,1,
592804,584539,1,
540783,626497,-1,
591823,639096,1,
637323,549567,1,
638078,629421,1,
611315,560757,1,
647103,573853,1,
522993,595581,-1,
601187,531825,1,
533799,564377,1,
649034,528813,1,
620975,564344,1,
622407,583192,1,
597026,642918,1,
551291,576721,1,
608768,610525,1,
697959,614701,2,
658281,582264,1,
546632,599204,1,
672565,564468,1,
636500,587401,1,
696144,548705,-1,
533551,582247,1,
526802,551524,1,
553038,606418,-1,
696601,603624,2,
588964,597435,1,
716139,621721,2,
608529,586311,1,
557378,567033,1,
589994,610890,1,
589344,563119,1,
624415,515911,1,
565483,551512,1,
584895,574666,1,
582777,542670,1,
639394,576728,1,
608298,573748,1,
663578,586265,1,
628080,562986,1,
597421,554767,1,
595193,576508,1,
658103,572250,1,
659529,498474,-1,
606415,581386,1,
641976,577433,1,
587466,564953,1,
589180,595099,1,
601885,573083,1,
580561,528916,1,
621726,578003,1,
558817,576255,1,
620213,574468,1,
594010,570095,1,
541976,512639,-1,
593840,578685,1,
602667,575857,1,
631446,561156,1,
596481,567449,1,
611318,581584,1,
568546,564911,1,
593865,572987,1,
597017,575588,1,
578804,573582,1,
673750,594081,1,
592714,553958,1,
594029,586701,1,
668502,563937,1,
629533,537542,1,
801539,318482,4,
801667,318542,4,
814045,332998,4,
800479,321640,4,
757470,224976,-1,
844536,424646,-1,
797105,316002,4,
779956,271501,4,
797205,313318,4,
801323,316240,4,
783666,262902,4,
806131,312752,4,
830658,368694,4,
802482,335269,4,
801910,325434,4,
808062,337340,4,
789833,304422,4,
803603,327255,4,
800865,312968,4,
802237,318526,4,
803959,315173,4,
800123,312312,4,
780927,285057,4,
797242,324588,4,
801551,320544,4,
809182,319115,4,
801931,317202,4,
870801,476330,5,
820327,352701,4,
801093,317509,4,
798523,324500,4,
805237,318655,4,
803375,311620,4,
801441,323812,4,
797313,317527,4,
788220,301915,4,
790395,300024,4,
817135,349925,4,
797787,301470,4,
804630,332333,4,
808710,330379,4,
802111,320817,4,
796375,309563,4,
819768,346596,4,
814605,354382,4,
800565,319364,4,
802089,313456,4,
814401,341234,4,
796609,319691,4,
776131,248465,4,
803464,329093,4,
802646,317894,4,
809550,327365,4,
795322,311178,4,
830450,393096,4,
778414,260729,4,
800041,318331,4,
802814,320130,4,
802738,312234,4,
823913,369439,4,
803386,318982,4,
812869,346251,4,
798904,324420,4,
800447,331643,4,
807446,342555,4,
804251,329956,4,
797594,302109,4,
803448,314797,4,
765502,240340,4,
795527,315510,4,
794640,313497,4,
808717,335740,4,
790932,305223,4,
816852,352965,4,
826228,376658,4,
795299,312036,4,
808686,332209,4,
809594,344872,4,
799275,324108,4,
878184,487392,5,
798472,322218,4,
824822,367091,4,
746769,205186,-1,
756701,207223,-1,
795489,287279,4,
800483,320713,4,
783491,288029,4,
797162,306135,4,
800272,316170,4,
806827,324616,4,
802853,314938,4,
800804,316615,4,
813173,354777,4,
801588,319814,4,
797400,315778,4,
823840,368410,4,
811391,343836,4,
801055,321833,4,
804038,306622,4,
803780,334441,4,
834173,386159,4,
802784,313853,4,
807293,347456,4,
817119,336333,4,
786635,269352,4,
824624,381716,4,
797415,319840,4,
800772,325023,4,
806626,318966,4,
800845,311838,4,
769386,259892,4,
797272,324228,4,
807409,325526,4,
795836,291870,4,
798321,319665,4,
805372,313397,4,
790738,308028,4,
800667,315995,4,
795205,316433,4,
809054,345541,4,
808452,320117,4,
779897,279572,4,
782642,275308,4,
797569,321799,4,
801751,318110,4,
787644,297715,4,
807401,314610,4,
800677,310656,4,
800394,301473,4,
795571,310093,4,
814158,335578,4,
811913,325091,4,
806982,316680,4,
775604,274485,4,
800133,327081,4,
806511,313841,4,
803796,314893,4,
802012,318315,4,
826789,377676,4,
814108,344096,4,
804354,309671,4,
807017,330432,4,
803774,334756,4,
817410,346944,4,
841928,398948,4,
816145,349032,4,
818622,370753,4,
786245,292352,4,
784164,285702,4,
805390,319676,4,
790774,303642,4,
803277,319525,4,
833182,379714,4,
773023,251826,4,
801609,320399,4,
778965,282290,4,
814317,333112,4,
805080,323708,4,
801080,318049,4,
799724,318884,4,
798059,316113,4,
806176,320301,4,
769876,257669,4,
825716,373098,4,
791983,298565,4,
801386,313545,4,
804871,317801,4,
810903,332925,4,
838276,395673,4,
810543,341180,4,
777978,252419,4,
820258,351165,4,
801997,319385,4,
779437,281959,4,
810253,323873,4,
794826,309589,4,
814280,344223,4,
832651,373469,4,
794142,306704,4,
802041,319504,4,
804190,320706,4,
798983,325682,4,
840462,402858,4,
799912,323363,4,
804119,328544,4,
804358,320802,4,
803057,331037,4,
803031,325811,4,
784151,283760,4,
800444,311497,4,
802004,317772,4,
803470,319069,4,
811277,335577,4,
803332,315488,4,
800037,317963,4,
813436,360446,4,
800694,316789,4,
838129,404012,4,
764997,249477,4,
800316,311699,4,
806848,320541,4,
805462,317833,4,
798308,312788,4,
802655,316263,4,
801456,320080,4,
801309,318213,4,
840886,397888,4,
829529,375007,4,
830805,370801,4,
804979,334141,4,
804013,316083,4,
808489,317021,4,
770113,241615,4,
804332,319006,4,
833661,389733,4,
797834,297329,4,
794956,309980,4,
801232,307078,4,
809552,342258,4,
794615,305632,4,
809259,345634,4,
811502,355939,4,
801301,316893,4,
803370,318247,4,
804702,315881,4,
797009,293194,4,
813791,334609,4,
812965,330224,4,
826048,374236,4,
800959,322309,4,
803405,317316,4,
802254,320673,4,
783116,265635,4,
798633,317300,4,
801482,327644,4,
798612,326404,4,
799001,302014,4,
802537,312497,4,
799794,315080,4,
793892,313943,4,
804691,332987,4,
793855,298525,4,
796952,318633,4,
800655,320227,4,
801780,318992,4,
805977,320805,4,
796916,323332,4,
820904,351763,4,
808405,318841,4,
765283,249459,4,
824212,363776,4,
798981,311092,4,
797178,310439,4,
800582,316980,4,
803839,310353,4,
796283,315582,4,
801145,317601,4,
801662,318423,4,
801782,318281,4,
803377,319212,4,
803932,318781,4,
806192,337849,4,
789583,287700,4,
801586,318947,4,
804251,331304,4,
799667,316830,4,
759789,229116,4,
799021,326404,4,
793684,312065,4,
806320,315242,4,
786234,267976,4,
821151,366545,4,
801903,312794,4,
782506,279930,4,
803627,319323,4,
794991,291216,4,
794667,315069,4,
799291,317500,4,
798243,324160,4,
804408,337683,4,
818119,348676,4,
810502,336169,4,
793560,285392,4,
801326,315779,4,
808644,326320,4,
813645,328765,4,
800966,317165,4,
797111,302781,4,
802431,322048,4,
811061,333595,4,
786719,283364,4,
773955,239849,4,
803701,321815,4,
783110,289805,4,
800235,316652,4,
807421,317527,4,
797947,319734,4,
805035,317469,4,
801166,322298,4,
846693,429031,-1,
801493,322249,4,
806087,326636,4,
810657,329468,4,
801313,300606,4,
800390,309948,4,
801634,318965,4,
799197,314215,4,
795254,296488,4,
807696,320548,4,
800461,326821,4,
801174,320442,4,
809781,326904,4,
826585,366934,4,
804429,312164,4,
788005,292268,4,
801183,316191,4,
378274,816341,6,
406233,813072,6,
401478,785370,6,
448651,847994,6,
434440,822866,6,
369199,734895,6,
413241,771595,6,
369418,733394,6,
378563,789670,6,
424190,780052,6,
415993,776671,6,
421352,799127,6,
432656,783776,6,
383032,788008,6,
414377,771258,6,
425260,773661,6,
469139,810971,6,
442979,803024,6,
347079,803582,6,
412797,803180,6,
352874,807952,6,
442286,755194,6,
416433,786159,6,
419700,793447,6,
422961,821595,6,
400008,789447,6,
429586,775621,6,
457561,788245,6,
415417,785827,6,
389552,750700,6,
415598,786499,6,
443447,783977,6,
404792,749210,6,
389392,730768,6,
473485,847098,6,
491614,778997,6,
437483,785130,6,
452570,848127,6,
417197,778243,6,
405986,787439,6,
437568,794323,6,
420319,794333,6,
418963,746595,6,
469422,822619,6,
397688,762902,6,
418149,790096,6,
407289,798870,6,
360319,778673,6,
473799,795167,6,
445199,763833,6,
446537,828924,6,
410019,732704,6,
396540,815936,6,
407694,718592,6,
417091,792545,6,
442260,754050,6,
411526,784658,6,
407814,765816,6,
394022,803914,6,
481133,781413,6,
396118,794614,6,
458538,786673,6,
419721,789724,6,
424476,781552,6,
377720,727349,6,
448336,789445,6,
412227,787450,6,
408745,824896,6,
417016,774869,6,
395274,786698,6,
412541,806622,6,
412109,735920,6,
407023,787385,6,
376660,815936,6,
396548,784388,6,
508535,830710,-1,
414014,816460,6,
440782,782395,6,
436951,814456,6,
393758,750953,6,
418410,795929,6,
425991,787029,6,
414562,787355,6,
408712,803987,6,
377858,811790,6,
417169,792321,6,
460371,780609,6,
388873,746909,6,
395641,808571,6,
386436,791388,6,
440667,768761,6,
438437,730300,6,
370839,727884,6,
422917,781112,6,
391555,789079,6,
402666,814060,6,
474368,812039,6,
406176,760860,6,
463768,793154,6,
446307,796523,6,
402309,786873,6,
413946,786971,6,
425053,790566,6,
416926,785113,6,
424023,737453,6,
417447,782955,6,
415672,787824,6,
416019,787562,6,
417515,787648,6,
459230,803720,6,
447833,819282,6,
418199,851439,6,
417393,771537,6,
441415,780207,6,
399634,751940,6,
373360,784232,6,
419227,779215,6,
434717,808225,6,
397669,792218,6,
412028,773494,6,
407504,803363,6,
365147,790525,6,
459328,805961,6,
429472,860855,6,
480128,785580,6,
344915,702496,-1,
410969,770451,6,
407460,791404,6,
420476,750495,6,
397747,792207,6,
408428,771823,6,
397806,749559,6,
426040,825049,6,
407565,766203,6,
414317,828815,6,
410610,765111,6,
412388,784064,6,
406337,750353,6,
422419,754048,6,
416039,730594,6,
414512,793966,6,
398478,822297,6,
424375,721868,6,
403890,792420,6,
400902,772920,6,
402367,782997,6,
472917,830363,6,
418621,840463,6,
329002,727685,-1,
418618,811618,6,
425356,745471,6,
470922,770669,6,
400598,790903,6,
412851,774986,6,
492415,829655,-1,
400079,749617,6,
417673,785965,6,
424720,768456,6,
386415,801444,6,
426689,788562,6,
430747,776261,6,
405714,781619,6,
429220,787348,6,
427850,762201,6,
434080,785264,6,
473514,788780,6,
412386,777312,6,
430686,844506,6,
409142,811927,6,
422198,724557,6,
392185,713763,6,
412677,786951,6,
399149,784376,6,
382693,749680,6,
527515,831478,-1,
448519,805219,6,
430779,770145,6,
413556,758080,6,
392140,769924,6,
416855,794023,6,
389713,772742,6,
398498,776720,6,
473727,807244,6,
389410,788256,6,
377230,790154,6,
415564,784464,6,
456799,844976,6,
444336,820061,6,
404359,783919,6,
453154,776082,6,
425019,759577,6,
415895,775793,6,
420083,787815,6,
506612,858859,-1,
436648,859634,6,
403522,785432,6,
401407,759648,6,
403852,792473,6,
367398,701756,-1,
412453,784453,6,
382124,786262,6,
416884,786845,6,
448865,836781,6,
383821,808301,6,
414249,796590,6,
457338,789952,6,
396276,785999,6,
390282,789593,6,
409417,758123,6,
397561,815245,6,
397137,742547,6,
402891,801910,6,
385257,791581,6,
409628,833942,6,
369249,797068,6,
460942,779073,6,
423146,737571,6,
420509,788730,6,
422736,790806,6,
401492,790336,6,
394018,799506,6,
385140,796221,6,
430243,781020,6,
416775,806826,6,
425796,795608,6,
411488,837715,6,
433989,765343,6,
415806,783594,6,
417023,771194,6,
415270,775605,6,
391163,811977,6,
405350,762342,6,
414860,773921,6,
371779,814715,6,
415631,805010,6,
387951,813315,6,
472691,802678,6,
471930,844046,6,
432892,815223,6,
366654,802105,6,
411721,717873,6,
426115,814461,6,
375997,806621,6,
385561,718324,6,
375573,809249,6,
437958,784801,6,
363857,784086,6,
430138,818594,6,
435085,791564,6,
414036,742189,6,
425611,793420,6,
439793,740773,6,
467107,817914,6,
387631,749416,6,
430001,765803,6,
384225,784381,6,
417146,822655,6,
427371,819417,6,
399587,792459,6,
474648,778810,6,
345692,788190,6,
409515,756149,6,
469782,780552,6,
468229,827985,6,
414951,852935,6,
409701,750741,6,
442826,795974,6,
459556,818479,6,
423311,813081,6,
476144,772131,6,
391976,789416,6,
448649,813885,6,
496658,816784,6,
410336,767856,6,
430167,811490,6,
357467,797530,6,
404220,785798,6,
446368,763341,6,
439514,758221,6,
424145,743433,6,
470062,771204,6,
421187,779726,6,
396617,801039,6,
394708,739061,6,
394912,755947,6,
425950,788228,6,
408283,806161,6,
419520,778231,6,
441950,785934,6,
409814,836083,6,
395817,788858,6,
422776,808328,6,
363959,810632,6,
422943,804253,6,
407626,771304,6,
347933,797148,6,
457554,795861,6,
394274,837428,6,
445674,768552,6,
416359,786189,6,
419485,804779,6,
376176,795539,6,
349378,805118,6,
456566,743012,6,
484407,809641,6,
403329,717870,6,
392795,817694,6,
372621,772258,6,
461751,817277,6,
489182,773934,6,
427388,815258,6,
418155,819422,6,
437035,755506,6,
416444,783624,6,
777811,751059,7,
823974,725025,7,
749723,781756,8,
875160,698897,7,
828194,742074,7,
800913,749332,7,
831165,783383,7,
793019,764859,7,
810467,706465,7,
803540,754792,7,
844662,654835,7,
803962,731228,7,
823065,733789,7,
822156,732296,7,
811389,723618,7,
779936,774397,7,
854769,713941,7,
803457,735855,7,
790712,745884,7,
815652,733433,7,
841289,701474,7,
832054,751330,7,
786032,701427,7,
824835,704997,7,
832886,781206,7,
818063,797960,7,
857620,709386,7,
828589,652430,7,
836727,737798,7,
776000,780347,7,
824098,714042,7,
830583,710990,7,
862189,735684,7,
815131,704478,7,
828478,655405,7,
784838,771499,7,
880362,706363,7,
767482,727417,7,
825070,734215,7,
813781,738344,7,
840863,737972,7,
840943,739611,7,
828276,762021,7,
822883,728314,7,
854886,769396,7,
829623,732301,7,
835428,731189,7,
818338,800932,7,
823417,701523,7,
812152,689907,7,
829969,699565,7,
861563,661642,7,
816955,747629,7,
774526,757135,7,
803577,712231,7,
798056,714380,7,
881789,727577,7,
858867,700187,7,
834996,728517,7,
839121,736259,7,
841045,738224,7,
840100,728839,7,
874544,686096,7,
862334,747768,7,
820253,714625,7,
817862,732248,7,
844729,682981,7,
846484,719360,7,
793669,724513,7,
821906,732848,7,
826465,646980,7,
820350,748217,7,
814540,707227,7,
838223,766380,7,
869471,745767,7,
816054,733183,7,
801177,737548,7,
848783,748980,7,
814105,723255,7,
838036,749612,7,
840270,725456,7,
789601,714058,7,
827169,708345,7,
789448,738035,7,
835030,668528,7,
848151,741869,7,
816091,747764,7,
801511,761094,7,
822670,689090,7,
873672,734440,7,
808153,737136,7,
755829,751858,7,
814697,729209,7,
832758,707452,7,
848264,762550,7,
799903,784535,-1,
802674,727804,7,
828147,808738,7,
820707,705318,7,
824594,741664,7,
804474,747122,7,
823108,733302,7,
839514,728923,7,
827711,732798,7,
851644,721350,7,
816390,711340,7,
798007,723995,7,
790612,738038,7,
821909,728448,7,
865754,723314,7,
735295,814058,-1,
877711,703850,7,
792990,685472,7,
809917,762429,7,
789388,712210,7,
879221,655497,-1,
876935,684572,7,
819439,735945,7,
807929,730950,7,
850451,764015,7,
811748,766105,7,
824765,761114,7,
848586,789052,7,
812231,739235,7,
873532,712802,7,
842590,716861,7,
832798,734777,7,
817640,730018,7,
824322,744720,7,
777697,798253,8,
868493,677155,7,
805658,698630,7,
840349,790707,7,
796953,726378,7,
832589,782799,7,
817441,709397,7,
856029,730586,7,
805089,762512,7,
854628,773470,7,
846090,651306,7,
796943,674692,7,
827192,785316,7,
818209,719382,7,
795200,786424,-1,
817777,724927,7,
846512,683647,7,
825080,746712,7,
824674,806300,7,
822616,735941,7,
805391,732659,7,
823250,732088,7,
850376,739749,7,
821337,733356,7,
796786,724615,7,
862425,741010,7,
825690,703854,7,
800872,672603,7,
825395,715780,7,
843911,730036,7,
820238,732928,7,
848570,703697,7,
825515,738284,7,
820367,732364,7,
822025,749214,7,
837718,761480,7,
871723,685520,7,
850904,720163,7,
816775,739989,7,
822103,732911,7,
815455,755486,7,
835648,756631,7,
868626,737331,7,
825997,730652,7,
817252,730254,7,
877906,722361,7,
808440,729985,7,
791470,751113,7,
841654,764836,7,
825429,732758,7,
751215,828365,-1,
804706,788001,7,
820194,734233,7,
869991,705259,7,
809779,663654,7,
822078,711840,7,
866139,717138,7,
829379,718721,7,
837582,763266,7,
783999,732487,7,
800231,732106,7,
862569,719773,7,
838764,652792,7,
849343,713993,7,
828297,715480,7,
821259,750089,7,
874643,729921,7,
819058,729125,7,
817018,729596,7,
797804,715342,7,
838515,768484,7,
829398,724900,7,
754841,796342,8,
878690,739021,7,
821908,732077,7,
786495,759000,7,
823987,687499,7,
787988,741203,7,
839339,726322,7,
822425,727248,7,
854412,725575,7,
788351,737539,7,
838587,700545,7,
840425,762290,7,
817395,734126,7,
807913,737341,7,
872285,750708,7,
788166,702817,7,
836225,709204,7,
822293,786837,7,
888892,702505,7,
822623,745025,7,
795124,696429,7,
832238,725434,7,
815593,689874,7,
843572,784897,7,
833716,758772,7,
822474,780882,7,
801102,759330,7,
841752,731595,7,
808779,732990,7,
822533,758955,7,
817807,715863,7,
837977,728814,7,
801204,755177,7,
819628,810748,7,
814732,734183,7,
832086,716249,7,
876503,659112,7,
823856,749355,7,
819737,737829,7,
818756,743887,7,
811971,664520,7,
801526,705057,7,
827031,734324,7,
843891,721571,7,
810460,735109,7,
782368,759352,7,
801172,715857,7,
866928,716961,7,
829673,730398,7,
850888,736810,7,
786935,732999,7,
769656,721159,7,
804925,735492,7,
870054,738900,7,
818932,728481,7,
853692,746285,7,
807072,687932,7,
750459,800215,8,
823959,737866,7,
835804,710711,7,
790206,747165,7,
813092,739043,7,
801810,728106,7,
825404,733788,7,
820947,730529,7,
827081,694553,7,
822664,720677,7,
768565,762193,7,
823113,733720,7,
821079,800206,7,
828531,731300,7,
820757,738235,7,
781260,737962,7,
819438,662327,7,
833504,744564,7,
789552,731946,7,
822843,763117,7,
775555,719683,7,
865084,713697,7,
820455,729132,7,
849547,738979,7,
762269,792243,8,
821464,700760,7,
824013,753991,7,
803369,698753,7,
823589,728083,7,
796353,710294,7,
820083,728310,7,
829133,735488,7,
823455,747394,7,
818542,740451,7,
809623,734937,7,
841762,777572,7,
802184,751958,7,
803874,675499,7,
830065,739162,7,
824140,729074,7,
852730,769968,7,
866760,753547,7,
811031,703822,7,
825414,734466,7,
816615,770855,7,
786227,765634,7,
817269,733788,7,
809453,736879,7,
757421,774445,7,
818251,731938,7,
788020,765562,7,
823618,734216,7,
812295,728049,7,
837545,696979,7,
797918,694723,7,
822224,742716,7,
821895,732158,7,
797233,713358,7,
800258,733812,7,
813319,737376,7,
860951,162251,9,
860387,157731,9,
857363,154639,9,
863391,126214,9,
839094,159543,9,
849248,164090,9,
875990,133950,9,
905936,150106,9,
895835,123485,9,
818079,108536,9,
898976,198452,9,
869087,153957,9,
849653,143827,9,
834293,161575,9,
844234,153197,9,
835128,212354,9,
828179,155649,9,
875410,128878,9,
850965,156224,9,
800816,176612,9,
832621,150748,9,
876863,176593,9,
826192,172906,9,
862679,188399,9,
839974,154358,9,
854338,135067,9,
855233,141357,9,
850538,160159,9,
868442,160118,9,
888714,205560,9,
864185,161232,9,
851280,156049,9,
875825,204959,9,
840375,155757,9,
892340,149050,9,
873527,126426,9,
836433,200181,9,
826499,142732,9,
854922,159650,9,
883537,210648,9,
807420,168787,9,
840299,118907,9,
834602,213597,9,
864053,139325,9,
856454,117143,9,
857972,160214,9,
850046,108829,9,
804936,148980,9,
864374,150149,9,
858587,150101,9,
870247,121460,9,
855656,162100,9,
850176,127908,9,
850057,157848,9,
828005,145089,9,
861994,160156,9,
849537,157510,9,
867125,168762,9,
838142,156770,9,
847644,164348,9,
856349,158150,9,
860606,152843,9,
869288,168662,9,
838328,185708,9,
860986,140320,9,
829229,143653,9,
866051,172932,9,
871556,194747,9,
865489,161762,9,
851840,110475,9,
846256,154064,9,
836081,178429,9,
859707,202806,9,
849938,156042,9,
894124,202052,9,
864325,170593,9,
848108,161786,9,
817619,181929,9,
858058,196183,9,
861242,161722,9,
885793,172115,9,
850577,157049,9,
877125,161227,9,
883864,111281,9,
891699,170415,9,
802394,87835,-1,
862759,157988,9,
824185,167369,9,
813124,157130,9,
840335,164912,9,
858042,178196,9,
846257,145306,9,
858516,151301,9,
851282,153750,9,
905005,164126,9,
857309,139276,9,
845589,192916,9,
895245,150977,9,
863995,150435,9,
862642,159379,9,
861631,169376,9,
858934,162874,9,
912023,160368,9,
842824,177832,9,
824560,133679,9,
842281,175525,9,
860845,155375,9,
841096,188742,9,
821428,153468,9,
840357,169437,9,
827802,189078,9,
844734,164570,9,
847812,114745,9,
887269,166179,9,
830159,134329,9,
850925,157811,9,
847276,121785,9,
870599,149782,9,
780153,136449,9,
814379,132655,9,
834483,173379,9,
852423,159874,9,
854012,157449,9,
883375,158482,9,
850219,110573,9,
836450,151205,9,
881217,172320,9,
813239,139752,9,
871255,140340,9,
789356,159383,9,
873690,156226,9,
858834,149259,9,
778867,140736,9,
872057,122354,9,
882097,161493,9,
787336,144875,9,
849751,167033,9,
843833,170416,9,
850663,157840,9,
812240,177846,9,
838609,140215,9,
850959,157920,9,
859703,156782,9,
854753,190254,9,
895723,126593,9,
857833,170565,9,
850200,164752,9,
845303,150476,9,
877422,134877,9,
850153,155701,9,
819256,201704,9,
871689,155981,9,
818014,140185,9,
815298,167390,9,
864088,171351,9,
902529,162041,9,
908069,146564,9,
799326,106384,-1,
854996,81095,-1,
843813,182032,9,
888504,147016,9,
877964,242679,-1,
851866,156896,9,
821361,175823,9,
810775,160434,9,
843150,156573,9,
844088,150085,9,
830620,117906,9,
835790,127898,9,
819541,117296,9,
858703,157931,9,
857846,153281,9,
876408,183646,9,
842576,153072,9,
848974,199427,9,
862925,243856,-1,
856561,128799,9,
834171,189042,9,
872516,217570,9,
869167,105039,9,
819670,183364,9,
846575,159002,9,
895127,152283,9,
830445,186055,9,
792179,148539,9,
852410,187705,9,
853554,158012,9,
927170,250593,-1,
825605,167750,9,
846731,162515,9,
878170,123364,9,
884966,133900,9,
866987,154415,9,
846284,113820,9,
873474,159567,9,
878258,158631,9,
882306,173836,9,
856924,169071,9,
794260,129843,9,
851568,114049,9,
868736,179354,9,
925732,210388,-1,
868375,161990,9,
855593,161003,9,
849599,157084,9,
868317,177001,9,
800304,163436,9,
823740,169808,9,
856202,158811,9,
883929,121705,9,
851010,157593,9,
872506,157517,9,
850533,160136,9,
816393,185056,9,
850911,157772,9,
812942,85345,-1,
835581,147664,9,
913298,162009,9,
858172,137586,9,
872781,154295,9,
871597,185239,9,
923120,170161,9,
837019,215527,9,
835702,176502,9,
837017,154170,9,
859177,143273,9,
866851,129505,9,
855852,134834,9,
924289,171369,9,
860154,113364,9,
836739,162321,9,
850775,162968,9,
884750,154317,9,
849681,125345,9,
854463,159977,9,
883567,161769,9,
848137,87922,-1,
823676,152154,9,
848135,130674,9,
844400,150812,9,
864494,136669,9,
878157,210496,9,
851088,157432,9,
786528,104976,-1,
860106,157080,9,
861412,205239,9,
820675,168154,9,
834036,144156,9,
842907,133992,9,
846720,162060,9,
871544,144135,9,
849003,115373,9,
856753,145184,9,
839757,190518,9,
865113,161302,9,
846936,161313,9,
845802,172285,9,
844357,163402,9,
881106,105566,9,
877835,151890,9,
839445,149778,9,
866560,165110,9,
845798,213118,9,
818668,120458,9,
831446,182864,9,
900955,185733,9,
836647,167267,9,
874672,104851,9,
849126,121710,9,
889142,154467,9,
855993,225023,9,
854095,158510,9,
850787,125678,9,
859298,139834,9,
829216,121494,9,
837676,148639,9,
851919,127963,9,
841353,125628,9,
848563,117708,9,
893106,176595,9,
852503,146551,9,
848290,143184,9,
825541,151495,9,
883231,232031,-1,
864667,143614,9,
805089,96540,-1,
854909,149938,9,
847097,176660,9,
910435,171155,9,
878749,188759,9,
871780,158486,9,
841292,155620,9,
846011,160034,9,
855969,193497,9,
860927,110775,9,
808069,134402,9,
848413,183717,9,
791722,162000,9,
852104,134678,9,
806567,140259,9,
847423,161535,9,
867993,162841,9,
828038,149181,9,
849404,170474,9,
841967,150890,9,
850945,161669,9,
888697,143969,9,
813868,188928,9,
864991,159874,9,
881109,152198,9,
811694,188374,9,
900360,153622,9,
885764,151791,9,
814553,164190,9,
895623,178393,9,
829790,205695,9,
865170,173755,9,
850453,155432,9,
864211,216526,9,
848770,111076,9,
791199,164843,9,
834165,140684,9,
843905,219401,9,
857328,143692,9,
838146,159541,9,
340693,569371,10,
315965,587160,10,
405652,622938,10,
359831,554975,10,
349296,557688,10,
289423,559134,10,
408689,562521,10,
321312,574721,10,
286568,547471,10,
370259,585265,10,
339967,562602,10,
410917,614521,10,
283570,563726,10,
347197,591316,10,
342064,570045,10,
317331,556086,10,
335792,541310,10,
330455,568758,10,
366794,582584,10,
378697,591764,10,
339981,565418,10,
338342,566864,10,
338474,563350,10,
432052,613723,-1,
340064,550509,10,
334354,578047,10,
296775,572432,10,
353335,592567,10,
334016,562797,10,
328438,532686,10,
365927,571713,10,
343247,564376,10,
325057,581121,10,
330881,579058,10,
378648,579579,10,
339115,566863,10,
333299,597586,10,
367048,553451,10,
345840,561591,10,
366934,581294,10,
358793,547046,10,
393570,579641,10,
304399,545221,10,
353979,578923,10,
337002,589527,10,
327738,559624,10,
334549,579199,10,
297110,556485,10,
327403,548875,10,
413894,564459,10,
326043,553772,10,
337811,558454,10,
333901,532836,10,
340545,568654,10,
358483,554925,10,
318065,581616,10,
367751,578289,10,
331667,570387,10,
321519,561045,10,
299578,572052,10,
339632,536577,10,
339993,544064,10,
268672,508874,10,
332960,569308,10,
345042,566973,10,
352220,602793,10,
333934,537464,10,
312386,555195,10,
334182,558498,10,
335328,562880,10,
303637,570253,10,
353145,580916,10,
325118,556212,10,
294310,563522,10,
371563,547746,10,
373894,555347,10,
407040,577739,10,
337298,565486,10,
357813,572855,10,
304157,566007,10,
335918,566525,10,
330127,570072,10,
339212,538693,10,
357275,551101,10,
334785,565575,10,
326152,563230,10,
345903,561314,10,
238748,551038,11,
331175,551842,10,
352520,566829,10,
341675,560197,10,
354746,552404,10,
412500,594675,10,
277027,536847,10,
322209,547247,10,
375619,553791,10,
288068,561932,10,
344770,570309,10,
284031,566654,10,
324442,567881,10,
356246,549756,10,
404420,577532,10,
336829,562228,10,
293591,522132,10,
342963,582232,10,
338860,561151,10,
324055,590810,10,
328331,541094,10,
357737,597104,10,
392534,593343,10,
298665,568245,10,
343376,575709,10,
338863,563107,10,
361370,552483,10,
338935,567577,10,
350117,535859,10,
371000,555062,10,
368617,554066,10,
331795,529654,10,
344237,573700,10,
280110,522025,10,
328657,564864,10,
452457,597461,-1,
333669,542228,10,
320628,564596,10,
316642,553340,10,
340712,563178,10,
349955,535578,10,
261538,525920,10,
411008,607342,10,
317136,563479,10,
297022,574097,10,
319927,524637,10,
359772,568428,10,
344791,578536,10,
324093,580491,10,
373907,558472,10,
321905,573147,10,
341721,576427,10,
386373,606623,10,
338588,543875,10,
341578,558672,10,
371616,570648,10,
331987,568997,10,
341329,565571,10,
334350,556417,10,
330482,571217,10,
338950,572545,10,
289087,565427,10,
343997,585193,10,
225786,529417,11,
365567,547606,10,
320827,519618,10,
286990,529505,10,
321517,569562,10,
388806,569524,10,
411796,581307,10,
331440,551885,10,
325958,573367,10,
348171,569251,10,
344239,530765,10,
419151,577335,10,
321309,569996,10,
386377,574187,10,
342099,561508,10,
366688,562413,10,
321657,538660,10,
403004,613466,10,
363304,553764,10,
384922,582877,10,
304556,568584,10,
336787,538925,10,
327998,571265,10,
303269,531608,10,
313649,523765,10,
337889,558031,10,
360165,553303,10,
340032,561740,10,
338634,564414,10,
351459,565704,10,
412767,593558,10,
283474,532727,10,
336928,557412,10,
366478,594677,10,
343450,570659,10,
331616,565089,10,
354529,573677,10,
276703,559740,10,
282066,560178,10,
331366,567311,10,
321910,573825,10,
290107,571927,10,
281979,518199,10,
374695,563163,10,
340191,567638,10,
338583,563529,10,
358312,559466,10,
338474,564151,10,
338205,566246,10,
342901,582886,10,
265815,540385,10,
304086,576100,10,
347966,563506,10,
346144,560472,10,
352381,592377,10,
318681,528806,10,
369366,561201,10,
310041,533285,10,
344314,595915,10,
363956,609339,10,
328586,551385,10,
330767,552963,10,
312558,520650,10,
315850,573154,10,
379388,567285,10,
329905,579935,10,
352209,548608,10,
357679,548036,10,
339288,588052,10,
330335,568221,10,
341559,562163,10,
341925,569393,10,
327695,543105,10,
335999,549795,10,
302359,534317,10,
332586,566187,10,
330750,561657,10,
400380,588221,10,
337910,562252,10,
336549,565597,10,
343717,559909,10,
332116,594868,10,
358384,556361,10,
415881,584352,10,
345164,579614,10,
316395,537403,10,
340970,564831,10,
340383,600071,10,
326627,534442,10,
356865,545785,10,
306298,551902,10,
347575,565576,10,
302583,571881,10,
352424,557574,10,
279008,521035,10,
335029,553213,10,
338753,563384,10,
324032,577807,10,
327973,534972,10,
321924,527106,10,
345495,579864,10,
385091,599401,10,
361138,551307,10,
332884,533990,10,
269126,508814,10,
350056,566657,10,
374117,546122,10,
350283,559840,10,
335525,567445,10,
350798,535657,10,
289002,520678,10,
324516,522674,10,
364844,571623,10,
351815,574947,10,
275524,559548,10,
348773,583528,10,
308966,523409,10,
316313,570785,10,
341966,561987,10,
341446,538787,10,
318823,565345,10,
347522,587567,10,
293746,544468,10,
334983,572690,10,
325125,564342,10,
330145,546705,10,
336336,563145,10,
302353,545544,10,
321216,569834,10,
285152,520229,10,
335027,565050,10,
332270,556288,10,
341016,545280,10,
339640,561426,10,
338633,563504,10,
324952,565867,10,
353583,554147,10,
385183,556284,10,
292636,520371,10,
289176,571435,10,
310944,559497,10,
336974,563207,10,
337173,557853,10,
396903,591235,10,
324440,567074,10,
333378,557892,10,
300366,565761,10,
344437,529492,10,
325871,558965,10,
367641,556309,10,
344552,554676,10,
297212,546223,10,
355924,577596,10,
331340,524203,10,
292932,558293,10,
306346,523584,10,
341966,586266,10,
282430,560217,10,
326251,549298,10,
335201,585318,10,
351564,573155,10,
322365,530808,10,
405542,600089,10,
296763,528676,10,
221233,538472,11,
338084,560295,10,
345674,579033,10,
325883,560492,10,
345123,577788,10,
329859,564384,10,
353939,570931,10,
409616,575024,10,
365058,545456,10,
404782,557913,10,
368724,598412,10,
344096,575522,10,
182618,346663,12,
171461,348130,12,
186536,330019,12,
177241,292639,12,
248683,383412,-1,
174057,358906,12,
215243,289985,13,
170688,343596,12,
144502,345417,12,
165689,356983,12,
168443,367928,12,
165158,343946,12,
159711,352701,12,
175781,341039,12,
233480,289069,-1,
189029,366740,12,
168573,350387,12,
170271,306395,12,
192775,350028,12,
152054,345632,12,
139299,314046,12,
202053,322650,12,
134695,350397,12,
159654,381778,12,
188093,324040,12,
183236,338163,12,
156984,430950,12,
182751,435819,12,
198908,372797,12,
198517,325721,12,
161345,350804,12,
210497,359835,12,
141993,331189,12,
170788,373545,12,
166449,363036,12,
155479,345893,12,
186380,363938,12,
129332,360811,12,
224225,376975,-1,
165945,345849,12,
223550,323197,12,
122755,434879,-1,
166584,349245,12,
179472,342273,12,
148749,359845,12,
177505,332053,12,
160222,380591,12,
178869,370161,12,
170002,370000,12,
164354,347671,12,
169966,368623,12,
145867,363616,12,
181561,358111,12,
164915,350360,12,
166973,341636,12,
153181,277968,12,
155505,355581,12,
160835,347784,12,
211265,396792,-1,
203254,362605,12,
137967,354539,12,
174064,357989,12,
179609,408365,12,
176506,351827,12,
172879,347028,12,
180506,330980,12,
185966,359964,12,
146070,316860,12,
152957,321354,12,
163190,331719,12,
186914,361706,12,
159191,309314,12,
170425,316185,12,
162040,316797,12,
195000,354829,12,
126702,351222,12,
213064,290947,13,
140612,350010,12,
172885,352621,12,
170155,343568,12,
186806,334070,12,
146072,288800,12,
169293,348686,12,
169502,411323,12,
152861,407965,12,
156041,295117,12,
117585,391892,12,
163981,344090,12,
158664,310765,12,
141113,351050,12,
163796,345091,12,
160369,353500,12,
235671,300234,-1,
140876,334435,12,
108232,373112,12,
192460,388323,12,
133744,308918,12,
216209,437830,-1,
156945,339397,12,
199859,316334,12,
159496,331641,12,
167845,341409,12,
182435,365508,12,
133795,360518,12,
169628,365003,12,
167262,399527,12,
177728,352687,12,
130683,363204,12,
198197,344933,12,
197735,355477,12,
172020,342883,12,
185561,342784,12,
202011,337353,12,
157394,346500,12,
182050,424341,12,
129664,341196,12,
173188,355248,12,
182499,310438,12,
170384,339979,12,
182093,321311,12,
185696,338006,12,
102221,374657,12,
165881,364469,12,
164875,349007,12,
159120,340829,12,
168274,374689,12,
178495,373915,12,
179811,342089,12,
162606,363185,12,
173908,362098,12,
133580,348602,12,
190634,357254,12,
186503,369651,12,
127134,379827,12,
169145,355279,12,
140121,346875,12,
141860,324304,12,
200251,306215,12,
174373,363552,12,
170022,347877,12,
165657,338722,12,
186361,351075,12,
213022,338238,12,
155228,357729,12,
171614,435530,12,
175586,365049,12,
187858,381077,12,
171074,293610,12,
153738,360530,12,
199043,270173,-1,
165886,348709,12,
159428,300364,12,
197463,378513,12,
161273,347538,12,
186082,330058,12,
143732,279724,12,
142899,329415,12,
156977,424622,12,
174878,362329,12,
148915,338914,12,
187324,377187,12,
175766,380534,12,
185071,362905,12,
158550,354818,12,
174672,345849,12,
169880,343122,12,
109090,326101,12,
187854,354777,12,
153903,353738,12,
190241,329582,12,
102983,382712,12,
143117,345163,12,
188985,367645,12,
174834,411644,12,
144228,344974,12,
146821,297434,12,
171848,343242,12,
94382,320888,12,
154412,310120,12,
176490,344679,12,
170616,352610,12,
81648,360080,-1,
153607,379395,12,
183970,355973,12,
105444,361358,12,
158571,361986,12,
177579,319865,12,
198892,322470,12,
216975,296647,13,
166654,350678,12,
189102,333074,12,
198712,303299,12,
137098,384889,12,
144306,328086,12,
142455,343512,12,
178319,318244,12,
168886,353913,12,
174656,393278,12,
130805,354417,12,
176433,350561,12,
142252,329183,12,
165476,377389,12,
210102,333312,12,
129453,321221,12,
144705,375936,12,
206687,342276,12,
153583,352282,12,
189499,356601,12,
159392,351000,12,
181463,326571,12,
162975,335389,12,
157691,334886,12,
154167,353183,12,
165607,362883,12,
182239,333302,12,
176982,354631,12,
183516,374212,12,
191099,341570,12,
184570,360446,12,
207804,354938,12,
198493,326704,12,
149269,341445,12,
184798,392233,12,
174438,319075,12,
107124,325984,12,
76052,360840,-1,
159302,337993,12,
140101,341028,12,
168149,345638,12,
150009,371014,12,
157193,350343,12,
111476,358647,12,
151164,332239,12,
171318,373473,12,
175169,349454,12,
162600,392531,12,
168067,340249,12,
170102,323164,12,
124132,340448,12,
149863,284721,12,
168079,347343,12,
128953,304971,12,
169228,364545,12,
198415,321418,12,
183610,321788,12,
220869,407358,-1,
159472,372246,12,
170837,353968,12,
165653,317602,12,
135537,356169,12,
166973,334724,12,
158750,312102,12,
161448,373412,12,
158713,379013,12,
180493,319750,12,
125715,302114,12,
194033,340466,12,
158871,312380,12,
161387,343617,12,
169121,347594,12,
167653,352074,12,
125902,318850,12,
217686,296514,13,
171986,429306,12,
211360,279794,13,
157181,346842,12,
188909,341194,12,
140128,325904,12,
117874,389929,12,
162921,317643,12,
173978,346514,12,
98533,355691,12,
194956,372256,12,
164847,287064,12,
174410,372064,12,
149092,352682,12,
166323,352927,12,
178515,370287,12,
169337,348605,12,
122986,334382,12,
145282,391482,12,
185919,363092,12,
180519,368284,12,
181227,347052,12,
168284,309036,12,
198251,335402,12,
160922,347681,12,
141861,328909,12,
147911,328024,12,
178264,330827,12,
178235,346006,12,
195151,317753,12,
122360,357480,12,
167330,332452,12,
115363,305575,12,
185661,404482,12,
177858,352255,12,
113068,317574,12,
125675,360158,12,
172842,351663,12,
124724,459999,-1,
169069,348929,12,
185253,344152,12,
155625,262321,12,
158201,315944,12,
171277,361020,12,
209553,326461,12,
160165,362858,12,
190725,336160,12,
169994,409806,12,
179463,361279,12,
172662,388185,12,
165284,425978,12,
160206,303063,12,
155690,368375,12,
124516,325289,12,
179326,321160,12,
165573,305517,12,
155508,372355,12,
166799,318482,12,
161780,324523,12,
168805,351913,12,
206519,355629,12,
163091,350167,12,
176144,353300,12,
179483,359645,12,
213951,352868,12,
164046,346109,12,
169569,346955,12,
225356,318394,12,
214966,358837,12,
159253,343477,12,
219779,330969,12,
169876,340860,12,
669118,354195,14,
613682,399434,14,
617399,392653,14,
629247,364078,14,
641070,424917,14,
609532,388425,14,
629369,398359,14,
605911,379990,14,
622550,391601,14,
607905,403460,14,
679465,399014,14,
608711,373665,14,
623498,399288,14,
601212,370698,14,
574989,407228,14,
563517,391159,14,
687717,379483,14,
616040,330855,14,
653024,367312,14,
607440,403119,14,
620240,397022,14,
599215,391457,14,
587478,424878,14,
613921,394043,14,
624328,392133,14,
635887,384511,14,
559877,401053,14,
617755,401065,14,
693265,388552,14,
559933,403956,14,
655859,416496,14,
625919,402984,14,
595215,391491,14,
617493,379303,14,
598657,442558,14,
601644,436831,14,
617118,374098,14,
591051,389443,14,
617296,386864,14,
616468,394118,14,
630384,376295,14,
558770,390646,14,
637332,414017,14,
556780,409205,14,
577473,384210,14,
650054,432740,14,
595063,328609,-1,
714443,433876,-1,
603566,410391,14,
562356,383175,14,
546166,423311,-1,
626539,394908,14,
663820,416308,14,
710910,464586,-1,
624310,398408,14,
632546,389750,14,
667249,417107,14,
608309,377530,14,
611357,393577,14,
658219,436184,14,
615032,402225,14,
628131,406850,14,
632390,363198,14,
575116,345564,14,
625784,441883,14,
618893,419740,14,
579564,428498,14,
686324,364237,14,
586242,396484,14,
623248,399928,14,
609219,362804,14,
537211,376777,14,
605310,394011,14,
634973,450542,14,
595411,413706,14,
613037,419086,14,
617444,397675,14,
633304,366062,14,
592620,446156,14,
631633,337973,14,
619637,395224,14,
620330,398630,14,
621964,409409,14,
618446,372298,14,
629789,426313,14,
608687,374928,14,
680646,375662,14,
591831,438997,14,
550086,442382,14,
620330,396776,14,
551236,401856,14,
617178,414525,14,
584938,344365,14,
622636,456843,14,
649987,408293,14,
613719,382828,14,
576987,392508,14,
599766,409755,14,
584077,398498,14,
695514,321521,-1,
561388,355834,14,
691600,397893,14,
610676,449688,14,
600114,413216,14,
626811,372435,14,
636291,360636,14,
570384,393553,14,
626700,401688,14,
624106,398619,14,
523329,404632,-1,
611954,360938,14,
613536,395801,14,
576488,397913,14,
652745,406585,14,
603193,371867,14,
610026,444858,14,
629725,405117,14,
648429,422590,14,
562772,382904,14,
638823,411764,14,
617764,397102,14,
579922,379009,14,
610698,396326,14,
642607,374702,14,
621629,397208,14,
659321,404555,14,
576235,462612,14,
598628,425191,14,
623502,420376,14,
665965,449273,3,
608923,385575,14,
611579,407670,14,
617573,386848,14,
589862,418742,14,
653325,396810,14,
605073,372055,14,
623137,408209,14,
499262,398424,-1,
619339,401624,14,
619295,397643,14,
578878,420108,14,
533577,355107,-1,
615934,426539,14,
690195,475150,-1,
673514,390760,14,
657120,386782,14,
549945,372313,14,
675858,410545,14,
626586,415166,14,
618449,404599,14,
638783,399478,14,
578113,395458,14,
622557,361134,14,
635324,420555,14,
666135,430421,14,
689725,465685,-1,
593601,445149,14,
615094,383077,14,
624599,417673,14,
573969,434110,14,
642881,403147,14,
634383,422065,14,
582389,428200,14,
617330,369828,14,
621989,394856,14,
651828,468138,3,
612936,398723,14,
613351,407952,14,
562777,437516,14,
533212,366954,-1,
618113,400002,14,
609344,448128,14,
615342,413931,14,
623989,368662,14,
620187,400168,14,
687638,439257,-1,
573925,449341,14,
547270,403384,14,
619318,361696,14,
588432,446279,14,
592924,393730,14,
615325,383841,14,
611875,422910,14,
681941,370225,14,
620818,396967,14,
662154,385013,14,
554938,347875,14,
628655,321099,14,
619628,399433,14,
660333,393215,14,
618391,348381,14,
565829,395454,14,
617689,397001,14,
604554,393193,14,
572417,403906,14,
659193,384523,14,
632060,367800,14,
633894,404424,14,
620610,395343,14,
615175,397627,14,
624293,333944,14,
593689,316888,-1,
617319,374666,14,
572244,349463,14,
619239,400025,14,
621622,390298,14,
622101,371771,14,
630205,338054,14,
654147,407182,14,
637594,420311,14,
629004,392271,14,
585207,336451,14,
618349,397614,14,
650157,402991,14,
638966,486628,-1,
655201,411873,14,
602335,433298,14,
630706,388370,14,
617428,397343,14,
621537,390372,14,
631365,450732,14,
618406,404239,14,
601390,453925,14,
603945,361794,14,
619427,396945,14,
660103,414557,14,
700340,335010,-1,
608182,416637,14,
661166,404325,14,
620939,385731,14,
626371,349696,14,
614683,367259,14,
619332,401992,14,
587453,401098,14,
652349,321291,-1,
617954,395504,14,
636807,424537,14,
533889,333741,-1,
623386,387031,14,
632952,385722,14,
695010,449565,-1,
626843,367696,14,
488205,420586,20,
611547,411952,14,
621241,368090,14,
581240,362971,14,
608747,363132,14,
662177,420431,14,
615665,405490,14,
617447,366176,14,
560393,389490,14,
685785,409913,14,
623433,400160,14,
609091,437020,14,
624343,403629,14,
668879,388617,14,
567105,437623,14,
657450,365008,14,
591955,378142,14,
588952,437524,14,
607665,447516,14,
608601,418450,14,
662830,420955,14,
605891,428146,14,
615239,317684,14,
588933,366439,14,
618053,357534,14,
577773,434308,14,
606558,458285,14,
620955,389692,14,
738190,371970,-1,
634661,446187,14,
571692,449353,14,
605650,447537,14,
639502,371440,14,
684568,380640,14,
658735,399039,14,
618157,384990,14,
618869,398187,14,
603388,403039,14,
585255,415823,14,
639507,438534,14,
594112,399331,14,
619475,400592,14,
571570,375257,14,
659297,373975,14,
603285,449307,14,
610199,394579,14,
590500,418472,14,
630904,404643,14,
591725,406549,14,
621560,397789,14,
563182,367521,14,
593879,444161,14,
616054,371666,14,
627679,395601,14,
608195,447380,14,
616737,397973,14,
650120,324477,-1,
616926,398697,14,
650859,460072,3,
642157,345545,14,
601369,411415,14,
604703,392288,14,
721905,378957,-1,
619415,397644,14,
571043,347389,14,
659191,459637,3,
629978,400626,14,
688487,383589,14,
598053,438963,14,
635242,356290,14,
605899,412428,14,
656642,407213,14,
619924,406713,14,
630067,372798,14,
600007,377908,14,
589164,386733,14,
630491,379017,14,
618676,377015,14,
639613,388524,14,
669409,415893,14,
681608,436537,14,
649968,371445,14,
629000,417990,14,
658884,390135,14,
605407,427914,14,
629891,414975,14,
621778,364695,14,
610722,418243,14,
601599,388540,14,
615649,429323,14,
627206,402647,14,
643965,366316,14,
614877,402442,14,
606486,420054,14,
668482,358452,14,
628715,434772,14,
196462,887983,15,
335970,846828,-1,
272394,837600,15,
211165,825505,15,
226433,837646,15,
219686,859997,15,
242087,844255,15,
213558,873714,15,
245144,845719,15,
247997,878582,15,
283576,809069,15,
224676,859348,15,
298214,820903,15,
245468,859425,15,
222704,824909,15,
250921,819639,15,
249209,801933,15,
230591,874855,15,
234091,876039,15,
286769,862152,15,
224789,866804,15,
245023,849247,15,
263626,851699,15,
250198,825417,15,
231263,863308,15,
307605,840195,15,
276635,875623,15,
230399,842538,15,
274070,798617,15,
247939,831010,15,
209922,850026,15,
300726,862728,15,
222727,770963,-1,
239505,885057,15,
291561,845450,15,
221122,832810,15,
194258,914691,-1,
228928,855040,15,
264627,808661,15,
225916,843329,15,
240221,843932,15,
276600,823311,15,
204854,810013,15,
278326,829095,15,
246047,846189,15,
251032,876118,15,
285258,848668,15,
260943,889692,15,
245928,867228,15,
221002,870506,15,
292872,896822,16,
261896,897475,15,
269723,849664,15,
243941,843256,15,
249370,872804,15,
237120,856814,15,
257472,849587,15,
253703,834676,15,
238080,830689,15,
225991,869734,15,
231781,799444,15,
296892,901182,16,
234604,822462,15,
241473,860854,15,
219864,842635,15,
235901,856563,15,
207217,878249,15,
256949,820470,15,
204597,863162,15,
325275,866433,15,
239344,814789,15,
187894,871219,15,
259973,862559,15,
189752,865463,15,
245707,844466,15,
188480,870646,15,
305915,854818,15,
242443,851797,15,
227138,824372,15,
229970,878786,15,
281971,825246,15,
241166,845204,15,
225846,874086,15,
284077,905181,16,
258975,837353,15,
241972,840749,15,
245602,857160,15,
227363,836593,15,
257926,936947,-1,
237689,839510,15,
267799,847911,15,
207552,772091,-1,
201567,881003,15,
265125,820661,15,
273165,852766,15,
290210,818593,15,
256487,868899,15,
271395,862063,15,
251958,886571,15,
249253,856047,15,
268289,878265,15,
295375,861990,15,
256316,818886,15,
246470,842932,15,
314666,849163,15,
298979,774144,-1,
192885,887667,15,
227819,900986,15,
250003,859517,15,
249857,844975,15,
218369,851387,15,
252586,806474,15,
283017,850861,15,
228095,843338,15,
266980,825990,15,
241381,844402,15,
294053,878220,15,
253339,750941,-1,
241413,845029,15,
294326,807584,15,
257856,846423,15,
248210,886338,15,
216846,737568,-1,
244743,830888,15,
277055,860813,15,
279923,805957,15,
235041,823732,15,
238524,842928,15,
246453,883061,15,
260590,827955,15,
274554,845338,15,
245254,907991,15,
299821,866288,15,
261120,804153,15,
246729,879602,15,
240308,844341,15,
220620,819091,15,
268926,813783,15,
234219,845270,15,
188424,849785,15,
240171,843940,15,
163766,859386,15,
191257,802651,15,
224852,934148,-1,
261093,844962,15,
228711,848090,15,
183478,851724,15,
201080,823689,15,
118590,857150,-1,
264798,767716,-1,
313609,860065,15,
232246,844226,15,
237757,834092,15,
222682,806314,15,
243331,844022,15,
197362,870337,15,
229857,843917,15,
244257,776516,15,
224083,852922,15,
309399,838744,15,
271205,817620,15,
242247,864253,15,
235337,831592,15,
232357,810798,15,
252199,828023,15,
267049,950249,-1,
245678,821691,15,
241138,844374,15,
246182,840370,15,
264175,824349,15,
266977,887963,15,
274685,883097,15,
244260,847060,15,
256073,917590,15,
258416,835432,15,
241687,844256,15,
282603,846165,15,
228032,893055,15,
226949,889283,15,
264274,813041,15,
139601,914203,-1,
229131,842806,15,
236274,861302,15,
261819,863523,15,
200005,825237,15,
310591,841778,15,
244049,817710,15,
235022,911236,15,
256512,837094,15,
236495,861569,15,
256889,880721,15,
258528,856273,15,
233284,860085,15,
257480,849037,15,
269354,811847,15,
222445,891438,15,
222356,840843,15,
236207,886769,15,
174371,864697,15,
159683,838958,15,
237750,837381,15,
241545,838673,15,
256082,831969,15,
246468,838071,15,
205919,844377,15,
266111,813259,15,
244246,847589,15,
244899,812192,15,
219316,898830,15,
251866,864044,15,
238308,790723,15,
209264,836661,15,
242519,845811,15,
351883,890475,-1,
278929,842054,15,
244027,850132,15,
248570,843156,15,
224681,858432,15,
210276,824826,15,
220884,916718,-1,
240846,841609,15,
257093,801567,15,
236749,813868,15,
332237,911313,-1,
288954,846991,15,
238084,844799,15,
236431,844100,15,
299772,828655,15,
241633,846949,15,
230107,858332,15,
256216,903741,15,
258135,880184,15,
232331,872896,15,
183583,787453,-1,
264293,890923,15,
213208,833959,15,
224288,931476,-1,
261622,869706,15,
297183,841456,15,
241849,815141,15,
308616,811021,15,
220931,876605,15,
289719,866638,15,
233931,838374,15,
224694,848663,15,
240645,855514,15,
229567,855332,15,
247613,815836,15,
239387,847822,15,
257788,880587,15,
245532,846331,15,
224241,828996,15,
227582,856861,15,
244618,845420,15,
213775,841758,15,
243511,830743,15,
244799,841688,15,
216061,848623,15,
294492,832336,15,
248931,844960,15,
267478,894783,15,
228715,837572,15,
269483,848608,15,
248276,844455,15,
236987,881080,15,
223732,826580,15,
230149,886583,15,
265299,859533,15,
181803,799487,-1,
247210,859012,15,
261633,773355,-1,
262370,891499,15,
250394,847577,15,
222019,839774,15,
238328,770068,-1,
208941,860169,15,
238714,858826,15,
241005,825301,15,
270742,847836,15,
238492,833394,15,
312726,853829,15,
286663,846902,15,
261796,819395,15,
253890,807676,15,
242415,844335,15,
134134,842630,-1,
163956,833732,15,
250359,849451,15,
295357,842293,15,
218942,848326,15,
205466,778884,-1,
253899,862843,15,
244966,841126,15,
208494,850615,15,
221126,837878,15,
271093,861412,15,
216543,842952,15,
255185,825960,15,
251070,877802,15,
264565,859237,15,
228611,836717,15,
228517,837056,15,
198583,860431,15,
215976,836025,15,
254411,848090,15,
168036,807011,-1,
292194,906490,16,
243951,865415,15,
260922,785987,15,
245740,814541,15,
317675,838127,15,
274505,864723,15,
230049,865536,15,
235084,818866,15,
172690,847721,15,
221706,875060,15,
236740,853169,15,
298800,824277,15,
265246,889333,15,
219498,851932,15,
247484,846372,15,
288675,919879,16,
229280,813483,15,
282622,879222,15,
307300,836132,15,
238260,882489,15,
219049,825171,15,
219321,848396,15,
240028,849354,15,
212009,864463,15,
246857,852483,15,
245118,811283,15,
247855,794626,15,
253655,821946,15,
241475,850889,15,
210162,860529,15,
204922,854068,15,
225567,853078,15,
245258,799882,15,
257134,845851,15,
187314,815820,15,
294275,174786,17,
329428,66056,-1,
325938,164475,17,
253129,154296,17,
319838,170383,17,
240213,118409,18,
283784,178305,17,
376613,159699,17,
338717,181582,17,
304283,183656,17,
314519,146787,17,
270899,175377,17,
291228,101272,17,
291170,110147,17,
321522,163852,17,
202627,179376,-1,
307913,91419,17,
311093,169734,17,
321775,164846,17,
294832,124284,17,
295537,91032,17,
383044,180418,17,
338570,192256,17,
337894,175289,17,
359796,165920,17,
316263,163806,17,
320972,170417,17,
277860,111893,17,
367806,123963,17,
359352,162962,17,
350964,149159,17,
332201,181702,17,
287966,150135,17,
346942,152780,17,
232784,169847,17,
292492,99170,17,
334529,166765,17,
363208,238649,17,
196795,190277,-1,
353333,113156,17,
373191,88470,-1,
333789,151168,17,
339732,163158,17,
321822,187102,17,
276792,141848,17,
308044,164482,17,
311328,159477,17,
383052,89061,-1,
316820,150304,17,
314479,178821,17,
310824,144943,17,
333143,200298,17,
300672,175844,17,
339482,151261,17,
319208,164182,17,
321645,164662,17,
308763,166511,17,
308066,145825,17,
360143,155270,17,
348893,195430,17,
319283,158983,17,
332284,194186,17,
292402,184441,17,
361227,221878,17,
313573,109221,17,
310693,154278,17,
344482,215846,17,
358652,186358,17,
330533,214555,17,
320400,160020,17,
267662,127175,-1,
396583,82842,-1,
292193,125417,17,
324121,96346,17,
321344,166633,17,
234837,151054,17,
368060,76739,-1,
347050,150472,17,
245783,109229,18,
400550,144359,17,
343217,153037,17,
315488,160339,17,
347406,155708,17,
336845,172750,17,
357014,148222,17,
331862,169092,17,
322140,165212,17,
363075,162238,17,
318738,182134,17,
346717,178180,17,
311819,140674,17,
332032,157725,17,
301983,173386,17,
321556,163352,17,
315830,102777,17,
312275,145173,17,
325861,203058,17,
360703,150999,17,
345976,148333,17,
320210,191459,17,
318665,158107,17,
425563,163524,-1,
264427,188193,17,
348177,179526,17,
265430,151883,17,
320718,158610,17,
380609,185976,17,
345234,188822,17,
362027,150348,17,
300294,178772,17,
315963,174031,17,
333787,189423,17,
337343,156614,17,
334812,137431,17,
347492,153416,17,
324518,167369,17,
353991,193997,17,
274321,219665,17,
335476,183897,17,
300021,159185,17,
384591,137729,17,
320000,162605,17,
268938,211870,17,
366146,196571,17,
356280,185198,17,
325767,164095,17,
350480,214608,17,
314791,163370,17,
302582,134124,17,
328851,147002,17,
347039,195468,17,
289531,145743,17,
343018,239960,-1,
271123,163465,17,
326959,154655,17,
332307,189590,17,
310529,141617,17,
380281,205779,17,
411606,137378,17,
348191,165419,17,
305292,175260,17,
256120,141529,17,
390934,170420,17,
358562,112650,17,
355499,224982,17,
363437,77975,-1,
232043,177614,17,
246753,175170,17,
327204,152871,17,
371685,151612,17,
291723,177824,17,
324488,180658,17,
340048,131847,17,
295311,115000,17,
239495,163949,17,
267521,119941,18,
401396,125431,17,
260930,184935,17,
336085,170252,17,
291782,159562,17,
307616,207295,17,
352910,145624,17,
294653,104623,17,
372883,222824,17,
318707,160697,17,
281548,175184,17,
307747,128551,17,
336991,217448,17,
270233,195701,17,
433100,134861,19,
311433,134432,17,
375353,117180,17,
315146,160782,17,
311163,166821,17,
305333,171939,17,
332470,161202,17,
302266,185591,17,
370775,144355,17,
314552,151035,17,
343145,172236,17,
331212,162496,17,
299460,144708,17,
383894,179880,17,
345703,149860,17,
331381,162660,17,
344364,213940,17,
378347,144880,17,
322789,137560,17,
328425,159826,17,
341137,78287,-1,
317771,154916,17,
336266,148507,17,
342066,119083,17,
297177,88467,17,
280519,165350,17,
305901,166656,17,
284757,175853,17,
281732,221764,17,
321262,178491,17,
344710,213543,17,
311408,168232,17,
356500,188114,17,
304376,222294,17,
278116,185472,17,
247892,115217,18,
306326,164202,17,
311516,94189,17,
323747,163351,17,
321778,158339,17,
309501,166931,17,
333942,143344,17,
339393,209145,17,
340996,170964,17,
315333,144566,17,
332853,168141,17,
290958,168323,17,
297731,175876,17,
280274,182662,17,
306540,193434,17,
319155,159850,17,
355168,114823,17,
270201,236813,-1,
347630,120931,17,
446538,180119,19,
371052,147369,17,
403365,215735,-1,
258201,153095,17,
335121,214149,17,
283786,133973,17,
353951,133923,17,
345069,165968,17,
367079,183232,17,
363932,228249,17,
354132,161850,17,
390538,157197,17,
333805,148479,17,
325344,159885,17,
323905,168029,17,
274495,182470,17,
309684,150076,17,
381617,157000,17,
322841,169735,17,
359520,132845,17,
249616,144446,17,
321620,169950,17,
415495,116126,-1,
335742,196692,17,
271424,251323,-1,
340066,152500,17,
327734,163585,17,
346079,220993,17,
276741,143844,17,
377042,182019,17,
400055,131725,17,
332246,172932,17,
310386,171068,17,
327569,158418,17,
324444,166910,17,
317217,163896,17,
270404,183080,17,
277512,151920,17,
324966,170021,17,
306421,145493,17,
382419,110392,-1,
318266,171979,17,
321245,141627,17,
318192,170844,17,
320821,165455,17,
329029,204399,17,
311065,219934,17,
287127,192494,17,
283571,109326,17,
308748,199866,17,
369490,164369,17,
270729,67329,-1,
279010,181792,17,
282957,179982,17,
308489,145929,17,
327927,168535,17,
327022,161396,17,
376557,109320,-1,
248427,146381,17,
321182,150806,17,
312337,154488,17,
268518,181514,17,
285865,167818,17,
279251,184486,17,
306042,66361,-1,
318215,180010,17,
293978,197091,17,
338044,233264,17,
293864,241877,-1,
344380,183817,17,
316257,171544,17,
248779,111087,18,
313783,177198,17,
415534,110526,-1,
296164,96874,17,
315670,160928,17,
339137,160334,17,
290700,196285,17,
307107,174760,17,
325279,168587,17,
328423,161604,17,
333883,276840,-1,
308555,134011,17,
322101,164171,17,
306357,123397,17,
292931,125341,17,
284378,223470,17,
335003,151395,17,
267212,158699,17,
343851,193618,17,
296627,93375,17,
334980,143900,17,
335235,180161,17,
360945,167952,17,
257841,193878,17,
275288,212315,17,
331798,143962,17,
333937,51121,-1,
328775,156501,17,
319829,168353,17,
293201,192871,17,
327608,177638,17,
332562,174699,17,
348815,150017,17,
312227,159417,17,
324337,162686,17,
323329,93955,17,
291973,127483,17,
258779,106777,18,
325360,134919,17,
267264,153034,17,
312421,170617,17,
293350,175997,17,
275459,190178,17,
244344,185382,17,
252845,181181,17,
357923,192120,17,
382720,263255,-1,
326040,156509,17,
165104,543395,11,
139903,592241,11,
132705,557674,11,
114311,601605,11,
102460,533057,11,
185935,554627,11,
123441,594415,11,
97216,564094,11,
110948,539533,11,
101553,517715,11,
133023,574572,11,
144570,573936,11,
136531,557658,11,
173576,507309,11,
179189,536028,11,
141238,557986,11,
156430,615117,11,
69169,631490,-1,
31842,565765,-1,
144620,575370,11,
155899,561715,11,
137451,555339,11,
68388,574380,11,
166290,521714,11,
210499,526471,11,
148319,584541,11,
135336,552552,11,
136606,562296,11,
136301,569544,11,
119386,620549,11,
139212,557713,11,
84501,604671,11,
176602,574552,11,
105945,528795,11,
140989,537156,11,
138449,555969,11,
128669,574591,11,
95749,602775,11,
139460,557260,11,
130440,562623,11,
147885,527813,11,
58190,608304,-1,
151701,574146,11,
148385,538149,11,
142668,544976,11,
145251,553486,11,
142265,546135,11,
202913,525966,11,
192564,547558,11,
179240,577011,11,
182840,584262,11,
144242,557674,11,
135849,550612,11,
101427,615890,11,
143265,548387,11,
112379,547679,11,
137347,622867,11,
139146,569516,11,
125756,579609,11,
77109,512651,11,
138073,556272,11,
202547,601240,11,
19835,570290,-1,
118137,579149,11,
201324,574588,11,
113259,568684,11,
139052,610320,11,
177246,571940,11,
107972,601191,11,
138199,541774,11,
220156,589643,11,
137787,566189,11,
138122,557230,11,
93136,613387,11,
154620,576738,11,
131523,568207,11,
136967,565662,11,
142886,556511,11,
125005,540340,11,
138965,558201,11,
139474,569485,11,
171471,576787,11,
157138,565993,11,
198294,552987,11,
136078,547418,11,
140164,531093,11,
156003,502860,11,
67867,545392,11,
133780,533275,11,
116142,550919,11,
148510,579793,11,
179224,584189,11,
149906,546909,11,
29760,557873,-1,
115287,602637,11,
206561,574789,11,
108651,521409,11,
115905,560139,11,
127373,549518,11,
141699,530028,11,
141641,557376,11,
111855,531542,11,
136580,553967,11,
137516,556818,11,
179793,483378,-1,
105568,584102,11,
125840,520239,11,
117212,565692,11,
140717,554093,11,
139033,593287,11,
172882,571145,11,
104862,608089,11,
158366,537970,11,
138525,534268,11,
69565,599820,11,
94571,528963,11,
153185,562792,11,
147599,513563,11,
223226,546198,11,
143879,536650,11,
151099,518008,11,
109317,531425,11,
127202,525948,11,
137740,618961,11,
138734,557713,11,
109912,565003,11,
158060,525533,11,
260096,530550,10,
134449,557556,11,
121650,599844,11,
188992,563992,11,
207218,589497,11,
179830,547383,11,
152331,529689,11,
112184,530469,11,
166904,503121,11,
183026,545377,11,
152658,569277,11,
172116,513383,11,
95899,530846,11,
144325,538991,11,
166597,572855,11,
105193,596017,11,
166840,562425,11,
117089,561455,11,
141718,549576,11,
117959,536156,11,
125351,529954,11,
140706,547367,11,
138012,558263,11,
135284,555664,11,
142663,556520,11,
112673,516997,11,
137657,611252,11,
119237,591137,11,
186380,487625,-1,
113099,546732,11,
176278,550602,11,
158773,588778,11,
140962,518168,11,
144856,551807,11,
155943,576199,11,
152584,564548,11,
165356,570715,11,
127858,609681,11,
257984,555707,10,
149758,564768,11,
129550,560106,11,
159271,568953,11,
151374,538387,11,
129030,588495,11,
155430,549012,11,
172756,612694,-1,
93459,514032,11,
99569,523174,11,
148080,544056,11,
169322,577938,11,
173847,514665,11,
136418,562926,11,
140047,540043,11,
74519,527539,11,
146681,562995,11,
110877,562558,11,
95071,503965,11,
136232,576477,11,
146120,576624,11,
259173,548593,10,
107965,535173,11,
103153,601002,11,
158283,570550,11,
206219,604081,11,
116492,509399,11,
97430,598804,11,
193275,538687,11,
116860,550810,11,
179834,541387,11,
143226,522375,11,
111174,539350,11,
94933,588147,11,
139434,557410,11,
131532,536658,11,
38179,532155,-1,
113321,606322,11,
123905,508486,11,
201753,569116,11,
206660,575002,11,
138884,529162,11,
139636,565984,11,
110479,594587,11,
76253,529394,11,
160280,493497,11,
161475,587507,11,
149054,556986,11,
223408,520131,11,
158596,562634,11,
141991,539522,11,
137172,523482,11,
161154,538355,11,
130157,581286,11,
142000,554964,11,
86243,559135,11,
130883,557824,11,
127964,538935,11,
122130,568886,11,
210597,589836,11,
139847,552015,11,
147664,559632,11,
167716,562762,11,
130657,555545,11,
165382,518876,11,
221994,575146,11,
87236,607429,11,
154268,542573,11,
197367,535989,11,
133094,557996,11,
155274,552551,11,
139911,561185,11,
146924,565933,11,
146183,622188,11,
176092,531921,11,
184402,546549,11,
139641,557503,11,
170816,547069,11,
156474,570384,11,
146678,558942,11,
136569,532130,11,
162124,500069,11,
127503,623654,11,
182854,534283,11,
141222,572556,11,
177665,557923,11,
201907,516078,11,
130249,579307,11,
166560,559687,11,
138220,560056,11,
134725,537440,11,
127940,590467,11,
143592,606949,11,
64979,538104,11,
94061,576129,11,
79285,554817,11,
103192,550021,11,
198823,538624,11,
145758,562414,11,
211584,591058,11,
139451,549580,11,
220224,592068,11,
150404,539885,11,
142767,538646,11,
143912,595772,11,
184412,537050,11,
55359,623076,-1,
137197,556522,11,
138461,558771,11,
80673,566893,11,
203667,577260,11,
94249,600812,11,
145244,561042,11,
94458,533883,11,
130201,562734,11,
98675,580608,11,
134422,544300,11,
141771,551655,11,
141924,558399,11,
137316,562151,11,
143363,551365,11,
197849,575524,11,
134261,519275,11,
129997,568115,11,
170494,560892,11,
164453,544085,11,
128788,546091,11,
88703,577217,11,
131109,568012,11,
95074,570002,11,
232047,522748,11,
125548,552424,11,
142563,560090,11,
118391,553625,11,
132497,593125,11,
162713,586568,11,
122296,566921,11,
56907,586609,-1,
48143,523870,-1,
104489,542515,11,
130582,565948,11,
180633,570302,11,
241485,523039,11,
178005,594957,11,
211266,534538,11,
137680,555667,11,
144401,565666,11,
101722,535117,11,
115781,594942,11,
107160,530936,11,
139978,587153,11,
179931,536588,11,
105353,589239,11,
119496,543146,11,
142575,517378,11,
76661,531044,11,
137699,556769,11,
154964,554923,11,
142516,559062,11,
98525,579761,11,
163925,576666,11,
153326,558408,11,
262846,559590,10,
102898,592834,11,
138349,554238,11,
193502,557364,11,
202175,495076,-1,
154162,536416,11,
77875,516899,11,
163477,561507,11,
131874,552586,11,
120357,560737,11,
119535,551857,11,
114108,540537,11,
136059,558213,11,
121786,564225,11,
233105,591646,11,
149760,577278,11,
139237,548782,11,
34795,606311,-1,
147663,555514,11,
108512,525986,11,
509279,180548,19,
495165,163113,19,
474652,193224,19,
507786,199578,19,
566666,195255,19,
506012,178372,19,
541435,206637,19,
507311,177795,19,
461701,188438,19,
506069,169723,19,
477155,161019,19,
505044,180646,19,
467697,168082,19,
511868,170991,19,
500225,177559,19,
460616,174810,19,
573755,218049,19,
543616,144788,19,
509804,175714,19,
542311,161882,19,
475944,189337,19,
517750,199025,19,
520952,169184,19,
559076,190770,19,
416763,96639,-1,
549384,208450,19,
549147,171454,19,
520880,200955,19,
484348,202813,19,
487472,166999,19,
504728,174541,19,
465734,114090,19,
570266,188032,19,
505584,176135,19,
514739,189624,19,
500589,181466,19,
504096,192493,19,
553118,165472,19,
502511,205121,19,
551798,221411,19,
502737,174437,19,
513181,177419,19,
513010,141058,19,
535564,177248,19,
514551,176526,19,
450030,169537,19,
521152,152439,19,
505512,203857,19,
509928,184873,19,
490271,216725,19,
529931,180136,19,
508228,220433,19,
534461,178056,19,
508551,174306,19,
545365,210090,19,
510414,142485,19,
507895,177445,19,
506288,177990,19,
512560,224816,19,
454160,102568,19,
437116,148591,19,
519003,160741,19,
509173,178051,19,
507674,147431,19,
513562,229098,19,
473361,185066,19,
517580,170329,19,
509285,174620,19,
510496,174308,19,
438860,114065,-1,
534702,244239,19,
504755,150226,19,
474135,199330,19,
508907,173787,19,
509651,149290,19,
490956,124550,19,
499637,194036,19,
515856,148316,19,
482568,159010,19,
522728,184704,19,
493070,189771,19,
483807,198925,19,
469656,153741,19,
470041,102049,19,
576965,187481,19,
515230,149567,19,
469470,189347,19,
484678,123623,19,
509554,186931,19,
480787,147737,19,
523036,123677,19,
508144,167733,19,
515450,173220,19,
489378,172861,19,
497406,125809,19,
514173,139330,19,
520809,176718,19,
499009,205823,19,
509773,148899,19,
505117,141877,19,
494698,176711,19,
501334,163002,19,
502500,176532,19,
546565,151576,19,
520878,209094,19,
486891,175164,19,
512241,169240,19,
569692,182365,19,
491382,122267,19,
457033,127590,19,
535453,200970,19,
436641,55171,-1,
520845,176291,19,
496130,178113,19,
507473,227670,19,
507092,175151,19,
493714,173387,19,
528826,154067,19,
509951,176794,19,
505400,160422,19,
473316,162622,19,
489504,146224,19,
516888,152451,19,
505128,175022,19,
520819,181586,19,
506812,167031,19,
495032,203929,19,
508789,174256,19,
502302,210265,19,
511106,122518,19,
486997,164803,19,
535787,199735,19,
540364,163758,19,
496006,191010,19,
497454,172375,19,
488330,173837,19,
547076,156969,19,
509956,141698,19,
516084,178725,19,
535034,172649,19,
529858,213114,19,
496384,166644,19,
519201,139101,19,
575022,213534,19,
469404,181944,19,
464672,193513,19,
491609,180519,19,
470314,178936,19,
481067,172555,19,
508797,176269,19,
491145,206344,19,
485361,169229,19,
474527,107596,19,
499643,171625,19,
514722,190943,19,
474641,81263,-1,
495995,160032,19,
516963,174184,19,
521006,163218,19,
434581,123267,-1,
514876,182995,19,
501416,172980,19,
513991,165072,19,
512900,219252,19,
510739,121103,19,
509522,174376,19,
507862,172954,19,
512716,181316,19,
483423,111797,19,
505603,147517,19,
482628,171320,19,
541790,172616,19,
473649,178184,19,
520763,250478,19,
494000,189403,19,
533931,173291,19,
485110,150541,19,
528679,199079,19,
545699,174099,19,
517495,186329,19,
520461,173217,19,
456821,105575,19,
495388,156422,19,
514934,219169,19,
508989,168995,19,
500474,169746,19,
504511,149234,19,
467144,147308,19,
512733,174091,19,
452791,156805,19,
488800,197919,19,
593887,210595,19,
561725,168220,19,
528011,201615,19,
514428,222503,19,
512051,145220,19,
472054,129986,19,
507959,166780,19,
518068,137556,19,
561110,219865,19,
563315,215613,19,
523779,163905,19,
490037,164357,19,
519421,154681,19,
504373,165819,19,
513957,139202,19,
486422,178919,19,
533351,147778,19,
511030,221292,19,
496069,102201,19,
496491,171534,19,
497254,171940,19,
518892,165875,19,
481083,151953,19,
507741,178883,19,
486224,196184,19,
509039,173839,19,
462658,75167,-1,
519680,208378,19,
499676,196897,19,
480876,160465,19,
521032,177084,19,
486034,196122,19,
505225,158750,19,
485968,123023,19,
478442,125560,19,
502355,164119,19,
502915,183059,19,
497211,174121,19,
537174,194410,19,
505293,194591,19,
491442,116195,19,
473202,140745,19,
505079,219082,19,
541455,223176,19,
528938,174372,19,
528094,178343,19,
520759,184923,19,
538994,179328,19,
507832,181513,19,
493897,189627,19,
514408,173338,19,
514391,156592,19,
513362,223841,19,
443618,157237,19,
477746,163845,19,
480571,204150,19,
486326,174643,19,
505384,174535,19,
541220,177840,19,
522869,176818,19,
497255,188783,19,
545240,221008,19,
512291,169608,19,
576158,210283,19,
508099,175066,19,
545455,182232,19,
537836,177165,19,
508597,173640,19,
507445,193647,19,
524397,239456,19,
527753,213985,19,
528766,239937,19,
481356,162127,19,
541498,192746,19,
506142,170513,19,
494574,198972,19,
477901,173288,19,
509223,177592,19,
532010,176195,19,
541006,175198,19,
490355,153464,19,
566524,179796,19,
550216,184337,19,
516085,195504,19,
523796,219588,19,
511118,175212,19,
445043,152257,19,
497582,190801,19,
514622,206979,19,
479631,178459,19,
496476,140337,19,
498389,178069,19,
506361,225237,19,
519396,177174,19,
529409,157228,19,
501111,157402,19,
514219,167014,19,
558307,203307,19,
545957,196749,19,
508080,175697,19,
589900,217899,19,
509383,167302,19,
474516,189144,19,
498730,183037,19,
473093,188791,19,
471328,176297,19,
510901,175806,19,
559809,162597,19,
499272,168413,19,
514981,172608,19,
511289,183247,19,
455460,153040,19,
519962,175210,19,
532549,172894,19,
516128,178722,19,
519113,194925,19,
502877,192740,19,
520782,134308,19,
574369,207483,19,
515494,188459,19,
486870,146947,19,
484395,107291,19,
504243,237336,19,
483776,213021,19,
536623,213083,19,
544539,180391,19,
502002,166223,19,
500801,185558,19,
525670,184762,19,
481841,209337,19,
494317,170837,19,
521153,242968,19,
473933,191767,19,
524502,248106,19,
487952,168607,19,
460133,173081,19,
453261,148432,19,
491792,214464,19,
497815,165151,19,
515348,184750,19,
598908,254032,-1,
558478,213316,19,
538228,168834,19,
464634,173867,19,
518675,175686,19,
533566,214619,19,
540196,180312,19,
500360,213540,19,
517882,175467,19,
549642,157506,19,
511368,173673,19,
506815,173387,19,
500192,192292,19,
533775,163036,19,
511484,160453,19,
489062,200329,19,
537514,179689,19,
551867,170425,19,
406184,394506,20,
417996,408162,20,
428667,451233,20,
425386,379634,20,
388202,405780,20,
370955,325071,20,
353749,391896,20,
398629,401626,20,
393402,401018,20,
465599,383470,20,
400257,404936,20,
444610,400247,20,
392046,391220,20,
410506,395586,20,
508805,429073,-1,
424782,449687,20,
384467,407359,20,
397399,403186,20,
449683,388863,20,
387756,435588,20,
451753,383440,20,
414448,429790,20,
394599,409068,20,
387330,409037,20,
402109,430185,20,
393825,453067,20,
412111,418466,20,
397213,377839,20,
361159,436327,20,
383075,447616,20,
383832,340506,20,
402227,414685,20,
411957,397796,20,
377408,395123,20,
417231,381303,20,
442915,420573,20,
415394,396940,20,
420792,430901,20,
397791,444527,20,
385804,393101,20,
384572,388523,20,
402069,434868,20,
414997,432597,20,
392919,405103,20,
396150,430329,20,
439145,407748,20,
401240,354085,20,
424228,442208,20,
336023,416862,20,
351352,362910,20,
413549,408517,20,
341775,425156,20,
424811,413300,20,
402677,412615,20,
419118,421655,20,
354601,358760,20,
410682,349328,20,
399020,404042,20,
392258,405478,20,
353941,399967,20,
411471,446824,20,
397158,370362,20,
431117,394746,20,
395246,392783,20,
400468,405703,20,
354094,424230,20,
352429,359750,20,
358830,431609,20,
387039,365758,20,
395013,387179,20,
400545,404212,20,
435067,403802,20,
394436,450912,20,
376444,371957,20,
433463,410297,20,
426625,475977,-1,
424241,452915,20,
396520,405610,20,
347638,429109,20,
374797,407601,20,
451670,388347,20,
373684,418326,20,
412615,403902,20,
392428,402295,20,
389868,410718,20,
383022,409854,20,
468350,395883,20,
373339,398565,20,
383878,376230,20,
434815,388041,20,
368864,411216,20,
321050,422497,20,
276794,384458,-1,
383197,409869,20,
381340,409680,20,
415521,368125,20,
404288,349685,20,
367922,415238,20,
422056,382193,20,
407334,445969,20,
373917,427628,20,
422261,374345,20,
392728,411341,20,
336585,420977,20,
401730,354294,20,
401854,402867,20,
401330,395538,20,
393903,387227,20,
399188,402459,20,
389510,370897,20,
399858,403574,20,
343651,438750,20,
388743,388465,20,
398246,406245,20,
400727,396769,20,
399077,403968,20,
402071,427626,20,
405902,394724,20,
383992,398245,20,
372230,412488,20,
418086,394699,20,
400305,466024,20,
380458,329635,20,
338347,337961,-1,
411171,426853,20,
392447,408539,20,
375233,399429,20,
385338,440797,20,
397764,406712,20,
414290,393146,20,
394846,407130,20,
402252,414628,20,
332913,385678,20,
396517,394572,20,
388479,343648,20,
405569,411933,20,
444816,409502,20,
393659,439272,20,
415222,434798,20,
396621,381952,20,
416893,347737,20,
398980,407667,20,
404273,429948,20,
397851,400846,20,
447192,359893,-1,
350428,392503,20,
451853,420873,20,
402566,415798,20,
362753,369848,20,
407188,396576,20,
380139,434251,20,
409167,449719,20,
405470,392374,20,
359036,365793,20,
398617,402424,20,
408714,391412,20,
382222,441817,20,
403751,385539,20,
400548,402390,20,
393828,404314,20,
373943,376926,20,
390182,360941,20,
391776,409868,20,
342501,336320,-1,
401923,417123,20,
342400,426090,20,
405325,407466,20,
369480,377148,20,
416110,374296,20,
401162,412142,20,
442931,430123,20,
478361,409520,20,
401313,405195,20,
357466,354094,20,
417617,414816,20,
417281,410881,20,
470047,410943,20,
378824,430343,20,
369227,397853,20,
397918,462032,20,
397331,407010,20,
427810,400178,20,
401708,409924,20,
426172,363147,20,
401411,414503,20,
409823,412908,20,
386068,422517,20,
398255,405428,20,
346358,384801,20,
397735,448097,20,
348847,425164,20,
394761,461494,20,
357253,388075,20,
402267,410395,20,
415233,441297,20,
404445,402466,20,
408224,399767,20,
369044,371649,20,
343119,382074,20,
416750,435776,20,
387103,401925,20,
368200,364844,20,
393758,439738,20,
418623,404382,20,
402660,406054,20,
427749,457110,20,
405356,391545,20,
432184,395118,20,
322936,368566,-1,
402710,424367,20,
456025,389630,20,
395450,407822,20,
377941,403683,20,
407576,434017,20,
348263,386451,20,
391966,387214,20,
392576,406460,20,
380236,460907,20,
398153,407081,20,
399942,385908,20,
398795,472619,20,
467535,416014,20,
377758,413906,20,
398724,404179,20,
396710,378698,20,
377588,402670,20,
408992,462226,20,
423371,373970,20,
412861,434751,20,
403160,392159,20,
395168,404189,20,
399346,423786,20,
409244,460295,20,
429515,393708,20,
370602,353215,20,
356739,417826,20,
408147,436628,20,
436362,379677,20,
399291,386712,20,
396081,396707,20,
419200,403389,20,
383855,390984,20,
370252,347498,20,
460198,402706,20,
418046,358461,20,
408500,393942,20,
397618,404912,20,
392660,395873,20,
406739,400918,20,
439048,403700,20,
392424,375266,20,
379128,418858,20,
391970,419802,20,
389279,424006,20,
468907,448885,-1,
410601,410653,20,
396556,406492,20,
417795,405673,20,
375971,427549,20,
414374,439977,20,
368363,409733,20,
402081,407514,20,
399753,404222,20,
424840,479570,-1,
381863,416651,20,
394606,401451,20,
389520,406500,20,
418140,415328,20,
387461,394402,20,
391384,413273,20,
391439,399819,20,
365223,422531,20,
407189,437102,20,
415933,422485,20,
402031,426039,20,
428513,456990,20,
382396,405483,20,
368166,429422,20,
418636,440000,20,
411674,402377,20,
424365,371987,20,
394159,411676,20,
371548,414612,20,
460628,434107,20,
399717,403257,20,
361875,448199,20,
393424,399084,20,
333682,401078,20,
377870,377550,20,
405117,364266,20,
452398,378671,20,
397889,398501,20,
424089,352640,20,
417494,392231,20,
402851,395579,20,
376493,366302,20,
460684,371809,20,
449571,387141,20,
405322,414743,20,
420489,448078,20,
377975,461076,20,
492551,434649,-1,
477323,384551,20,
359740,379592,20,
429653,438596,20,
361814,411086,20,
400660,404811,20,
410418,409414,20,
392162,355397,20,
376145,414107,20,
371464,328177,20,
379593,380662,20,
448231,384406,20,
404157,406324,20,
420616,401526,20,
398985,413427,20,
400538,407020,20,
391530,398743,20,
408182,408351,20,
435926,408504,20,
411090,435389,20,
398311,383357,20,
409291,431539,20,
399460,399410,20,
400473,408327,20,
399693,395271,20,
431437,436764,20,
312123,419763,-1,
411053,432808,20,
401616,404245,20,
364455,436191,20,
407833,402474,20,
367864,442851,20,
437870,375761,20,
308726,371721,-1,
418996,389541,20,
371498,393120,20,
407429,399155,20,
380749,403860,20,
399997,411205,20,
377215,418429,20,
380202,396671,20,
436034,385951,20,
395210,357805,20,
415136,446807,20,
315013,318367,-1,
372424,413163,20,
340966,420480,20,
354767,417464,20,
387165,404027,20,
854654,549222,5,
889260,541423,5,
870826,524625,5,
868025,569296,5,
861364,598127,5,
825141,535997,5,
906640,587296,5,
906396,535803,5,
887896,558572,5,
817776,525600,5,
844066,546029,5,
848976,558706,5,
897131,604582,5,
845120,549830,5,
872241,556733,5,
857818,534525,5,
794265,594573,5,
857126,548151,5,
842786,614034,21,
889975,589361,5,
841130,529745,5,
813561,583156,5,
855603,542414,5,
887556,531797,5,
837032,509264,5,
852037,649724,7,
793791,581315,5,
904450,533427,5,
879722,550246,5,
839088,528460,5,
869369,536868,5,
871873,509094,5,
900991,497149,5,
919544,541255,5,
860520,544023,5,
863042,557890,5,
889805,522039,5,
879031,489881,5,
852918,552112,5,
903840,586229,5,
932662,537069,5,
908506,549611,5,
867533,542290,5,
844617,499013,5,
862002,534006,5,
883981,607581,5,
864265,549505,5,
883062,547498,5,
860870,546516,5,
895565,501871,5,
843344,604964,21,
864059,545894,5,
830888,544022,5,
858819,544904,5,
853562,531620,5,
873791,606643,5,
859213,538040,5,
841843,503359,5,
842719,506205,5,
847904,574114,5,
863859,546898,5,
888919,535805,5,
855045,547633,5,
863102,545783,5,
829747,530312,5,
850607,565348,5,
810277,520837,5,
879104,595389,5,
840406,538772,5,
838367,536676,5,
837457,518745,5,
861519,531277,5,
816056,542574,5,
862534,547936,5,
808555,600511,5,
862571,550965,5,
832010,554080,5,
882403,534710,5,
840020,568424,5,
865030,541150,5,
846594,522941,5,
890223,556874,5,
873136,513309,5,
846622,553552,5,
905770,531812,5,
803216,577565,5,
914183,620056,5,
877510,555087,5,
861193,573954,5,
840994,578455,5,
875640,561262,5,
876782,536438,5,
849501,552769,5,
866973,550375,5,
906382,534459,5,
822722,553764,5,
861656,545794,5,
856991,546255,5,
865081,551012,5,
895680,609341,5,
867801,548156,5,
846324,557586,5,
840059,534876,5,
860473,545982,5,
937823,540173,-1,
886532,500026,5,
904133,534915,5,
880545,506175,5,
833499,504718,5,
854979,539793,5,
818739,545052,5,
825596,639465,7,
838036,542999,5,
846216,528037,5,
850790,525740,5,
864040,538985,5,
869818,543227,5,
879309,561548,5,
860563,534839,5,
846082,541026,5,
860151,543055,5,
847292,559228,5,
838239,576018,5,
837307,548214,5,
853093,586321,5,
884326,479802,5,
838978,622330,21,
842903,567914,5,
832490,450680,-1,
844948,563321,5,
859577,544625,5,
908409,591215,5,
819843,570485,5,
875625,599766,5,
887780,536497,5,
884613,507507,5,
849858,524682,5,
846741,539481,5,
870630,516603,5,
843111,581603,5,
869718,536928,5,
857648,511640,5,
881571,532467,5,
860230,528054,5,
861966,562885,5,
898736,548642,5,
961951,577029,-1,
866878,501919,5,
874791,559085,5,
874239,594786,5,
915504,527751,5,
758172,608152,-1,
859515,505303,5,
861033,507671,5,
837880,444574,-1,
827672,545966,5,
869960,562146,5,
858151,548242,5,
877440,529137,5,
821835,564313,5,
846371,578530,5,
829482,475863,-1,
860507,526669,5,
878696,530134,5,
837312,572687,5,
886773,509047,5,
879805,547494,5,
859679,541785,5,
910683,612854,5,
860863,546060,5,
874110,541972,5,
790149,565157,5,
873984,580836,5,
873742,448214,-1,
894785,440382,-1,
874312,574582,5,
879902,518647,5,
851462,526597,5,
839012,550376,5,
808097,502521,5,
879500,590791,5,
864721,548447,5,
866044,584750,5,
876151,582116,5,
819250,517655,5,
807278,566392,5,
872033,558924,5,
894268,532597,5,
846752,613846,21,
850478,566230,5,
849777,531138,5,
823584,568458,5,
823202,619103,21,
843715,568319,5,
861023,545953,5,
889743,560547,5,
862785,579661,5,
880833,537039,5,
854374,550707,5,
842616,515205,5,
860721,547751,5,
831024,505776,5,
829240,591428,5,
860384,555572,5,
853348,525893,5,
849118,571562,5,
856167,542249,5,
853874,560250,5,
838808,524944,5,
814561,575281,5,
773292,531652,-1,
891515,520429,5,
805884,549492,5,
833437,556713,5,
843432,490725,5,
791355,529644,-1,
865157,562132,5,
920249,551171,5,
808777,512952,5,
898916,630099,-1,
863706,491401,5,
857231,551055,5,
877413,541536,5,
838821,563842,5,
854037,528890,5,
824475,518063,5,
857360,562228,5,
856437,532452,5,
862117,600081,5,
839280,539324,5,
885379,603686,5,
859185,553000,5,
865020,550686,5,
882007,593653,5,
861027,546004,5,
846772,509036,5,
844627,556401,5,
861069,548327,5,
854342,541611,5,
844086,531300,5,
923996,594948,5,
832154,559403,5,
803202,549001,5,
856619,544008,5,
897286,558004,5,
851216,516166,5,
858537,548576,5,
828001,524067,5,
849327,548496,5,
858278,544519,5,
793875,473793,-1,
766617,548142,-1,
847728,576707,5,
858418,546935,5,
816840,539239,5,
852687,540692,5,
861927,562723,5,
892382,513991,5,
811745,461099,-1,
800152,576217,5,
870139,566584,5,
859492,572224,5,
830226,483466,5,
850674,533083,5,
834632,541216,5,
899052,526048,5,
925485,596955,5,
893145,551400,5,
839493,521150,5,
883434,581923,5,
873380,495161,5,
765011,607246,-1,
898578,612291,5,
906772,510158,5,
858325,586062,5,
795909,462864,-1,
812634,554848,5,
846841,533595,5,
810817,509540,5,
826192,577784,5,
856552,545271,5,
848628,503773,5,
784291,581417,5,
890613,567037,5,
870936,575427,5,
851166,532382,5,
871544,592403,5,
870337,534303,5,
819580,545900,5,
912649,498734,5,
870214,556246,5,
853279,560714,5,
857319,543529,5,
878519,606677,5,
858057,542933,5,
860375,544804,5,
888111,525539,5,
892877,544283,5,
788776,582930,5,
875311,542259,5,
875248,462524,5,
835831,555864,5,
885828,586348,5,
916704,609548,5,
893991,544467,5,
866352,535933,5,
872247,494281,5,
832372,600070,5,
902302,514170,5,
877298,565604,5,
873636,510687,5,
854818,554389,5,
915666,506439,5,
905849,524809,5,
862062,545736,5,
871981,649086,7,
900829,590250,5,
859419,546754,5,
855983,534803,5,
916082,517633,5,
874877,535143,5,
885963,528959,5,
853439,518568,5,
855177,626376,21,
814249,488483,5,
857283,548467,5,
865489,548920,5,
913686,576892,5,
880275,564545,5,
861381,546835,5,
880958,588608,5,
868979,528502,5,
872237,555834,5,
861868,549168,5,
836951,546244,5,
836874,555991,5,
769546,554722,-1,
855074,542557,5,
868128,568529,5,
878859,540155,5,
852267,498220,5,
874125,543036,5,
846646,548548,5,
851517,541076,5,
806888,492319,5,
831779,577161,5,
860259,545444,5,
892423,530999,5,
838442,506780,5,
853291,557685,5,
730887,825972,-1,
645233,927201,22,
645563,819480,22,
573324,878802,-1,
693699,822637,22,
649412,856993,22,
684558,878573,22,
656658,854609,22,
651506,856097,22,
618405,842859,22,
667280,765619,-1,
600996,890782,-1,
674463,862486,22,
676694,851597,22,
620685,880813,22,
716590,874975,22,
721401,951880,-1,
657094,857640,22,
644693,867371,22,
633601,861482,22,
673646,857346,22,
657184,855509,22,
708244,871834,22,
659081,860560,22,
657811,885904,22,
642843,909185,22,
709303,897538,22,
610505,851476,22,
612648,772280,-1,
673196,812941,22,
673267,883727,22,
694451,863981,22,
678869,902492,22,
690018,819280,22,
677983,890077,22,
639997,865965,22,
709254,847444,22,
679799,858680,22,
664355,831472,22,
659166,861665,22,
692386,863386,22,
688076,833905,22,
680506,840053,22,
641840,886745,22,
673292,857105,22,
622212,860015,22,
736557,897961,22,
668234,886696,22,
675013,876331,22,
675902,853961,22,
695092,820091,22,
730287,897070,22,
691716,873426,22,
722404,952207,-1,
678606,878004,22,
664156,846474,22,
688118,911574,22,
674492,861230,22,
675382,836312,22,
664639,925795,22,
626334,852383,22,
669690,842110,22,
653177,819935,22,
674265,861435,22,
677404,883871,22,
672212,860894,22,
715956,900724,22,
674236,877152,22,
679818,860064,22,
578509,923881,-1,
680381,823757,22,
720629,816515,-1,
640210,902029,22,
671772,860357,22,
618009,867493,22,
672628,882986,22,
680261,863401,22,
682100,853708,22,
681049,846975,22,
668567,856554,22,
656957,871011,22,
662293,872590,22,
673953,835926,22,
718544,888401,22,
648590,917839,22,
699124,824089,22,
668367,855686,22,
675866,868784,22,
700098,894685,22,
683156,877209,22,
661357,801817,22,
789095,895634,-1,
673332,857517,22,
627452,835854,22,
672059,860501,22,
665048,854911,22,
683580,872374,22,
668839,882598,22,
682510,905902,22,
671235,856653,22,
680228,843225,22,
662249,918050,22,
674961,865594,22,
679211,886670,22,
676220,858214,22,
567861,856582,-1,
668228,858122,22,
682241,850176,22,
712262,856869,22,
671325,856592,22,
680592,858526,22,
683098,847245,22,
646816,829778,22,
675633,863416,22,
677551,860007,22,
683656,842406,22,
678195,860537,22,
700747,821557,22,
679054,898217,22,
676360,866112,22,
665308,868551,22,
665775,845662,22,
660459,860658,22,
670119,859029,22,
672068,874862,22,
644301,925034,22,
704574,866263,22,
665660,828338,22,
680579,836946,22,
682053,853410,22,
672544,859978,22,
713088,880834,22,
680969,838864,22,
674151,853540,22,
664903,839150,22,
641902,755287,-1,
683610,910782,22,
676962,897430,22,
594720,848457,22,
658748,777680,-1,
700341,869730,22,
640432,837036,22,
668519,860048,22,
672668,861428,22,
638004,837697,22,
673071,856021,22,
668772,858570,22,
636871,929410,22,
599612,859210,22,
739318,810528,-1,
654937,781879,-1,
663095,949045,-1,
658734,883214,22,
647968,877873,22,
682699,851115,22,
684739,884934,22,
667620,855461,22,
616281,845406,22,
697161,840318,22,
679237,862389,22,
664260,859029,22,
674121,858589,22,
700962,927047,-1,
723397,859761,22,
648230,857418,22,
677896,867053,22,
680828,839011,22,
680757,826912,22,
673826,880137,22,
694897,834591,22,
683585,905984,22,
671609,815681,22,
669748,863109,22,
674659,860894,22,
659734,844127,22,
656156,868643,22,
653258,860766,22,
684131,898331,22,
666516,859837,22,
655237,871554,22,
653592,959882,-1,
659280,845579,22,
646422,900526,22,
627580,840406,22,
604546,847329,22,
631316,837043,22,
705518,925936,-1,
662898,884734,22,
718088,852181,22,
666315,872311,22,
710082,881600,22,
674433,860605,22,
685821,816579,22,
678856,850293,22,
669427,846395,22,
687043,806921,22,
657981,866945,22,
676480,860779,22,
704065,832648,22,
669178,866011,22,
693783,860206,22,
683027,876064,22,
670957,810768,22,
674134,908464,22,
637665,858741,22,
664325,877878,22,
664025,801796,22,
672800,874378,22,
685124,873363,22,
674496,870664,22,
684602,823981,22,
677769,841641,22,
651576,865180,22,
650720,817440,22,
674472,860330,22,
673028,860593,22,
683413,861559,22,
669638,842011,22,
674365,860819,22,
687360,862438,22,
662684,813662,22,
673242,886958,22,
674311,859933,22,
595580,798572,-1,
636769,854047,22,
685551,798742,22,
663945,828490,22,
717187,883275,22,
706906,885612,22,
675988,841317,22,
671976,864630,22,
669366,869654,22,
651216,815098,22,
676767,832479,22,
657879,857942,22,
665828,868934,22,
674905,876286,22,
640000,863831,22,
672818,881943,22,
634800,823669,22,
658590,886551,22,
639463,847461,22,
625416,868848,22,
672266,862875,22,
723173,872525,22,
688098,908495,22,
673410,863889,22,
679788,889464,22,
615826,863168,22,
598671,854219,22,
753254,840123,-1,
669430,905798,22,
726847,875488,22,
648443,845340,22,
674114,970756,-1,
675551,956849,-1,
677459,896720,22,
634004,895206,22,
653745,809028,22,
682420,846881,22,
666636,858686,22,
682481,879399,22,
656834,885944,22,
718257,857481,22,
672598,856928,22,
693997,774817,-1,
612392,916853,-1,
671444,860206,22,
671404,857240,22,
689628,868984,22,
704570,845515,22,
652233,886054,22,
705929,851313,22,
682315,843851,22,
667131,849230,22,
707894,904500,22,
649345,864613,22,
629998,877765,22,
659542,840985,22,
621278,888326,22,
682304,876841,22,
679747,860939,22,
663049,843538,22,
672876,844123,22,
689948,850548,22,
696257,894819,22,
629377,853726,22,
658034,897179,22,
696808,866039,22,
699668,863774,22,
669697,859388,22,
606506,766728,-1,
672474,868765,22,
697011,856357,22,
708262,945359,-1,
653181,886417,22,
674521,861127,22,
729194,856897,22,
663168,859429,22,
644843,838626,22,
672797,843231,22,
680677,868629,22,
614497,830844,22,
646671,857872,22,
679242,853941,22,
665697,929571,22,
749941,916922,-1,
602365,916673,-1,
684537,843821,22,
694308,904062,22,
731712,878998,22,
667713,847241,22,
730383,879136,22,
689363,817577,22,
728743,850843,22,
683941,915579,22,
722463,882675,22,
670519,870010,22,
683252,858182,22,
669288,860515,22,
675357,870850,22,
673449,860643,22,
687325,883004,22,
603472,894573,-1,
669713,851017,22,
693362,837786,22,
605535,925341,-1,
687078,791051,22,
672387,800443,22,
683048,937776,-1,
713579,879202,22,
571669,873544,-1,
695260,824882,22,
702654,841548,22,
601619,825604,22,
564416,878492,-1,
703773,870419,22,
674931,870112,22,
673140,864863,22,
681053,892766,22,
683321,873932,22,
701017,931252,-1,
645677,814395,22,
677362,853471,22,
659046,930099,22,
665426,853940,22,
691827,863963,22,
650661,861267,22,
599647,858702,22,
684091,842566,22,
