664159,550946,1,
665845,557965,1,
597173,575538,1,
618600,551446,1,
635690,608046,1,
588100,557588,1,
582015,546191,1,
604678,574577,1,
572029,518313,1,
604737,574591,1,
577728,587566,1,
602013,574722,1,
627968,574625,1,
607269,536961,1,
603145,574795,1,
671919,571761,1,
612184,570393,1,
600032,575310,1,
627912,593892,1,
601967,604428,1,
591851,569051,1,
601444,572693,1,
629718,558104,1,
661430,603567,1,
597551,556737,1,
601182,582584,1,
562704,570596,1,
605107,563429,1,
607214,575069,1,
568824,570203,1,
612485,518009,1,
589244,573777,1,
625579,551084,1,
560237,500154,-1,
626224,569687,1,
610666,551701,1,
597428,569940,1,
600582,599535,1,
604168,555003,1,
613871,550423,1,
617310,551945,1,
625728,579460,1,
606300,566708,1,
638559,558807,1,
582176,630383,1,
544056,577786,1,
631297,578351,1,
561574,621747,1,
604973,574773,1,
605284,556134,1,
617910,592293,1,
555904,640401,-1,
526559,509417,-1,
603849,572396,1,
598634,619900,1,
603359,589262,1,
657455,567754,1,
614279,599251,1,
578496,631434,1,
645171,595209,1,
688015,533535,-1,
656477,573007,1,
540029,563888,1,
597418,538362,1,
613545,574733,1,
628696,542447,1,
604157,574191,1,
603126,497987,1,
605850,533310,1,
596179,529556,1,
610330,552628,1,
598184,531473,1,
620438,511694,1,
600202,622079,1,
603021,577991,1,
515612,540643,1,
606548,574376,1,
593490,623110,1,
607084,595500,1,
583728,563146,1,
616044,533807,1,
624452,584622,1,
604438,574666,1,
625709,660145,-1,
601376,579831,1,
565148,557305,1,
639418,537903,1,
612799,537497,1,
583653,652182,1,
599808,596484,1,
605250,573272,1,
606738,601356,1,
611044,571814,1,
575440,568511,1,
616329,529516,1,
605927,572533,1,
609286,586782,1,
647354,579190,1,
606929,571420,1,
562920,559223,1,
680357,620811,-1,
707100,601463,2,
604294,574368,1,
614917,600946,1,
611508,503220,1,
603789,574474,1,
551740,588768,1,
546031,570429,1,
569197,559307,1,
688712,568754,1,
604067,574091,1,
606809,572101,1,
588597,622592,1,
613840,534167,1,
576263,547239,1,
597077,568196,1,
601339,571609,1,
606011,569426,1,
593398,559764,1,
593166,622725,1,
609796,532982,1,
712648,607541,2,
585048,505097,-1,
525967,565687,1,
660327,585901,1,
607604,573951,1,
604001,573587,1,
591484,571087,1,
613868,585089,1,
645464,660478,-1,
538571,654649,-1,
555429,604551,1,
597620,586226,1,
586097,567445,1,
545235,539822,-1,
649088,575733,1,
599123,616977,1,
563763,559454,1,
617717,613939,1,
618869,577243,1,
567188,560044,1,
636628,533309,1,
560362,567914,1,
595014,632844,1,
605876,550640,1,
604352,573425,1,
600679,599545,1,
596891,579476,1,
614943,540976,1,
604415,571400,1,
603698,573585,1,
658199,568743,1,
598759,582942,1,
671269,590258,1,
593317,534085,1,
657985,453405,3,
608557,590278,1,
623004,508050,1,
601900,569391,1,
641031,593074,1,
589658,640498,1,
567565,573952,1,
559078,570088,1,
639431,588155,1,
566609,537592,1,
568570,579335,1,
660650,615038,1,
667639,571164,1,
596796,529933,1,
606111,617846,1,
616060,590779,1,
602873,527864,1,
571334,594145,1,
602167,543919,1,
605100,573307,1,
546640,560043,1,
585195,555011,1,
651740,589474,1,
589112,536573,1,
582057,543124,1,
690968,555952,1,
609030,552436,1,
632125,541413,1,
603445,630598,1,
628264,616214,1,
577242,574073,1,
604090,574392,1,
607911,576556,1,
600665,638890,1,
600117,539079,1,
631182,565466,1,
695646,652231,-1,
619445,567491,1,
613191,571942,1,
567428,580005,1,
590583,623314,1,
606289,670243,-1,
585175,574133,1,
634967,579020,1,
614615,574437,1,
593061,579188,1,
606933,576409,1,
606587,573873,1,
594084,629464,1,
683697,581516,1,
601530,577183,1,
603055,589818,1,
616561,619007,1,
607463,477085,-1,
611581,572630,1,
579712,568354,1,
602887,595245,1,
600039,557139,1,
605913,579526,1,
579773,568698,1,
606324,544357,1,
605958,573728,1,
606144,575076,1,
667472,570571,1,
580048,565009,1,
597802,576113,1,
610263,574422,1,
603855,575180,1,
624369,532153,1,
599870,591110,1,
577167,617095,1,
658403,611332,1,
563460,480559,-1,
610980,522819,1,
569422,567790,1,
627727,578737,1,
592804,584539,1,
540783,626497,-1,
591823,639096,1,
637323,549567,1,
638078,629421,1,
611315,560757,1,
647103,573853,1,
522993,595581,1,
601187,531825,1,
533799,564377,1,
649034,528813,1,
620975,564344,1,
622407,583192,1,
597026,642918,1,
551291,576721,1,
608768,610525,1,
697959,614701,2,
658281,582264,1,
546632,599204,1,
672565,564468,1,
636500,587401,1,
696144,548705,-1,
533551,582247,1,
526802,551524,1,
553038,606418,1,
696601,603624,2,
588964,597435,1,
716139,621721,2,
608529,586311,1,
557378,567033,1,
589994,610890,1,
589344,563119,1,
624415,515911,1,
565483,551512,1,
584895,574666,1,
582777,542670,1,
639394,576728,1,
608298,573748,1,
663578,586265,1,
628080,562986,1,
597421,554767,1,
595193,576508,1,
658103,572250,1,
659529,498474,-1,
606415,581386,1,
641976,577433,1,
587466,564953,1,
589180,595099,1,
601885,573083,1,
580561,528916,1,
621726,578003,1,
558817,576255,1,
620213,574468,1,
594010,570095,1,
541976,512639,-1,
593840,578685,1,
602667,575857,1,
631446,561156,1,
596481,567449,1,
611318,581584,1,
568546,564911,1,
593865,572987,1,
597017,575588,1,
578804,573582,1,
673750,594081,1,
592714,553958,1,
594029,586701,1,
668502,563937,1,
629533,537542,1,
801539,318482,4,
801667,318542,4,
814045,332998,4,
800479,321640,4,
757470,224976,4,
844536,424646,-1,
797105,316002,4,
779956,271501,4,
797205,313318,4,
801323,316240,4,
783666,262902,4,
806131,312752,4,
830658,368694,4,
802482,335269,4,
801910,325434,4,
808062,337340,4,
789833,304422,4,
803603,327255,4,
800865,312968,4,
802237,318526,4,
803959,315173,4,
800123,312312,4,
780927,285057,4,
797242,324588,4,
801551,320544,4,
809182,319115,4,
801931,317202,4,
870801,476330,5,
820327,352701,4,
801093,317509,4,
798523,324500,4,
805237,318655,4,
803375,311620,4,
801441,323812,4,
797313,317527,4,
788220,301915,4,
790395,300024,4,
817135,349925,4,
797787,301470,4,
804630,332333,4,
808710,330379,4,
802111,320817,4,
796375,309563,4,
819768,346596,4,
814605,354382,4,
800565,319364,4,
802089,313456,4,
814401,341234,4,
796609,319691,4,
776131,248465,4,
803464,329093,4,
802646,317894,4,
809550,327365,4,
795322,311178,4,
830450,393096,4,
778414,260729,4,
800041,318331,4,
802814,320130,4,
802738,312234,4,
823913,369439,4,
803386,318982,4,
812869,346251,4,
798904,324420,4,
800447,331643,4,
807446,342555,4,
804251,329956,4,
797594,302109,4,
803448,314797,4,
765502,240340,4,
795527,315510,4,
794640,313497,4,
808717,335740,4,
790932,305223,4,
816852,352965,4,
826228,376658,4,
795299,312036,4,
808686,332209,4,
809594,344872,4,
799275,324108,4,
878184,487392,5,
798472,322218,4,
824822,367091,4,
746769,205186,-1,
756701,207223,-1,
795489,287279,4,
800483,320713,4,
783491,288029,4,
797162,306135,4,
800272,316170,4,
806827,324616,4,
802853,314938,4,
800804,316615,4,
813173,354777,4,
801588,319814,4,
797400,315778,4,
823840,368410,4,
811391,343836,4,
801055,321833,4,
804038,306622,4,
803780,334441,4,
834173,386159,4,
802784,313853,4,
807293,347456,4,
817119,336333,4,
786635,269352,4,
824624,381716,4,
797415,319840,4,
800772,325023,4,
806626,318966,4,
800845,311838,4,
769386,259892,4,
797272,324228,4,
807409,325526,4,
795836,291870,4,
798321,319665,4,
805372,313397,4,
790738,308028,4,
800667,315995,4,
795205,316433,4,
809054,345541,4,
808452,320117,4,
779897,279572,4,
782642,275308,4,
797569,321799,4,
801751,318110,4,
787644,297715,4,
807401,314610,4,
800677,310656,4,
800394,301473,4,
795571,310093,4,
814158,335578,4,
811913,325091,4,
806982,316680,4,
775604,274485,4,
800133,327081,4,
806511,313841,4,
803796,314893,4,
802012,318315,4,
826789,377676,4,
814108,344096,4,
804354,309671,4,
807017,330432,4,
803774,334756,4,
817410,346944,4,
841928,398948,4,
816145,349032,4,
818622,370753,4,
786245,292352,4,
784164,285702,4,
805390,319676,4,
790774,303642,4,
803277,319525,4,
833182,379714,4,
773023,251826,4,
801609,320399,4,
778965,282290,4,
814317,333112,4,
805080,323708,4,
801080,318049,4,
799724,318884,4,
798059,316113,4,
806176,320301,4,
769876,257669,4,
825716,373098,4,
791983,298565,4,
801386,313545,4,
804871,317801,4,
810903,332925,4,
838276,395673,4,
810543,341180,4,
777978,252419,4,
820258,351165,4,
801997,319385,4,
779437,281959,4,
810253,323873,4,
794826,309589,4,
814280,344223,4,
832651,373469,4,
794142,306704,4,
802041,319504,4,
804190,320706,4,
798983,325682,4,
840462,402858,4,
799912,323363,4,
804119,328544,4,
804358,320802,4,
803057,331037,4,
803031,325811,4,
784151,283760,4,
800444,311497,4,
802004,317772,4,
803470,319069,4,
811277,335577,4,
803332,315488,4,
800037,317963,4,
813436,360446,4,
800694,316789,4,
838129,404012,4,
764997,249477,4,
800316,311699,4,
806848,320541,4,
805462,317833,4,
798308,312788,4,
802655,316263,4,
801456,320080,4,
801309,318213,4,
840886,397888,4,
829529,375007,4,
830805,370801,4,
804979,334141,4,
804013,316083,4,
808489,317021,4,
770113,241615,4,
804332,319006,4,
833661,389733,4,
797834,297329,4,
794956,309980,4,
801232,307078,4,
809552,342258,4,
794615,305632,4,
809259,345634,4,
811502,355939,4,
801301,316893,4,
803370,318247,4,
804702,315881,4,
797009,293194,4,
813791,334609,4,
812965,330224,4,
826048,374236,4,
800959,322309,4,
803405,317316,4,
802254,320673,4,
783116,265635,4,
798633,317300,4,
801482,327644,4,
798612,326404,4,
799001,302014,4,
802537,312497,4,
799794,315080,4,
793892,313943,4,
804691,332987,4,
793855,298525,4,
796952,318633,4,
800655,320227,4,
801780,318992,4,
805977,320805,4,
796916,323332,4,
820904,351763,4,
808405,318841,4,
765283,249459,4,
824212,363776,4,
798981,311092,4,
797178,310439,4,
800582,316980,4,
803839,310353,4,
796283,315582,4,
801145,317601,4,
801662,318423,4,
801782,318281,4,
803377,319212,4,
803932,318781,4,
806192,337849,4,
789583,287700,4,
801586,318947,4,
804251,331304,4,
799667,316830,4,
759789,229116,4,
799021,326404,4,
793684,312065,4,
806320,315242,4,
786234,267976,4,
821151,366545,4,
801903,312794,4,
782506,279930,4,
803627,319323,4,
794991,291216,4,
794667,315069,4,
799291,317500,4,
798243,324160,4,
804408,337683,4,
818119,348676,4,
810502,336169,4,
793560,285392,4,
801326,315779,4,
808644,326320,4,
813645,328765,4,
800966,317165,4,
797111,302781,4,
802431,322048,4,
811061,333595,4,
786719,283364,4,
773955,239849,4,
803701,321815,4,
783110,289805,4,
800235,316652,4,
807421,317527,4,
797947,319734,4,
805035,317469,4,
801166,322298,4,
846693,429031,-1,
801493,322249,4,
806087,326636,4,
810657,329468,4,
801313,300606,4,
800390,309948,4,
801634,318965,4,
799197,314215,4,
795254,296488,4,
807696,320548,4,
800461,326821,4,
801174,320442,4,
809781,326904,4,
826585,366934,4,
804429,312164,4,
788005,292268,4,
801183,316191,4,
378274,816341,6,
406233,813072,6,
401478,785370,6,
448651,847994,6,
434440,822866,6,
369199,734895,6,
413241,771595,6,
369418,733394,6,
378563,789670,6,
424190,780052,6,
415993,776671,6,
421352,799127,6,
432656,783776,6,
383032,788008,6,
414377,771258,6,
425260,773661,6,
469139,810971,6,
442979,803024,6,
347079,803582,6,
412797,803180,6,
352874,807952,6,
442286,755194,6,
416433,786159,6,
419700,793447,6,
422961,821595,6,
400008,789447,6,
429586,775621,6,
457561,788245,6,
415417,785827,6,
389552,750700,6,
415598,786499,6,
443447,783977,6,
404792,749210,6,
389392,730768,6,
473485,847098,6,
491614,778997,6,
437483,785130,6,
452570,848127,6,
417197,778243,6,
405986,787439,6,
437568,794323,6,
420319,794333,6,
418963,746595,6,
469422,822619,6,
397688,762902,6,
418149,790096,6,
407289,798870,6,
360319,778673,6,
473799,795167,6,
445199,763833,6,
446537,828924,6,
410019,732704,6,
396540,815936,6,
407694,718592,6,
417091,792545,6,
442260,754050,6,
411526,784658,6,
407814,765816,6,
394022,803914,6,
481133,781413,6,
396118,794614,6,
458538,786673,6,
419721,789724,6,
424476,781552,6,
377720,727349,6,
448336,789445,6,
412227,787450,6,
408745,824896,6,
417016,774869,6,
395274,786698,6,
412541,806622,6,
412109,735920,6,
407023,787385,6,
376660,815936,6,
396548,784388,6,
508535,830710,-1,
414014,816460,6,
440782,782395,6,
436951,814456,6,
393758,750953,6,
418410,795929,6,
425991,787029,6,
414562,787355,6,
408712,803987,6,
377858,811790,6,
417169,792321,6,
460371,780609,6,
388873,746909,6,
395641,808571,6,
386436,791388,6,
440667,768761,6,
438437,730300,6,
370839,727884,6,
422917,781112,6,
391555,789079,6,
402666,814060,6,
474368,812039,6,
406176,760860,6,
463768,793154,6,
446307,796523,6,
402309,786873,6,
413946,786971,6,
425053,790566,6,
416926,785113,6,
424023,737453,6,
417447,782955,6,
415672,787824,6,
416019,787562,6,
417515,787648,6,
459230,803720,6,
447833,819282,6,
418199,851439,6,
417393,771537,6,
441415,780207,6,
399634,751940,6,
373360,784232,6,
419227,779215,6,
434717,808225,6,
397669,792218,6,
412028,773494,6,
407504,803363,6,
365147,790525,6,
459328,805961,6,
429472,860855,6,
480128,785580,6,
344915,702496,-1,
410969,770451,6,
407460,791404,6,
420476,750495,6,
397747,792207,6,
408428,771823,6,
397806,749559,6,
426040,825049,6,
407565,766203,6,
414317,828815,6,
410610,765111,6,
412388,784064,6,
406337,750353,6,
422419,754048,6,
416039,730594,6,
414512,793966,6,
398478,822297,6,
424375,721868,6,
403890,792420,6,
400902,772920,6,
402367,782997,6,
472917,830363,6,
418621,840463,6,
329002,727685,-1,
418618,811618,6,
425356,745471,6,
470922,770669,6,
400598,790903,6,
412851,774986,6,
492415,829655,-1,
400079,749617,6,
417673,785965,6,
424720,768456,6,
386415,801444,6,
426689,788562,6,
430747,776261,6,
405714,781619,6,
429220,787348,6,
427850,762201,6,
434080,785264,6,
473514,788780,6,
412386,777312,6,
430686,844506,6,
409142,811927,6,
422198,724557,6,
392185,713763,6,
412677,786951,6,
399149,784376,6,
382693,749680,6,
527515,831478,-1,
448519,805219,6,
430779,770145,6,
413556,758080,6,
392140,769924,6,
416855,794023,6,
389713,772742,6,
398498,776720,6,
473727,807244,6,
389410,788256,6,
377230,790154,6,
415564,784464,6,
456799,844976,6,
444336,820061,6,
404359,783919,6,
453154,776082,6,
425019,759577,6,
415895,775793,6,
420083,787815,6,
506612,858859,-1,
436648,859634,6,
403522,785432,6,
401407,759648,6,
403852,792473,6,
367398,701756,-1,
412453,784453,6,
382124,786262,6,
416884,786845,6,
448865,836781,6,
383821,808301,6,
414249,796590,6,
457338,789952,6,
396276,785999,6,
390282,789593,6,
409417,758123,6,
397561,815245,6,
397137,742547,6,
402891,801910,6,
385257,791581,6,
409628,833942,6,
369249,797068,6,
460942,779073,6,
423146,737571,6,
420509,788730,6,
422736,790806,6,
401492,790336,6,
394018,799506,6,
385140,796221,6,
430243,781020,6,
416775,806826,6,
425796,795608,6,
411488,837715,6,
433989,765343,6,
415806,783594,6,
417023,771194,6,
415270,775605,6,
391163,811977,6,
405350,762342,6,
414860,773921,6,
371779,814715,6,
415631,805010,6,
387951,813315,6,
472691,802678,6,
471930,844046,6,
432892,815223,6,
366654,802105,6,
411721,717873,6,
426115,814461,6,
375997,806621,6,
385561,718324,6,
375573,809249,6,
437958,784801,6,
363857,784086,6,
430138,818594,6,
435085,791564,6,
414036,742189,6,
425611,793420,6,
439793,740773,6,
467107,817914,6,
387631,749416,6,
430001,765803,6,
384225,784381,6,
417146,822655,6,
427371,819417,6,
399587,792459,6,
474648,778810,6,
345692,788190,6,
409515,756149,6,
469782,780552,6,
468229,827985,6,
414951,852935,6,
409701,750741,6,
442826,795974,6,
459556,818479,6,
423311,813081,6,
476144,772131,6,
391976,789416,6,
448649,813885,6,
496658,816784,6,
410336,767856,6,
430167,811490,6,
357467,797530,6,
404220,785798,6,
446368,763341,6,
439514,758221,6,
424145,743433,6,
470062,771204,6,
421187,779726,6,
396617,801039,6,
394708,739061,6,
394912,755947,6,
425950,788228,6,
408283,806161,6,
419520,778231,6,
441950,785934,6,
409814,836083,6,
395817,788858,6,
422776,808328,6,
363959,810632,6,
422943,804253,6,
407626,771304,6,
347933,797148,6,
457554,795861,6,
394274,837428,6,
445674,768552,6,
416359,786189,6,
419485,804779,6,
376176,795539,6,
349378,805118,6,
456566,743012,6,
484407,809641,6,
403329,717870,6,
392795,817694,6,
372621,772258,6,
461751,817277,6,
489182,773934,6,
427388,815258,6,
418155,819422,6,
437035,755506,6,
416444,783624,6,
777811,751059,7,
823974,725025,7,
749723,781756,8,
875160,698897,7,
828194,742074,7,
800913,749332,7,
831165,783383,7,
793019,764859,7,
810467,706465,7,
803540,754792,7,
844662,654835,7,
803962,731228,7,
823065,733789,7,
822156,732296,7,
811389,723618,7,
779936,774397,7,
854769,713941,7,
803457,735855,7,
790712,745884,7,
815652,733433,7,
841289,701474,7,
832054,751330,7,
786032,701427,7,
824835,704997,7,
832886,781206,7,
818063,797960,7,
857620,709386,7,
828589,652430,7,
836727,737798,7,
776000,780347,7,
824098,714042,7,
830583,710990,7,
862189,735684,7,
815131,704478,7,
828478,655405,7,
784838,771499,7,
880362,706363,7,
767482,727417,7,
825070,734215,7,
813781,738344,7,
840863,737972,7,
840943,739611,7,
828276,762021,7,
822883,728314,7,
854886,769396,7,
829623,732301,7,
835428,731189,7,
818338,800932,7,
823417,701523,7,
812152,689907,7,
829969,699565,7,
861563,661642,7,
816955,747629,7,
774526,757135,7,
803577,712231,7,
798056,714380,7,
881789,727577,7,
858867,700187,7,
834996,728517,7,
839121,736259,7,
841045,738224,7,
840100,728839,7,
874544,686096,7,
862334,747768,7,
820253,714625,7,
817862,732248,7,
844729,682981,7,
846484,719360,7,
793669,724513,7,
821906,732848,7,
826465,646980,7,
820350,748217,7,
814540,707227,7,
838223,766380,7,
869471,745767,7,
816054,733183,7,
801177,737548,7,
848783,748980,7,
814105,723255,7,
838036,749612,7,
840270,725456,7,
789601,714058,7,
827169,708345,7,
789448,738035,7,
835030,668528,7,
848151,741869,7,
816091,747764,7,
801511,761094,7,
822670,689090,7,
873672,734440,7,
808153,737136,7,
755829,751858,7,
814697,729209,7,
832758,707452,7,
848264,762550,7,
799903,784535,7,
802674,727804,7,
828147,808738,7,
820707,705318,7,
824594,741664,7,
804474,747122,7,
823108,733302,7,
839514,728923,7,
827711,732798,7,
851644,721350,7,
816390,711340,7,
798007,723995,7,
790612,738038,7,
821909,728448,7,
865754,723314,7,
735295,814058,-1,
877711,703850,7,
792990,685472,7,
809917,762429,7,
789388,712210,7,
879221,655497,-1,
876935,684572,7,
819439,735945,7,
807929,730950,7,
850451,764015,7,
811748,766105,7,
824765,761114,7,
848586,789052,7,
812231,739235,7,
873532,712802,7,
842590,716861,7,
832798,734777,7,
817640,730018,7,
824322,744720,7,
777697,798253,7,
868493,677155,7,
805658,698630,7,
840349,790707,7,
796953,726378,7,
832589,782799,7,
817441,709397,7,
856029,730586,7,
805089,762512,7,
854628,773470,7,
846090,651306,7,
796943,674692,7,
827192,785316,7,
818209,719382,7,
795200,786424,7,
817777,724927,7,
846512,683647,7,
825080,746712,7,
824674,806300,7,
822616,735941,7,
805391,732659,7,
823250,732088,7,
850376,739749,7,
821337,733356,7,
796786,724615,7,
862425,741010,7,
825690,703854,7,
800872,672603,7,
825395,715780,7,
843911,730036,7,
820238,732928,7,
848570,703697,7,
825515,738284,7,
820367,732364,7,
822025,749214,7,
837718,761480,7,
871723,685520,7,
850904,720163,7,
816775,739989,7,
822103,732911,7,
815455,755486,7,
835648,756631,7,
868626,737331,7,
825997,730652,7,
817252,730254,7,
877906,722361,7,
808440,729985,7,
791470,751113,7,
841654,764836,7,
825429,732758,7,
751215,828365,-1,
804706,788001,7,
820194,734233,7,
869991,705259,7,
809779,663654,7,
822078,711840,7,
866139,717138,7,
829379,718721,7,
837582,763266,7,
783999,732487,7,
800231,732106,7,
862569,719773,7,
838764,652792,7,
849343,713993,7,
828297,715480,7,
821259,750089,7,
874643,729921,7,
819058,729125,7,
817018,729596,7,
797804,715342,7,
838515,768484,7,
829398,724900,7,
754841,796342,8,
878690,739021,7,
821908,732077,7,
786495,759000,7,
823987,687499,7,
787988,741203,7,
839339,726322,7,
822425,727248,7,
854412,725575,7,
788351,737539,7,
838587,700545,7,
840425,762290,7,
817395,734126,7,
807913,737341,7,
872285,750708,7,
788166,702817,7,
836225,709204,7,
822293,786837,7,
888892,702505,7,
822623,745025,7,
795124,696429,7,
832238,725434,7,
815593,689874,7,
843572,784897,7,
833716,758772,7,
822474,780882,7,
801102,759330,7,
841752,731595,7,
808779,732990,7,
822533,758955,7,
817807,715863,7,
837977,728814,7,
801204,755177,7,
819628,810748,7,
814732,734183,7,
832086,716249,7,
876503,659112,7,
823856,749355,7,
819737,737829,7,
818756,743887,7,
811971,664520,7,
801526,705057,7,
827031,734324,7,
843891,721571,7,
810460,735109,7,
782368,759352,7,
801172,715857,7,
866928,716961,7,
829673,730398,7,
850888,736810,7,
786935,732999,7,
769656,721159,7,
804925,735492,7,
870054,738900,7,
818932,728481,7,
853692,746285,7,
807072,687932,7,
750459,800215,8,
823959,737866,7,
835804,710711,7,
790206,747165,7,
813092,739043,7,
801810,728106,7,
825404,733788,7,
820947,730529,7,
827081,694553,7,
822664,720677,7,
768565,762193,7,
823113,733720,7,
821079,800206,7,
828531,731300,7,
820757,738235,7,
781260,737962,7,
819438,662327,7,
833504,744564,7,
789552,731946,7,
822843,763117,7,
775555,719683,7,
865084,713697,7,
820455,729132,7,
849547,738979,7,
762269,792243,8,
821464,700760,7,
824013,753991,7,
803369,698753,7,
823589,728083,7,
796353,710294,7,
820083,728310,7,
829133,735488,7,
823455,747394,7,
818542,740451,7,
809623,734937,7,
841762,777572,7,
802184,751958,7,
803874,675499,7,
830065,739162,7,
824140,729074,7,
852730,769968,7,
866760,753547,7,
811031,703822,7,
825414,734466,7,
816615,770855,7,
786227,765634,7,
817269,733788,7,
809453,736879,7,
757421,774445,7,
818251,731938,7,
788020,765562,7,
823618,734216,7,
812295,728049,7,
837545,696979,7,
797918,694723,7,
822224,742716,7,
821895,732158,7,
797233,713358,7,
800258,733812,7,
813319,737376,7,
860951,162251,9,
860387,157731,9,
857363,154639,9,
863391,126214,9,
839094,159543,9,
849248,164090,9,
875990,133950,9,
905936,150106,9,
895835,123485,9,
818079,108536,9,
898976,198452,9,
869087,153957,9,
849653,143827,9,
834293,161575,9,
844234,153197,9,
835128,212354,9,
828179,155649,9,
875410,128878,9,
850965,156224,9,
800816,176612,9,
832621,150748,9,
876863,176593,9,
826192,172906,9,
862679,188399,9,
839974,154358,9,
854338,135067,9,
855233,141357,9,
850538,160159,9,
868442,160118,9,
888714,205560,9,
864185,161232,9,
851280,156049,9,
875825,204959,9,
840375,155757,9,
892340,149050,9,
873527,126426,9,
836433,200181,9,
826499,142732,9,
854922,159650,9,
883537,210648,9,
807420,168787,9,
840299,118907,9,
834602,213597,9,
864053,139325,9,
856454,117143,9,
857972,160214,9,
850046,108829,9,
804936,148980,9,
864374,150149,9,
858587,150101,9,
870247,121460,9,
855656,162100,9,
850176,127908,9,
850057,157848,9,
828005,145089,9,
861994,160156,9,
849537,157510,9,
867125,168762,9,
838142,156770,9,
847644,164348,9,
856349,158150,9,
860606,152843,9,
869288,168662,9,
838328,185708,9,
860986,140320,9,
829229,143653,9,
866051,172932,9,
871556,194747,9,
865489,161762,9,
851840,110475,9,
846256,154064,9,
836081,178429,9,
859707,202806,9,
849938,156042,9,
894124,202052,9,
864325,170593,9,
848108,161786,9,
817619,181929,9,
858058,196183,9,
861242,161722,9,
885793,172115,9,
850577,157049,9,
877125,161227,9,
883864,111281,9,
891699,170415,9,
802394,87835,9,
862759,157988,9,
824185,167369,9,
813124,157130,9,
840335,164912,9,
858042,178196,9,
846257,145306,9,
858516,151301,9,
851282,153750,9,
905005,164126,9,
857309,139276,9,
845589,192916,9,
895245,150977,9,
863995,150435,9,
862642,159379,9,
861631,169376,9,
858934,162874,9,
912023,160368,9,
842824,177832,9,
824560,133679,9,
842281,175525,9,
860845,155375,9,
841096,188742,9,
821428,153468,9,
840357,169437,9,
827802,189078,9,
844734,164570,9,
847812,114745,9,
887269,166179,9,
830159,134329,9,
850925,157811,9,
847276,121785,9,
870599,149782,9,
780153,136449,9,
814379,132655,9,
834483,173379,9,
852423,159874,9,
854012,157449,9,
883375,158482,9,
850219,110573,9,
836450,151205,9,
881217,172320,9,
813239,139752,9,
871255,140340,9,
789356,159383,9,
873690,156226,9,
858834,149259,9,
778867,140736,9,
872057,122354,9,
882097,161493,9,
787336,144875,9,
849751,167033,9,
843833,170416,9,
850663,157840,9,
812240,177846,9,
838609,140215,9,
850959,157920,9,
859703,156782,9,
854753,190254,9,
895723,126593,9,
857833,170565,9,
850200,164752,9,
845303,150476,9,
877422,134877,9,
850153,155701,9,
819256,201704,9,
871689,155981,9,
818014,140185,9,
815298,167390,9,
864088,171351,9,
902529,162041,9,
908069,146564,9,
799326,106384,9,
854996,81095,-1,
843813,182032,9,
888504,147016,9,
877964,242679,-1,
851866,156896,9,
821361,175823,9,
810775,160434,9,
843150,156573,9,
844088,150085,9,
830620,117906,9,
835790,127898,9,
819541,117296,9,
858703,157931,9,
857846,153281,9,
876408,183646,9,
842576,153072,9,
848974,199427,9,
862925,243856,-1,
856561,128799,9,
834171,189042,9,
872516,217570,9,
869167,105039,9,
819670,183364,9,
846575,159002,9,
895127,152283,9,
830445,186055,9,
792179,148539,9,
852410,187705,9,
853554,158012,9,
927170,250593,-1,
825605,167750,9,
846731,162515,9,
878170,123364,9,
884966,133900,9,
866987,154415,9,
846284,113820,9,
873474,159567,9,
878258,158631,9,
882306,173836,9,
856924,169071,9,
794260,129843,9,
851568,114049,9,
868736,179354,9,
925732,210388,-1,
868375,161990,9,
855593,161003,9,
849599,157084,9,
868317,177001,9,
800304,163436,9,
823740,169808,9,
856202,158811,9,
883929,121705,9,
851010,157593,9,
872506,157517,9,
850533,160136,9,
816393,185056,9,
850911,157772,9,
812942,85345,9,
835581,147664,9,
913298,162009,9,
858172,137586,9,
872781,154295,9,
871597,185239,9,
923120,170161,9,
837019,215527,9,
835702,176502,9,
837017,154170,9,
859177,143273,9,
866851,129505,9,
855852,134834,9,
924289,171369,9,
860154,113364,9,
836739,162321,9,
850775,162968,9,
884750,154317,9,
849681,125345,9,
854463,159977,9,
883567,161769,9,
848137,87922,-1,
823676,152154,9,
848135,130674,9,
844400,150812,9,
864494,136669,9,
878157,210496,9,
851088,157432,9,
786528,104976,-1,
860106,157080,9,
861412,205239,9,
820675,168154,9,
834036,144156,9,
842907,133992,9,
846720,162060,9,
871544,144135,9,
849003,115373,9,
856753,145184,9,
839757,190518,9,
865113,161302,9,
846936,161313,9,
845802,172285,9,
844357,163402,9,
881106,105566,9,
877835,151890,9,
839445,149778,9,
866560,165110,9,
845798,213118,9,
818668,120458,9,
831446,182864,9,
900955,185733,9,
836647,167267,9,
874672,104851,9,
849126,121710,9,
889142,154467,9,
855993,225023,9,
854095,158510,9,
850787,125678,9,
859298,139834,9,
829216,121494,9,
837676,148639,9,
851919,127963,9,
841353,125628,9,
848563,117708,9,
893106,176595,9,
852503,146551,9,
848290,143184,9,
825541,151495,9,
883231,232031,9,
864667,143614,9,
805089,96540,9,
854909,149938,9,
847097,176660,9,
910435,171155,9,
878749,188759,9,
871780,158486,9,
841292,155620,9,
846011,160034,9,
855969,193497,9,
860927,110775,9,
808069,134402,9,
848413,183717,9,
791722,162000,9,
852104,134678,9,
806567,140259,9,
847423,161535,9,
867993,162841,9,
828038,149181,9,
849404,170474,9,
841967,150890,9,
850945,161669,9,
888697,143969,9,
813868,188928,9,
864991,159874,9,
881109,152198,9,
811694,188374,9,
900360,153622,9,
885764,151791,9,
814553,164190,9,
895623,178393,9,
829790,205695,9,
865170,173755,9,
850453,155432,9,
864211,216526,9,
848770,111076,9,
791199,164843,9,
834165,140684,9,
843905,219401,9,
857328,143692,9,
838146,159541,9,
340693,569371,10,
315965,587160,10,
405652,622938,10,
359831,554975,10,
349296,557688,10,
289423,559134,10,
408689,562521,10,
321312,574721,10,
286568,547471,10,
370259,585265,10,
339967,562602,10,
410917,614521,10,
283570,563726,10,
347197,591316,10,
342064,570045,10,
317331,556086,10,
335792,541310,10,
330455,568758,10,
366794,582584,10,
378697,591764,10,
339981,565418,10,
338342,566864,10,
338474,563350,10,
432052,613723,-1,
340064,550509,10,
334354,578047,10,
296775,572432,10,
353335,592567,10,
334016,562797,10,
328438,532686,10,
365927,571713,10,
343247,564376,10,
325057,581121,10,
330881,579058,10,
378648,579579,10,
339115,566863,10,
333299,597586,10,
367048,553451,10,
345840,561591,10,
366934,581294,10,
358793,547046,10,
393570,579641,10,
304399,545221,10,
353979,578923,10,
337002,589527,10,
327738,559624,10,
334549,579199,10,
297110,556485,10,
327403,548875,10,
413894,564459,10,
326043,553772,10,
337811,558454,10,
333901,532836,10,
340545,568654,10,
358483,554925,10,
318065,581616,10,
367751,578289,10,
331667,570387,10,
321519,561045,10,
299578,572052,10,
339632,536577,10,
339993,544064,10,
268672,508874,10,
332960,569308,10,
345042,566973,10,
352220,602793,10,
333934,537464,10,
312386,555195,10,
334182,558498,10,
335328,562880,10,
303637,570253,10,
353145,580916,10,
325118,556212,10,
294310,563522,10,
371563,547746,10,
373894,555347,10,
407040,577739,10,
337298,565486,10,
357813,572855,10,
304157,566007,10,
335918,566525,10,
330127,570072,10,
339212,538693,10,
357275,551101,10,
334785,565575,10,
326152,563230,10,
345903,561314,10,
238748,551038,11,
331175,551842,10,
352520,566829,10,
341675,560197,10,
354746,552404,10,
412500,594675,10,
277027,536847,10,
322209,547247,10,
375619,553791,10,
288068,561932,10,
344770,570309,10,
284031,566654,10,
324442,567881,10,
356246,549756,10,
404420,577532,10,
336829,562228,10,
293591,522132,10,
342963,582232,10,
338860,561151,10,
324055,590810,10,
328331,541094,10,
357737,597104,10,
392534,593343,10,
298665,568245,10,
343376,575709,10,
338863,563107,10,
361370,552483,10,
338935,567577,10,
350117,535859,10,
371000,555062,10,
368617,554066,10,
331795,529654,10,
344237,573700,10,
280110,522025,10,
328657,564864,10,
452457,597461,-1,
333669,542228,10,
320628,564596,10,
316642,553340,10,
340712,563178,10,
349955,535578,10,
261538,525920,10,
411008,607342,10,
317136,563479,10,
297022,574097,10,
319927,524637,10,
359772,568428,10,
344791,578536,10,
324093,580491,10,
373907,558472,10,
321905,573147,10,
341721,576427,10,
386373,606623,10,
338588,543875,10,
341578,558672,10,
371616,570648,10,
331987,568997,10,
341329,565571,10,
334350,556417,10,
330482,571217,10,
338950,572545,10,
289087,565427,10,
343997,585193,10,
225786,529417,11,
365567,547606,10,
320827,519618,10,
286990,529505,10,
321517,569562,10,
388806,569524,10,
411796,581307,10,
331440,551885,10,
325958,573367,10,
348171,569251,10,
344239,530765,10,
419151,577335,10,
321309,569996,10,
386377,574187,10,
342099,561508,10,
366688,562413,10,
321657,538660,10,
403004,613466,10,
363304,553764,10,
384922,582877,10,
304556,568584,10,
336787,538925,10,
327998,571265,10,
303269,531608,10,
313649,523765,10,
337889,558031,10,
360165,553303,10,
340032,561740,10,
338634,564414,10,
351459,565704,10,
412767,593558,10,
283474,532727,10,
336928,557412,10,
366478,594677,10,
343450,570659,10,
331616,565089,10,
354529,573677,10,
276703,559740,10,
282066,560178,10,
331366,567311,10,
321910,573825,10,
290107,571927,10,
281979,518199,10,
374695,563163,10,
340191,567638,10,
338583,563529,10,
358312,559466,10,
338474,564151,10,
338205,566246,10,
342901,582886,10,
265815,540385,10,
304086,576100,10,
347966,563506,10,
346144,560472,10,
352381,592377,10,
318681,528806,10,
369366,561201,10,
310041,533285,10,
344314,595915,10,
363956,609339,10,
328586,551385,10,
330767,552963,10,
312558,520650,10,
315850,573154,10,
379388,567285,10,
329905,579935,10,
352209,548608,10,
357679,548036,10,
339288,588052,10,
330335,568221,10,
341559,562163,10,
341925,569393,10,
327695,543105,10,
335999,549795,10,
302359,534317,10,
332586,566187,10,
330750,561657,10,
400380,588221,10,
337910,562252,10,
336549,565597,10,
343717,559909,10,
332116,594868,10,
358384,556361,10,
415881,584352,10,
345164,579614,10,
316395,537403,10,
340970,564831,10,
340383,600071,10,
326627,534442,10,
356865,545785,10,
306298,551902,10,
347575,565576,10,
302583,571881,10,
352424,557574,10,
279008,521035,10,
335029,553213,10,
338753,563384,10,
324032,577807,10,
327973,534972,10,
321924,527106,10,
345495,579864,10,
385091,599401,10,
361138,551307,10,
332884,533990,10,
269126,508814,10,
350056,566657,10,
374117,546122,10,
350283,559840,10,
335525,567445,10,
350798,535657,10,
289002,520678,10,
324516,522674,10,
364844,571623,10,
351815,574947,10,
275524,559548,10,
348773,583528,10,
308966,523409,10,
316313,570785,10,
341966,561987,10,
341446,538787,10,
318823,565345,10,
347522,587567,10,
293746,544468,10,
334983,572690,10,
325125,564342,10,
330145,546705,10,
336336,563145,10,
302353,545544,10,
321216,569834,10,
285152,520229,10,
335027,565050,10,
332270,556288,10,
341016,545280,10,
339640,561426,10,
338633,563504,10,
324952,565867,10,
353583,554147,10,
385183,556284,10,
292636,520371,10,
289176,571435,10,
310944,559497,10,
336974,563207,10,
337173,557853,10,
396903,591235,10,
324440,567074,10,
333378,557892,10,
300366,565761,10,
344437,529492,10,
325871,558965,10,
367641,556309,10,
344552,554676,10,
297212,546223,10,
355924,577596,10,
331340,524203,10,
292932,558293,10,
306346,523584,10,
341966,586266,10,
282430,560217,10,
326251,549298,10,
335201,585318,10,
351564,573155,10,
322365,530808,10,
405542,600089,10,
296763,528676,10,
221233,538472,11,
338084,560295,10,
345674,579033,10,
325883,560492,10,
345123,577788,10,
329859,564384,10,
353939,570931,10,
409616,575024,10,
365058,545456,10,
404782,557913,10,
368724,598412,10,
344096,575522,10,
182618,346663,12,
171461,348130,12,
186536,330019,12,
177241,292639,12,
248683,383412,-1,
174057,358906,12,
215243,289985,13,
170688,343596,12,
144502,345417,12,
165689,356983,12,
168443,367928,12,
165158,343946,12,
159711,352701,12,
175781,341039,12,
233480,289069,13,
189029,366740,12,
168573,350387,12,
170271,306395,12,
192775,350028,12,
152054,345632,12,
139299,314046,12,
202053,322650,12,
134695,350397,12,
159654,381778,12,
188093,324040,12,
183236,338163,12,
156984,430950,12,
182751,435819,12,
198908,372797,12,
198517,325721,12,
161345,350804,12,
210497,359835,12,
141993,331189,12,
170788,373545,12,
166449,363036,12,
155479,345893,12,
186380,363938,12,
129332,360811,12,
224225,376975,-1,
165945,345849,12,
223550,323197,12,
122755,434879,-1,
166584,349245,12,
179472,342273,12,
148749,359845,12,
177505,332053,12,
160222,380591,12,
178869,370161,12,
170002,370000,12,
164354,347671,12,
169966,368623,12,
145867,363616,12,
181561,358111,12,
164915,350360,12,
166973,341636,12,
153181,277968,12,
155505,355581,12,
160835,347784,12,
211265,396792,-1,
203254,362605,12,
137967,354539,12,
174064,357989,12,
179609,408365,12,
176506,351827,12,
172879,347028,12,
180506,330980,12,
185966,359964,12,
146070,316860,12,
152957,321354,12,
163190,331719,12,
186914,361706,12,
159191,309314,12,
170425,316185,12,
162040,316797,12,
195000,354829,12,
126702,351222,12,
213064,290947,13,
140612,350010,12,
172885,352621,12,
170155,343568,12,
186806,334070,12,
146072,288800,12,
169293,348686,12,
169502,411323,12,
152861,407965,12,
156041,295117,12,
117585,391892,12,
163981,344090,12,
158664,310765,12,
141113,351050,12,
163796,345091,12,
160369,353500,12,
235671,300234,-1,
140876,334435,12,
108232,373112,12,
192460,388323,12,
133744,308918,12,
216209,437830,-1,
156945,339397,12,
199859,316334,12,
159496,331641,12,
167845,341409,12,
182435,365508,12,
133795,360518,12,
169628,365003,12,
167262,399527,12,
177728,352687,12,
130683,363204,12,
198197,344933,12,
197735,355477,12,
172020,342883,12,
185561,342784,12,
202011,337353,12,
157394,346500,12,
182050,424341,12,
129664,341196,12,
173188,355248,12,
182499,310438,12,
170384,339979,12,
182093,321311,12,
185696,338006,12,
102221,374657,12,
165881,364469,12,
164875,349007,12,
159120,340829,12,
168274,374689,12,
178495,373915,12,
179811,342089,12,
162606,363185,12,
173908,362098,12,
133580,348602,12,
190634,357254,12,
186503,369651,12,
127134,379827,12,
169145,355279,12,
140121,346875,12,
141860,324304,12,
200251,306215,12,
174373,363552,12,
170022,347877,12,
165657,338722,12,
186361,351075,12,
213022,338238,12,
155228,357729,12,
171614,435530,12,
175586,365049,12,
187858,381077,12,
171074,293610,12,
153738,360530,12,
199043,270173,13,
165886,348709,12,
159428,300364,12,
197463,378513,12,
161273,347538,12,
186082,330058,12,
143732,279724,12,
142899,329415,12,
156977,424622,12,
174878,362329,12,
148915,338914,12,
187324,377187,12,
175766,380534,12,
185071,362905,12,
158550,354818,12,
174672,345849,12,
169880,343122,12,
109090,326101,12,
187854,354777,12,
153903,353738,12,
190241,329582,12,
102983,382712,12,
143117,345163,12,
188985,367645,12,
174834,411644,12,
144228,344974,12,
146821,297434,12,
171848,343242,12,
94382,320888,12,
154412,310120,12,
176490,344679,12,
170616,352610,12,
81648,360080,-1,
153607,379395,12,
183970,355973,12,
105444,361358,12,
158571,361986,12,
177579,319865,12,
198892,322470,12,
216975,296647,13,
166654,350678,12,
189102,333074,12,
198712,303299,12,
137098,384889,12,
144306,328086,12,
142455,343512,12,
178319,318244,12,
168886,353913,12,
174656,393278,12,
130805,354417,12,
176433,350561,12,
142252,329183,12,
165476,377389,12,
210102,333312,12,
129453,321221,12,
144705,375936,12,
206687,342276,12,
153583,352282,12,
189499,356601,12,
159392,351000,12,
181463,326571,12,
162975,335389,12,
157691,334886,12,
154167,353183,12,
165607,362883,12,
182239,333302,12,
176982,354631,12,
183516,374212,12,
191099,341570,12,
184570,360446,12,
207804,354938,12,
198493,326704,12,
149269,341445,12,
184798,392233,12,
174438,319075,12,
107124,325984,12,
76052,360840,-1,
159302,337993,12,
140101,341028,12,
168149,345638,12,
150009,371014,12,
157193,350343,12,
111476,358647,12,
151164,332239,12,
171318,373473,12,
175169,349454,12,
162600,392531,12,
168067,340249,12,
170102,323164,12,
124132,340448,12,
149863,284721,12,
168079,347343,12,
128953,304971,12,
169228,364545,12,
198415,321418,12,
183610,321788,12,
220869,407358,-1,
159472,372246,12,
170837,353968,12,
165653,317602,12,
135537,356169,12,
166973,334724,12,
158750,312102,12,
161448,373412,12,
158713,379013,12,
180493,319750,12,
125715,302114,12,
194033,340466,12,
158871,312380,12,
161387,343617,12,
169121,347594,12,
167653,352074,12,
125902,318850,12,
217686,296514,13,
171986,429306,12,
211360,279794,13,
157181,346842,12,
188909,341194,12,
140128,325904,12,
117874,389929,12,
162921,317643,12,
173978,346514,12,
98533,355691,12,
194956,372256,12,
164847,287064,12,
174410,372064,12,
149092,352682,12,
166323,352927,12,
178515,370287,12,
169337,348605,12,
122986,334382,12,
145282,391482,12,
185919,363092,12,
180519,368284,12,
181227,347052,12,
168284,309036,12,
198251,335402,12,
160922,347681,12,
141861,328909,12,
147911,328024,12,
178264,330827,12,
178235,346006,12,
195151,317753,12,
122360,357480,12,
167330,332452,12,
115363,305575,12,
185661,404482,12,
177858,352255,12,
113068,317574,12,
125675,360158,12,
172842,351663,12,
124724,459999,-1,
169069,348929,12,
185253,344152,12,
155625,262321,12,
158201,315944,12,
171277,361020,12,
209553,326461,12,
160165,362858,12,
190725,336160,12,
169994,409806,12,
179463,361279,12,
172662,388185,12,
165284,425978,12,
160206,303063,12,
155690,368375,12,
124516,325289,12,
179326,321160,12,
165573,305517,12,
155508,372355,12,
166799,318482,12,
161780,324523,12,
168805,351913,12,
206519,355629,12,
163091,350167,12,
176144,353300,12,
179483,359645,12,
213951,352868,12,
164046,346109,12,
169569,346955,12,
225356,318394,12,
214966,358837,12,
159253,343477,12,
219779,330969,12,
169876,340860,12,
669118,354195,3,
613682,399434,3,
617399,392653,3,
629247,364078,3,
641070,424917,3,
609532,388425,3,
629369,398359,3,
605911,379990,3,
622550,391601,3,
607905,403460,3,
679465,399014,3,
608711,373665,3,
623498,399288,3,
601212,370698,3,
574989,407228,3,
563517,391159,3,
687717,379483,3,
616040,330855,3,
653024,367312,3,
607440,403119,3,
620240,397022,3,
599215,391457,3,
587478,424878,3,
613921,394043,3,
624328,392133,3,
635887,384511,3,
559877,401053,3,
617755,401065,3,
693265,388552,3,
559933,403956,3,
655859,416496,3,
625919,402984,3,
595215,391491,3,
617493,379303,3,
598657,442558,3,
601644,436831,3,
617118,374098,3,
591051,389443,3,
617296,386864,3,
616468,394118,3,
630384,376295,3,
558770,390646,3,
637332,414017,3,
556780,409205,3,
577473,384210,3,
650054,432740,3,
595063,328609,3,
714443,433876,-1,
603566,410391,3,
562356,383175,3,
546166,423311,3,
626539,394908,3,
663820,416308,3,
710910,464586,-1,
624310,398408,3,
632546,389750,3,
667249,417107,3,
608309,377530,3,
611357,393577,3,
658219,436184,3,
615032,402225,3,
628131,406850,3,
632390,363198,3,
575116,345564,3,
625784,441883,3,
618893,419740,3,
579564,428498,3,
686324,364237,3,
586242,396484,3,
623248,399928,3,
609219,362804,3,
537211,376777,3,
605310,394011,3,
634973,450542,3,
595411,413706,3,
613037,419086,3,
617444,397675,3,
633304,366062,3,
592620,446156,3,
631633,337973,3,
619637,395224,3,
620330,398630,3,
621964,409409,3,
618446,372298,3,
629789,426313,3,
608687,374928,3,
680646,375662,3,
591831,438997,3,
550086,442382,3,
620330,396776,3,
551236,401856,3,
617178,414525,3,
584938,344365,3,
622636,456843,3,
649987,408293,3,
613719,382828,3,
576987,392508,3,
599766,409755,3,
584077,398498,3,
695514,321521,-1,
561388,355834,3,
691600,397893,3,
610676,449688,3,
600114,413216,3,
626811,372435,3,
636291,360636,3,
570384,393553,3,
626700,401688,3,
624106,398619,3,
523329,404632,-1,
611954,360938,3,
613536,395801,3,
576488,397913,3,
652745,406585,3,
603193,371867,3,
610026,444858,3,
629725,405117,3,
648429,422590,3,
562772,382904,3,
638823,411764,3,
617764,397102,3,
579922,379009,3,
610698,396326,3,
642607,374702,3,
621629,397208,3,
659321,404555,3,
576235,462612,3,
598628,425191,3,
623502,420376,3,
665965,449273,3,
608923,385575,3,
611579,407670,3,
617573,386848,3,
589862,418742,3,
653325,396810,3,
605073,372055,3,
623137,408209,3,
499262,398424,-1,
619339,401624,3,
619295,397643,3,
578878,420108,3,
533577,355107,3,
615934,426539,3,
690195,475150,-1,
673514,390760,3,
657120,386782,3,
549945,372313,3,
675858,410545,3,
626586,415166,3,
618449,404599,3,
638783,399478,3,
578113,395458,3,
622557,361134,3,
635324,420555,3,
666135,430421,3,
689725,465685,-1,
593601,445149,3,
615094,383077,3,
624599,417673,3,
573969,434110,3,
642881,403147,3,
634383,422065,3,
582389,428200,3,
617330,369828,3,
621989,394856,3,
651828,468138,3,
612936,398723,3,
613351,407952,3,
562777,437516,3,
533212,366954,3,
618113,400002,3,
609344,448128,3,
615342,413931,3,
623989,368662,3,
620187,400168,3,
687638,439257,-1,
573925,449341,3,
547270,403384,3,
619318,361696,3,
588432,446279,3,
592924,393730,3,
615325,383841,3,
611875,422910,3,
681941,370225,3,
620818,396967,3,
662154,385013,3,
554938,347875,3,
628655,321099,3,
619628,399433,3,
660333,393215,3,
618391,348381,3,
565829,395454,3,
617689,397001,3,
604554,393193,3,
572417,403906,3,
659193,384523,3,
632060,367800,3,
633894,404424,3,
620610,395343,3,
615175,397627,3,
624293,333944,3,
593689,316888,-1,
617319,374666,3,
572244,349463,3,
619239,400025,3,
621622,390298,3,
622101,371771,3,
630205,338054,3,
654147,407182,3,
637594,420311,3,
629004,392271,3,
585207,336451,3,
618349,397614,3,
650157,402991,3,
638966,486628,-1,
655201,411873,3,
602335,433298,3,
630706,388370,3,
617428,397343,3,
621537,390372,3,
631365,450732,3,
618406,404239,3,
601390,453925,3,
603945,361794,3,
619427,396945,3,
660103,414557,3,
700340,335010,-1,
608182,416637,3,
661166,404325,3,
620939,385731,3,
626371,349696,3,
614683,367259,3,
619332,401992,3,
587453,401098,3,
652349,321291,-1,
617954,395504,3,
636807,424537,3,
533889,333741,-1,
623386,387031,3,
632952,385722,3,
695010,449565,-1,
626843,367696,3,
488205,420586,19,
611547,411952,3,
621241,368090,3,
581240,362971,3,
608747,363132,3,
662177,420431,3,
615665,405490,3,
617447,366176,3,
560393,389490,3,
685785,409913,3,
623433,400160,3,
609091,437020,3,
624343,403629,3,
668879,388617,3,
567105,437623,3,
657450,365008,3,
591955,378142,3,
588952,437524,3,
607665,447516,3,
608601,418450,3,
662830,420955,3,
605891,428146,3,
615239,317684,3,
588933,366439,3,
618053,357534,3,
577773,434308,3,
606558,458285,3,
620955,389692,3,
738190,371970,-1,
634661,446187,3,
571692,449353,3,
605650,447537,3,
639502,371440,3,
684568,380640,3,
658735,399039,3,
618157,384990,3,
618869,398187,3,
603388,403039,3,
585255,415823,3,
639507,438534,3,
594112,399331,3,
619475,400592,3,
571570,375257,3,
659297,373975,3,
603285,449307,3,
610199,394579,3,
590500,418472,3,
630904,404643,3,
591725,406549,3,
621560,397789,3,
563182,367521,3,
593879,444161,3,
616054,371666,3,
627679,395601,3,
608195,447380,3,
616737,397973,3,
650120,324477,-1,
616926,398697,3,
650859,460072,3,
642157,345545,3,
601369,411415,3,
604703,392288,3,
721905,378957,-1,
619415,397644,3,
571043,347389,3,
659191,459637,3,
629978,400626,3,
688487,383589,3,
598053,438963,3,
635242,356290,3,
605899,412428,3,
656642,407213,3,
619924,406713,3,
630067,372798,3,
600007,377908,3,
589164,386733,3,
630491,379017,3,
618676,377015,3,
639613,388524,3,
669409,415893,3,
681608,436537,3,
649968,371445,3,
629000,417990,3,
658884,390135,3,
605407,427914,3,
629891,414975,3,
621778,364695,3,
610722,418243,3,
601599,388540,3,
615649,429323,3,
627206,402647,3,
643965,366316,3,
614877,402442,3,
606486,420054,3,
668482,358452,3,
628715,434772,3,
196462,887983,14,
335970,846828,-1,
272394,837600,14,
211165,825505,14,
226433,837646,14,
219686,859997,14,
242087,844255,14,
213558,873714,14,
245144,845719,14,
247997,878582,14,
283576,809069,14,
224676,859348,14,
298214,820903,14,
245468,859425,14,
222704,824909,14,
250921,819639,14,
249209,801933,14,
230591,874855,14,
234091,876039,14,
286769,862152,14,
224789,866804,14,
245023,849247,14,
263626,851699,14,
250198,825417,14,
231263,863308,14,
307605,840195,14,
276635,875623,14,
230399,842538,14,
274070,798617,14,
247939,831010,14,
209922,850026,14,
300726,862728,14,
222727,770963,-1,
239505,885057,14,
291561,845450,14,
221122,832810,14,
194258,914691,-1,
228928,855040,14,
264627,808661,14,
225916,843329,14,
240221,843932,14,
276600,823311,14,
204854,810013,14,
278326,829095,14,
246047,846189,14,
251032,876118,14,
285258,848668,14,
260943,889692,14,
245928,867228,14,
221002,870506,14,
292872,896822,15,
261896,897475,14,
269723,849664,14,
243941,843256,14,
249370,872804,14,
237120,856814,14,
257472,849587,14,
253703,834676,14,
238080,830689,14,
225991,869734,14,
231781,799444,14,
296892,901182,15,
234604,822462,14,
241473,860854,14,
219864,842635,14,
235901,856563,14,
207217,878249,14,
256949,820470,14,
204597,863162,14,
325275,866433,14,
239344,814789,14,
187894,871219,14,
259973,862559,14,
189752,865463,14,
245707,844466,14,
188480,870646,14,
305915,854818,14,
242443,851797,14,
227138,824372,14,
229970,878786,14,
281971,825246,14,
241166,845204,14,
225846,874086,14,
284077,905181,15,
258975,837353,14,
241972,840749,14,
245602,857160,14,
227363,836593,14,
257926,936947,-1,
237689,839510,14,
267799,847911,14,
207552,772091,-1,
201567,881003,14,
265125,820661,14,
273165,852766,14,
290210,818593,14,
256487,868899,14,
271395,862063,14,
251958,886571,14,
249253,856047,14,
268289,878265,14,
295375,861990,14,
256316,818886,14,
246470,842932,14,
314666,849163,14,
298979,774144,-1,
192885,887667,14,
227819,900986,14,
250003,859517,14,
249857,844975,14,
218369,851387,14,
252586,806474,14,
283017,850861,14,
228095,843338,14,
266980,825990,14,
241381,844402,14,
294053,878220,14,
253339,750941,-1,
241413,845029,14,
294326,807584,14,
257856,846423,14,
248210,886338,14,
216846,737568,-1,
244743,830888,14,
277055,860813,14,
279923,805957,14,
235041,823732,14,
238524,842928,14,
246453,883061,14,
260590,827955,14,
274554,845338,14,
245254,907991,14,
299821,866288,14,
261120,804153,14,
246729,879602,14,
240308,844341,14,
220620,819091,14,
268926,813783,14,
234219,845270,14,
188424,849785,14,
240171,843940,14,
163766,859386,14,
191257,802651,14,
224852,934148,14,
261093,844962,14,
228711,848090,14,
183478,851724,14,
201080,823689,14,
118590,857150,-1,
264798,767716,-1,
313609,860065,14,
232246,844226,14,
237757,834092,14,
222682,806314,14,
243331,844022,14,
197362,870337,14,
229857,843917,14,
244257,776516,14,
224083,852922,14,
309399,838744,14,
271205,817620,14,
242247,864253,14,
235337,831592,14,
232357,810798,14,
252199,828023,14,
267049,950249,-1,
245678,821691,14,
241138,844374,14,
246182,840370,14,
264175,824349,14,
266977,887963,14,
274685,883097,14,
244260,847060,14,
256073,917590,14,
258416,835432,14,
241687,844256,14,
282603,846165,14,
228032,893055,14,
226949,889283,14,
264274,813041,14,
139601,914203,-1,
229131,842806,14,
236274,861302,14,
261819,863523,14,
200005,825237,14,
310591,841778,14,
244049,817710,14,
235022,911236,14,
256512,837094,14,
236495,861569,14,
256889,880721,14,
258528,856273,14,
233284,860085,14,
257480,849037,14,
269354,811847,14,
222445,891438,14,
222356,840843,14,
236207,886769,14,
174371,864697,14,
159683,838958,14,
237750,837381,14,
241545,838673,14,
256082,831969,14,
246468,838071,14,
205919,844377,14,
266111,813259,14,
244246,847589,14,
244899,812192,14,
219316,898830,14,
251866,864044,14,
238308,790723,14,
209264,836661,14,
242519,845811,14,
351883,890475,-1,
278929,842054,14,
244027,850132,14,
248570,843156,14,
224681,858432,14,
210276,824826,14,
220884,916718,14,
240846,841609,14,
257093,801567,14,
236749,813868,14,
332237,911313,-1,
288954,846991,14,
238084,844799,14,
236431,844100,14,
299772,828655,14,
241633,846949,14,
230107,858332,14,
256216,903741,14,
258135,880184,14,
232331,872896,14,
183583,787453,14,
264293,890923,14,
213208,833959,14,
224288,931476,14,
261622,869706,14,
297183,841456,14,
241849,815141,14,
308616,811021,14,
220931,876605,14,
289719,866638,14,
233931,838374,14,
224694,848663,14,
240645,855514,14,
229567,855332,14,
247613,815836,14,
239387,847822,14,
257788,880587,14,
245532,846331,14,
224241,828996,14,
227582,856861,14,
244618,845420,14,
213775,841758,14,
243511,830743,14,
244799,841688,14,
216061,848623,14,
294492,832336,14,
248931,844960,14,
267478,894783,14,
228715,837572,14,
269483,848608,14,
248276,844455,14,
236987,881080,14,
223732,826580,14,
230149,886583,14,
265299,859533,14,
181803,799487,14,
247210,859012,14,
261633,773355,14,
262370,891499,14,
250394,847577,14,
222019,839774,14,
238328,770068,14,
208941,860169,14,
238714,858826,14,
241005,825301,14,
270742,847836,14,
238492,833394,14,
312726,853829,14,
286663,846902,14,
261796,819395,14,
253890,807676,14,
242415,844335,14,
134134,842630,-1,
163956,833732,14,
250359,849451,14,
295357,842293,14,
218942,848326,14,
205466,778884,-1,
253899,862843,14,
244966,841126,14,
208494,850615,14,
221126,837878,14,
271093,861412,14,
216543,842952,14,
255185,825960,14,
251070,877802,14,
264565,859237,14,
228611,836717,14,
228517,837056,14,
198583,860431,14,
215976,836025,14,
254411,848090,14,
168036,807011,14,
292194,906490,15,
243951,865415,14,
260922,785987,14,
245740,814541,14,
317675,838127,14,
274505,864723,14,
230049,865536,14,
235084,818866,14,
172690,847721,14,
221706,875060,14,
236740,853169,14,
298800,824277,14,
265246,889333,14,
219498,851932,14,
247484,846372,14,
288675,919879,15,
229280,813483,14,
282622,879222,14,
307300,836132,14,
238260,882489,14,
219049,825171,14,
219321,848396,14,
240028,849354,14,
212009,864463,14,
246857,852483,14,
245118,811283,14,
247855,794626,14,
253655,821946,14,
241475,850889,14,
210162,860529,14,
204922,854068,14,
225567,853078,14,
245258,799882,14,
257134,845851,14,
187314,815820,14,
294275,174786,16,
329428,66056,-1,
325938,164475,16,
253129,154296,16,
319838,170383,16,
240213,118409,17,
283784,178305,16,
376613,159699,16,
338717,181582,16,
304283,183656,16,
314519,146787,16,
270899,175377,16,
291228,101272,16,
291170,110147,16,
321522,163852,16,
202627,179376,-1,
307913,91419,16,
311093,169734,16,
321775,164846,16,
294832,124284,16,
295537,91032,16,
383044,180418,16,
338570,192256,16,
337894,175289,16,
359796,165920,16,
316263,163806,16,
320972,170417,16,
277860,111893,16,
367806,123963,16,
359352,162962,16,
350964,149159,16,
332201,181702,16,
287966,150135,16,
346942,152780,16,
232784,169847,16,
292492,99170,16,
334529,166765,16,
363208,238649,16,
196795,190277,-1,
353333,113156,16,
373191,88470,-1,
333789,151168,16,
339732,163158,16,
321822,187102,16,
276792,141848,16,
308044,164482,16,
311328,159477,16,
383052,89061,-1,
316820,150304,16,
314479,178821,16,
310824,144943,16,
333143,200298,16,
300672,175844,16,
339482,151261,16,
319208,164182,16,
321645,164662,16,
308763,166511,16,
308066,145825,16,
360143,155270,16,
348893,195430,16,
319283,158983,16,
332284,194186,16,
292402,184441,16,
361227,221878,16,
313573,109221,16,
310693,154278,16,
344482,215846,16,
358652,186358,16,
330533,214555,16,
320400,160020,16,
267662,127175,16,
396583,82842,-1,
292193,125417,16,
324121,96346,16,
321344,166633,16,
234837,151054,16,
368060,76739,-1,
347050,150472,16,
245783,109229,17,
400550,144359,16,
343217,153037,16,
315488,160339,16,
347406,155708,16,
336845,172750,16,
357014,148222,16,
331862,169092,16,
322140,165212,16,
363075,162238,16,
318738,182134,16,
346717,178180,16,
311819,140674,16,
332032,157725,16,
301983,173386,16,
321556,163352,16,
315830,102777,16,
312275,145173,16,
325861,203058,16,
360703,150999,16,
345976,148333,16,
320210,191459,16,
318665,158107,16,
425563,163524,-1,
264427,188193,16,
348177,179526,16,
265430,151883,16,
320718,158610,16,
380609,185976,16,
345234,188822,16,
362027,150348,16,
300294,178772,16,
315963,174031,16,
333787,189423,16,
337343,156614,16,
334812,137431,16,
347492,153416,16,
324518,167369,16,
353991,193997,16,
274321,219665,16,
335476,183897,16,
300021,159185,16,
384591,137729,16,
320000,162605,16,
268938,211870,16,
366146,196571,16,
356280,185198,16,
325767,164095,16,
350480,214608,16,
314791,163370,16,
302582,134124,16,
328851,147002,16,
347039,195468,16,
289531,145743,16,
343018,239960,-1,
271123,163465,16,
326959,154655,16,
332307,189590,16,
310529,141617,16,
380281,205779,16,
411606,137378,16,
348191,165419,16,
305292,175260,16,
256120,141529,16,
390934,170420,16,
358562,112650,16,
355499,224982,16,
363437,77975,-1,
232043,177614,16,
246753,175170,16,
327204,152871,16,
371685,151612,16,
291723,177824,16,
324488,180658,16,
340048,131847,16,
295311,115000,16,
239495,163949,16,
267521,119941,16,
401396,125431,16,
260930,184935,16,
336085,170252,16,
291782,159562,16,
307616,207295,16,
352910,145624,16,
294653,104623,16,
372883,222824,16,
318707,160697,16,
281548,175184,16,
307747,128551,16,
336991,217448,16,
270233,195701,16,
433100,134861,18,
311433,134432,16,
375353,117180,16,
315146,160782,16,
311163,166821,16,
305333,171939,16,
332470,161202,16,
302266,185591,16,
370775,144355,16,
314552,151035,16,
343145,172236,16,
331212,162496,16,
299460,144708,16,
383894,179880,16,
345703,149860,16,
331381,162660,16,
344364,213940,16,
378347,144880,16,
322789,137560,16,
328425,159826,16,
341137,78287,-1,
317771,154916,16,
336266,148507,16,
342066,119083,16,
297177,88467,16,
280519,165350,16,
305901,166656,16,
284757,175853,16,
281732,221764,16,
321262,178491,16,
344710,213543,16,
311408,168232,16,
356500,188114,16,
304376,222294,16,
278116,185472,16,
247892,115217,17,
306326,164202,16,
311516,94189,16,
323747,163351,16,
321778,158339,16,
309501,166931,16,
333942,143344,16,
339393,209145,16,
340996,170964,16,
315333,144566,16,
332853,168141,16,
290958,168323,16,
297731,175876,16,
280274,182662,16,
306540,193434,16,
319155,159850,16,
355168,114823,16,
270201,236813,16,
347630,120931,16,
446538,180119,18,
371052,147369,16,
403365,215735,-1,
258201,153095,16,
335121,214149,16,
283786,133973,16,
353951,133923,16,
345069,165968,16,
367079,183232,16,
363932,228249,16,
354132,161850,16,
390538,157197,16,
333805,148479,16,
325344,159885,16,
323905,168029,16,
274495,182470,16,
309684,150076,16,
381617,157000,16,
322841,169735,16,
359520,132845,16,
249616,144446,16,
321620,169950,16,
415495,116126,-1,
335742,196692,16,
271424,251323,-1,
340066,152500,16,
327734,163585,16,
346079,220993,16,
276741,143844,16,
377042,182019,16,
400055,131725,16,
332246,172932,16,
310386,171068,16,
327569,158418,16,
324444,166910,16,
317217,163896,16,
270404,183080,16,
277512,151920,16,
324966,170021,16,
306421,145493,16,
382419,110392,16,
318266,171979,16,
321245,141627,16,
318192,170844,16,
320821,165455,16,
329029,204399,16,
311065,219934,16,
287127,192494,16,
283571,109326,16,
308748,199866,16,
369490,164369,16,
270729,67329,-1,
279010,181792,16,
282957,179982,16,
308489,145929,16,
327927,168535,16,
327022,161396,16,
376557,109320,16,
248427,146381,16,
321182,150806,16,
312337,154488,16,
268518,181514,16,
285865,167818,16,
279251,184486,16,
306042,66361,-1,
318215,180010,16,
293978,197091,16,
338044,233264,16,
293864,241877,-1,
344380,183817,16,
316257,171544,16,
248779,111087,17,
313783,177198,16,
415534,110526,-1,
296164,96874,16,
315670,160928,16,
339137,160334,16,
290700,196285,16,
307107,174760,16,
325279,168587,16,
328423,161604,16,
333883,276840,-1,
308555,134011,16,
322101,164171,16,
306357,123397,16,
292931,125341,16,
284378,223470,16,
335003,151395,16,
267212,158699,16,
343851,193618,16,
296627,93375,16,
334980,143900,16,
335235,180161,16,
360945,167952,16,
257841,193878,16,
275288,212315,16,
331798,143962,16,
333937,51121,-1,
328775,156501,16,
319829,168353,16,
293201,192871,16,
327608,177638,16,
332562,174699,16,
348815,150017,16,
312227,159417,16,
324337,162686,16,
323329,93955,16,
291973,127483,16,
258779,106777,17,
325360,134919,16,
267264,153034,16,
312421,170617,16,
293350,175997,16,
275459,190178,16,
244344,185382,16,
252845,181181,16,
357923,192120,16,
382720,263255,-1,
326040,156509,16,
165104,543395,11,
139903,592241,11,
132705,557674,11,
114311,601605,11,
102460,533057,11,
185935,554627,11,
123441,594415,11,
97216,564094,11,
110948,539533,11,
101553,517715,11,
133023,574572,11,
144570,573936,11,
136531,557658,11,
173576,507309,11,
179189,536028,11,
141238,557986,11,
156430,615117,11,
69169,631490,-1,
31842,565765,-1,
144620,575370,11,
155899,561715,11,
137451,555339,11,
68388,574380,11,
166290,521714,11,
210499,526471,11,
148319,584541,11,
135336,552552,11,
136606,562296,11,
136301,569544,11,
119386,620549,11,
139212,557713,11,
84501,604671,11,
176602,574552,11,
105945,528795,11,
140989,537156,11,
138449,555969,11,
128669,574591,11,
95749,602775,11,
139460,557260,11,
130440,562623,11,
147885,527813,11,
58190,608304,-1,
151701,574146,11,
148385,538149,11,
142668,544976,11,
145251,553486,11,
142265,546135,11,
202913,525966,11,
192564,547558,11,
179240,577011,11,
182840,584262,11,
144242,557674,11,
135849,550612,11,
101427,615890,11,
143265,548387,11,
112379,547679,11,
137347,622867,11,
139146,569516,11,
125756,579609,11,
77109,512651,11,
138073,556272,11,
202547,601240,11,
19835,570290,-1,
118137,579149,11,
201324,574588,11,
113259,568684,11,
139052,610320,11,
177246,571940,11,
107972,601191,11,
138199,541774,11,
220156,589643,11,
137787,566189,11,
138122,557230,11,
93136,613387,11,
154620,576738,11,
131523,568207,11,
136967,565662,11,
142886,556511,11,
125005,540340,11,
138965,558201,11,
139474,569485,11,
171471,576787,11,
157138,565993,11,
198294,552987,11,
136078,547418,11,
140164,531093,11,
156003,502860,11,
67867,545392,11,
133780,533275,11,
116142,550919,11,
148510,579793,11,
179224,584189,11,
149906,546909,11,
29760,557873,-1,
115287,602637,11,
206561,574789,11,
108651,521409,11,
115905,560139,11,
127373,549518,11,
141699,530028,11,
141641,557376,11,
111855,531542,11,
136580,553967,11,
137516,556818,11,
179793,483378,-1,
105568,584102,11,
125840,520239,11,
117212,565692,11,
140717,554093,11,
139033,593287,11,
172882,571145,11,
104862,608089,11,
158366,537970,11,
138525,534268,11,
69565,599820,11,
94571,528963,11,
153185,562792,11,
147599,513563,11,
223226,546198,11,
143879,536650,11,
151099,518008,11,
109317,531425,11,
127202,525948,11,
137740,618961,11,
138734,557713,11,
109912,565003,11,
158060,525533,11,
260096,530550,10,
134449,557556,11,
121650,599844,11,
188992,563992,11,
207218,589497,11,
179830,547383,11,
152331,529689,11,
112184,530469,11,
166904,503121,11,
183026,545377,11,
152658,569277,11,
172116,513383,11,
95899,530846,11,
144325,538991,11,
166597,572855,11,
105193,596017,11,
166840,562425,11,
117089,561455,11,
141718,549576,11,
117959,536156,11,
125351,529954,11,
140706,547367,11,
138012,558263,11,
135284,555664,11,
142663,556520,11,
112673,516997,11,
137657,611252,11,
119237,591137,11,
186380,487625,-1,
113099,546732,11,
176278,550602,11,
158773,588778,11,
140962,518168,11,
144856,551807,11,
155943,576199,11,
152584,564548,11,
165356,570715,11,
127858,609681,11,
257984,555707,10,
149758,564768,11,
129550,560106,11,
159271,568953,11,
151374,538387,11,
129030,588495,11,
155430,549012,11,
172756,612694,-1,
93459,514032,11,
99569,523174,11,
148080,544056,11,
169322,577938,11,
173847,514665,11,
136418,562926,11,
140047,540043,11,
74519,527539,11,
146681,562995,11,
110877,562558,11,
95071,503965,11,
136232,576477,11,
146120,576624,11,
259173,548593,10,
107965,535173,11,
103153,601002,11,
158283,570550,11,
206219,604081,11,
116492,509399,11,
97430,598804,11,
193275,538687,11,
116860,550810,11,
179834,541387,11,
143226,522375,11,
111174,539350,11,
94933,588147,11,
139434,557410,11,
131532,536658,11,
38179,532155,-1,
113321,606322,11,
123905,508486,11,
201753,569116,11,
206660,575002,11,
138884,529162,11,
139636,565984,11,
110479,594587,11,
76253,529394,11,
160280,493497,11,
161475,587507,11,
149054,556986,11,
223408,520131,11,
158596,562634,11,
141991,539522,11,
137172,523482,11,
161154,538355,11,
130157,581286,11,
142000,554964,11,
86243,559135,11,
130883,557824,11,
127964,538935,11,
122130,568886,11,
210597,589836,11,
139847,552015,11,
147664,559632,11,
167716,562762,11,
130657,555545,11,
165382,518876,11,
221994,575146,11,
87236,607429,11,
154268,542573,11,
197367,535989,11,
133094,557996,11,
155274,552551,11,
139911,561185,11,
146924,565933,11,
146183,622188,11,
176092,531921,11,
184402,546549,11,
139641,557503,11,
170816,547069,11,
156474,570384,11,
146678,558942,11,
136569,532130,11,
162124,500069,11,
127503,623654,11,
182854,534283,11,
141222,572556,11,
177665,557923,11,
201907,516078,11,
130249,579307,11,
166560,559687,11,
138220,560056,11,
134725,537440,11,
127940,590467,11,
143592,606949,11,
64979,538104,11,
94061,576129,11,
79285,554817,11,
103192,550021,11,
198823,538624,11,
145758,562414,11,
211584,591058,11,
139451,549580,11,
220224,592068,11,
150404,539885,11,
142767,538646,11,
143912,595772,11,
184412,537050,11,
55359,623076,-1,
137197,556522,11,
138461,558771,11,
80673,566893,11,
203667,577260,11,
94249,600812,11,
145244,561042,11,
94458,533883,11,
130201,562734,11,
98675,580608,11,
134422,544300,11,
141771,551655,11,
141924,558399,11,
137316,562151,11,
143363,551365,11,
197849,575524,11,
134261,519275,11,
129997,568115,11,
170494,560892,11,
164453,544085,11,
128788,546091,11,
88703,577217,11,
131109,568012,11,
95074,570002,11,
232047,522748,11,
125548,552424,11,
142563,560090,11,
118391,553625,11,
132497,593125,11,
162713,586568,11,
122296,566921,11,
56907,586609,-1,
48143,523870,-1,
104489,542515,11,
130582,565948,11,
180633,570302,11,
241485,523039,11,
178005,594957,11,
211266,534538,11,
137680,555667,11,
144401,565666,11,
101722,535117,11,
115781,594942,11,
107160,530936,11,
139978,587153,11,
179931,536588,11,
105353,589239,11,
119496,543146,11,
142575,517378,11,
76661,531044,11,
137699,556769,11,
154964,554923,11,
142516,559062,11,
98525,579761,11,
163925,576666,11,
153326,558408,11,
262846,559590,10,
102898,592834,11,
138349,554238,11,
193502,557364,11,
202175,495076,-1,
154162,536416,11,
77875,516899,11,
163477,561507,11,
131874,552586,11,
120357,560737,11,
119535,551857,11,
114108,540537,11,
136059,558213,11,
121786,564225,11,
233105,591646,11,
149760,577278,11,
139237,548782,11,
34795,606311,-1,
147663,555514,11,
108512,525986,11,
509279,180548,18,
495165,163113,18,
474652,193224,18,
507786,199578,18,
566666,195255,18,
506012,178372,18,
541435,206637,18,
507311,177795,18,
461701,188438,18,
506069,169723,18,
477155,161019,18,
505044,180646,18,
467697,168082,18,
511868,170991,18,
500225,177559,18,
460616,174810,18,
573755,218049,18,
543616,144788,18,
509804,175714,18,
542311,161882,18,
475944,189337,18,
517750,199025,18,
520952,169184,18,
559076,190770,18,
416763,96639,-1,
549384,208450,18,
549147,171454,18,
520880,200955,18,
484348,202813,18,
487472,166999,18,
504728,174541,18,
465734,114090,18,
570266,188032,18,
505584,176135,18,
514739,189624,18,
500589,181466,18,
504096,192493,18,
553118,165472,18,
502511,205121,18,
551798,221411,18,
502737,174437,18,
513181,177419,18,
513010,141058,18,
535564,177248,18,
514551,176526,18,
450030,169537,18,
521152,152439,18,
505512,203857,18,
509928,184873,18,
490271,216725,18,
529931,180136,18,
508228,220433,18,
534461,178056,18,
508551,174306,18,
545365,210090,18,
510414,142485,18,
507895,177445,18,
506288,177990,18,
512560,224816,18,
454160,102568,18,
437116,148591,18,
519003,160741,18,
509173,178051,18,
507674,147431,18,
513562,229098,18,
473361,185066,18,
517580,170329,18,
509285,174620,18,
510496,174308,18,
438860,114065,-1,
534702,244239,18,
504755,150226,18,
474135,199330,18,
508907,173787,18,
509651,149290,18,
490956,124550,18,
499637,194036,18,
515856,148316,18,
482568,159010,18,
522728,184704,18,
493070,189771,18,
483807,198925,18,
469656,153741,18,
470041,102049,18,
576965,187481,18,
515230,149567,18,
469470,189347,18,
484678,123623,18,
509554,186931,18,
480787,147737,18,
523036,123677,18,
508144,167733,18,
515450,173220,18,
489378,172861,18,
497406,125809,18,
514173,139330,18,
520809,176718,18,
499009,205823,18,
509773,148899,18,
505117,141877,18,
494698,176711,18,
501334,163002,18,
502500,176532,18,
546565,151576,18,
520878,209094,18,
486891,175164,18,
512241,169240,18,
569692,182365,18,
491382,122267,18,
457033,127590,18,
535453,200970,18,
436641,55171,-1,
520845,176291,18,
496130,178113,18,
507473,227670,18,
507092,175151,18,
493714,173387,18,
528826,154067,18,
509951,176794,18,
505400,160422,18,
473316,162622,18,
489504,146224,18,
516888,152451,18,
505128,175022,18,
520819,181586,18,
506812,167031,18,
495032,203929,18,
508789,174256,18,
502302,210265,18,
511106,122518,18,
486997,164803,18,
535787,199735,18,
540364,163758,18,
496006,191010,18,
497454,172375,18,
488330,173837,18,
547076,156969,18,
509956,141698,18,
516084,178725,18,
535034,172649,18,
529858,213114,18,
496384,166644,18,
519201,139101,18,
575022,213534,18,
469404,181944,18,
464672,193513,18,
491609,180519,18,
470314,178936,18,
481067,172555,18,
508797,176269,18,
491145,206344,18,
485361,169229,18,
474527,107596,18,
499643,171625,18,
514722,190943,18,
474641,81263,-1,
495995,160032,18,
516963,174184,18,
521006,163218,18,
434581,123267,-1,
514876,182995,18,
501416,172980,18,
513991,165072,18,
512900,219252,18,
510739,121103,18,
509522,174376,18,
507862,172954,18,
512716,181316,18,
483423,111797,18,
505603,147517,18,
482628,171320,18,
541790,172616,18,
473649,178184,18,
520763,250478,18,
494000,189403,18,
533931,173291,18,
485110,150541,18,
528679,199079,18,
545699,174099,18,
517495,186329,18,
520461,173217,18,
456821,105575,18,
495388,156422,18,
514934,219169,18,
508989,168995,18,
500474,169746,18,
504511,149234,18,
467144,147308,18,
512733,174091,18,
452791,156805,18,
488800,197919,18,
593887,210595,18,
561725,168220,18,
528011,201615,18,
514428,222503,18,
512051,145220,18,
472054,129986,18,
507959,166780,18,
518068,137556,18,
561110,219865,18,
563315,215613,18,
523779,163905,18,
490037,164357,18,
519421,154681,18,
504373,165819,18,
513957,139202,18,
486422,178919,18,
533351,147778,18,
511030,221292,18,
496069,102201,18,
496491,171534,18,
497254,171940,18,
518892,165875,18,
481083,151953,18,
507741,178883,18,
486224,196184,18,
509039,173839,18,
462658,75167,-1,
519680,208378,18,
499676,196897,18,
480876,160465,18,
521032,177084,18,
486034,196122,18,
505225,158750,18,
485968,123023,18,
478442,125560,18,
502355,164119,18,
502915,183059,18,
497211,174121,18,
537174,194410,18,
505293,194591,18,
491442,116195,18,
473202,140745,18,
505079,219082,18,
541455,223176,18,
528938,174372,18,
528094,178343,18,
520759,184923,18,
538994,179328,18,
507832,181513,18,
493897,189627,18,
514408,173338,18,
514391,156592,18,
513362,223841,18,
443618,157237,18,
477746,163845,18,
480571,204150,18,
486326,174643,18,
505384,174535,18,
541220,177840,18,
522869,176818,18,
497255,188783,18,
545240,221008,18,
512291,169608,18,
576158,210283,18,
508099,175066,18,
545455,182232,18,
537836,177165,18,
508597,173640,18,
507445,193647,18,
524397,239456,18,
527753,213985,18,
528766,239937,18,
481356,162127,18,
541498,192746,18,
506142,170513,18,
494574,198972,18,
477901,173288,18,
509223,177592,18,
532010,176195,18,
541006,175198,18,
490355,153464,18,
566524,179796,18,
550216,184337,18,
516085,195504,18,
523796,219588,18,
511118,175212,18,
445043,152257,18,
497582,190801,18,
514622,206979,18,
479631,178459,18,
496476,140337,18,
498389,178069,18,
506361,225237,18,
519396,177174,18,
529409,157228,18,
501111,157402,18,
514219,167014,18,
558307,203307,18,
545957,196749,18,
508080,175697,18,
589900,217899,18,
509383,167302,18,
474516,189144,18,
498730,183037,18,
473093,188791,18,
471328,176297,18,
510901,175806,18,
559809,162597,18,
499272,168413,18,
514981,172608,18,
511289,183247,18,
455460,153040,18,
519962,175210,18,
532549,172894,18,
516128,178722,18,
519113,194925,18,
502877,192740,18,
520782,134308,18,
574369,207483,18,
515494,188459,18,
486870,146947,18,
484395,107291,18,
504243,237336,18,
483776,213021,18,
536623,213083,18,
544539,180391,18,
502002,166223,18,
500801,185558,18,
525670,184762,18,
481841,209337,18,
494317,170837,18,
521153,242968,18,
473933,191767,18,
524502,248106,18,
487952,168607,18,
460133,173081,18,
453261,148432,18,
491792,214464,18,
497815,165151,18,
515348,184750,18,
598908,254032,-1,
558478,213316,18,
538228,168834,18,
464634,173867,18,
518675,175686,18,
533566,214619,18,
540196,180312,18,
500360,213540,18,
517882,175467,18,
549642,157506,18,
511368,173673,18,
506815,173387,18,
500192,192292,18,
533775,163036,18,
511484,160453,18,
489062,200329,18,
537514,179689,18,
551867,170425,18,
406184,394506,19,
417996,408162,19,
428667,451233,19,
425386,379634,19,
388202,405780,19,
370955,325071,19,
353749,391896,19,
398629,401626,19,
393402,401018,19,
465599,383470,19,
400257,404936,19,
444610,400247,19,
392046,391220,19,
410506,395586,19,
508805,429073,-1,
424782,449687,19,
384467,407359,19,
397399,403186,19,
449683,388863,19,
387756,435588,19,
451753,383440,19,
414448,429790,19,
394599,409068,19,
387330,409037,19,
402109,430185,19,
393825,453067,19,
412111,418466,19,
397213,377839,19,
361159,436327,19,
383075,447616,19,
383832,340506,19,
402227,414685,19,
411957,397796,19,
377408,395123,19,
417231,381303,19,
442915,420573,19,
415394,396940,19,
420792,430901,19,
397791,444527,19,
385804,393101,19,
384572,388523,19,
402069,434868,19,
414997,432597,19,
392919,405103,19,
396150,430329,19,
439145,407748,19,
401240,354085,19,
424228,442208,19,
336023,416862,19,
351352,362910,19,
413549,408517,19,
341775,425156,19,
424811,413300,19,
402677,412615,19,
419118,421655,19,
354601,358760,19,
410682,349328,19,
399020,404042,19,
392258,405478,19,
353941,399967,19,
411471,446824,19,
397158,370362,19,
431117,394746,19,
395246,392783,19,
400468,405703,19,
354094,424230,19,
352429,359750,19,
358830,431609,19,
387039,365758,19,
395013,387179,19,
400545,404212,19,
435067,403802,19,
394436,450912,19,
376444,371957,19,
433463,410297,19,
426625,475977,-1,
424241,452915,19,
396520,405610,19,
347638,429109,19,
374797,407601,19,
451670,388347,19,
373684,418326,19,
412615,403902,19,
392428,402295,19,
389868,410718,19,
383022,409854,19,
468350,395883,19,
373339,398565,19,
383878,376230,19,
434815,388041,19,
368864,411216,19,
321050,422497,19,
276794,384458,-1,
383197,409869,19,
381340,409680,19,
415521,368125,19,
404288,349685,19,
367922,415238,19,
422056,382193,19,
407334,445969,19,
373917,427628,19,
422261,374345,19,
392728,411341,19,
336585,420977,19,
401730,354294,19,
401854,402867,19,
401330,395538,19,
393903,387227,19,
399188,402459,19,
389510,370897,19,
399858,403574,19,
343651,438750,19,
388743,388465,19,
398246,406245,19,
400727,396769,19,
399077,403968,19,
402071,427626,19,
405902,394724,19,
383992,398245,19,
372230,412488,19,
418086,394699,19,
400305,466024,19,
380458,329635,19,
338347,337961,-1,
411171,426853,19,
392447,408539,19,
375233,399429,19,
385338,440797,19,
397764,406712,19,
414290,393146,19,
394846,407130,19,
402252,414628,19,
332913,385678,19,
396517,394572,19,
388479,343648,19,
405569,411933,19,
444816,409502,19,
393659,439272,19,
415222,434798,19,
396621,381952,19,
416893,347737,19,
398980,407667,19,
404273,429948,19,
397851,400846,19,
447192,359893,-1,
350428,392503,19,
451853,420873,19,
402566,415798,19,
362753,369848,19,
407188,396576,19,
380139,434251,19,
409167,449719,19,
405470,392374,19,
359036,365793,19,
398617,402424,19,
408714,391412,19,
382222,441817,19,
403751,385539,19,
400548,402390,19,
393828,404314,19,
373943,376926,19,
390182,360941,19,
391776,409868,19,
342501,336320,-1,
401923,417123,19,
342400,426090,19,
405325,407466,19,
369480,377148,19,
416110,374296,19,
401162,412142,19,
442931,430123,19,
478361,409520,19,
401313,405195,19,
357466,354094,19,
417617,414816,19,
417281,410881,19,
470047,410943,19,
378824,430343,19,
369227,397853,19,
397918,462032,19,
397331,407010,19,
427810,400178,19,
401708,409924,19,
426172,363147,19,
401411,414503,19,
409823,412908,19,
386068,422517,19,
398255,405428,19,
346358,384801,19,
397735,448097,19,
348847,425164,19,
394761,461494,19,
357253,388075,19,
402267,410395,19,
415233,441297,19,
404445,402466,19,
408224,399767,19,
369044,371649,19,
343119,382074,19,
416750,435776,19,
387103,401925,19,
368200,364844,19,
393758,439738,19,
418623,404382,19,
402660,406054,19,
427749,457110,19,
405356,391545,19,
432184,395118,19,
322936,368566,-1,
402710,424367,19,
456025,389630,19,
395450,407822,19,
377941,403683,19,
407576,434017,19,
348263,386451,19,
391966,387214,19,
392576,406460,19,
380236,460907,19,
398153,407081,19,
399942,385908,19,
398795,472619,19,
467535,416014,19,
377758,413906,19,
398724,404179,19,
396710,378698,19,
377588,402670,19,
408992,462226,19,
423371,373970,19,
412861,434751,19,
403160,392159,19,
395168,404189,19,
399346,423786,19,
409244,460295,19,
429515,393708,19,
370602,353215,19,
356739,417826,19,
408147,436628,19,
436362,379677,19,
399291,386712,19,
396081,396707,19,
419200,403389,19,
383855,390984,19,
370252,347498,19,
460198,402706,19,
418046,358461,19,
408500,393942,19,
397618,404912,19,
392660,395873,19,
406739,400918,19,
439048,403700,19,
392424,375266,19,
379128,418858,19,
391970,419802,19,
389279,424006,19,
468907,448885,-1,
410601,410653,19,
396556,406492,19,
417795,405673,19,
375971,427549,19,
414374,439977,19,
368363,409733,19,
402081,407514,19,
399753,404222,19,
424840,479570,-1,
381863,416651,19,
394606,401451,19,
389520,406500,19,
418140,415328,19,
387461,394402,19,
391384,413273,19,
391439,399819,19,
365223,422531,19,
407189,437102,19,
415933,422485,19,
402031,426039,19,
428513,456990,19,
382396,405483,19,
368166,429422,19,
418636,440000,19,
411674,402377,19,
424365,371987,19,
394159,411676,19,
371548,414612,19,
460628,434107,19,
399717,403257,19,
361875,448199,19,
393424,399084,19,
333682,401078,19,
377870,377550,19,
405117,364266,19,
452398,378671,19,
397889,398501,19,
424089,352640,19,
417494,392231,19,
402851,395579,19,
376493,366302,19,
460684,371809,19,
449571,387141,19,
405322,414743,19,
420489,448078,19,
377975,461076,19,
492551,434649,-1,
477323,384551,19,
359740,379592,19,
429653,438596,19,
361814,411086,19,
400660,404811,19,
410418,409414,19,
392162,355397,19,
376145,414107,19,
371464,328177,19,
379593,380662,19,
448231,384406,19,
404157,406324,19,
420616,401526,19,
398985,413427,19,
400538,407020,19,
391530,398743,19,
408182,408351,19,
435926,408504,19,
411090,435389,19,
398311,383357,19,
409291,431539,19,
399460,399410,19,
400473,408327,19,
399693,395271,19,
431437,436764,19,
312123,419763,-1,
411053,432808,19,
401616,404245,19,
364455,436191,19,
407833,402474,19,
367864,442851,19,
437870,375761,19,
308726,371721,-1,
418996,389541,19,
371498,393120,19,
407429,399155,19,
380749,403860,19,
399997,411205,19,
377215,418429,19,
380202,396671,19,
436034,385951,19,
395210,357805,19,
415136,446807,19,
315013,318367,-1,
372424,413163,19,
340966,420480,19,
354767,417464,19,
387165,404027,19,
854654,549222,5,
889260,541423,5,
870826,524625,5,
868025,569296,5,
861364,598127,5,
825141,535997,5,
906640,587296,5,
906396,535803,5,
887896,558572,5,
817776,525600,5,
844066,546029,5,
848976,558706,5,
897131,604582,5,
845120,549830,5,
872241,556733,5,
857818,534525,5,
794265,594573,5,
857126,548151,5,
842786,614034,20,
889975,589361,5,
841130,529745,5,
813561,583156,5,
855603,542414,5,
887556,531797,5,
837032,509264,5,
852037,649724,7,
793791,581315,5,
904450,533427,5,
879722,550246,5,
839088,528460,5,
869369,536868,5,
871873,509094,5,
900991,497149,5,
919544,541255,5,
860520,544023,5,
863042,557890,5,
889805,522039,5,
879031,489881,5,
852918,552112,5,
903840,586229,5,
932662,537069,5,
908506,549611,5,
867533,542290,5,
844617,499013,5,
862002,534006,5,
883981,607581,5,
864265,549505,5,
883062,547498,5,
860870,546516,5,
895565,501871,5,
843344,604964,20,
864059,545894,5,
830888,544022,5,
858819,544904,5,
853562,531620,5,
873791,606643,5,
859213,538040,5,
841843,503359,5,
842719,506205,5,
847904,574114,5,
863859,546898,5,
888919,535805,5,
855045,547633,5,
863102,545783,5,
829747,530312,5,
850607,565348,5,
810277,520837,5,
879104,595389,5,
840406,538772,5,
838367,536676,5,
837457,518745,5,
861519,531277,5,
816056,542574,5,
862534,547936,5,
808555,600511,5,
862571,550965,5,
832010,554080,5,
882403,534710,5,
840020,568424,5,
865030,541150,5,
846594,522941,5,
890223,556874,5,
873136,513309,5,
846622,553552,5,
905770,531812,5,
803216,577565,5,
914183,620056,5,
877510,555087,5,
861193,573954,5,
840994,578455,5,
875640,561262,5,
876782,536438,5,
849501,552769,5,
866973,550375,5,
906382,534459,5,
822722,553764,5,
861656,545794,5,
856991,546255,5,
865081,551012,5,
895680,609341,5,
867801,548156,5,
846324,557586,5,
840059,534876,5,
860473,545982,5,
937823,540173,-1,
886532,500026,5,
904133,534915,5,
880545,506175,5,
833499,504718,5,
854979,539793,5,
818739,545052,5,
825596,639465,7,
838036,542999,5,
846216,528037,5,
850790,525740,5,
864040,538985,5,
869818,543227,5,
879309,561548,5,
860563,534839,5,
846082,541026,5,
860151,543055,5,
847292,559228,5,
838239,576018,5,
837307,548214,5,
853093,586321,5,
884326,479802,5,
838978,622330,20,
842903,567914,5,
832490,450680,-1,
844948,563321,5,
859577,544625,5,
908409,591215,5,
819843,570485,5,
875625,599766,5,
887780,536497,5,
884613,507507,5,
849858,524682,5,
846741,539481,5,
870630,516603,5,
843111,581603,5,
869718,536928,5,
857648,511640,5,
881571,532467,5,
860230,528054,5,
861966,562885,5,
898736,548642,5,
961951,577029,-1,
866878,501919,5,
874791,559085,5,
874239,594786,5,
915504,527751,5,
758172,608152,-1,
859515,505303,5,
861033,507671,5,
837880,444574,-1,
827672,545966,5,
869960,562146,5,
858151,548242,5,
877440,529137,5,
821835,564313,5,
846371,578530,5,
829482,475863,-1,
860507,526669,5,
878696,530134,5,
837312,572687,5,
886773,509047,5,
879805,547494,5,
859679,541785,5,
910683,612854,5,
860863,546060,5,
874110,541972,5,
790149,565157,5,
873984,580836,5,
873742,448214,-1,
894785,440382,-1,
874312,574582,5,
879902,518647,5,
851462,526597,5,
839012,550376,5,
808097,502521,5,
879500,590791,5,
864721,548447,5,
866044,584750,5,
876151,582116,5,
819250,517655,5,
807278,566392,5,
872033,558924,5,
894268,532597,5,
846752,613846,20,
850478,566230,5,
849777,531138,5,
823584,568458,5,
823202,619103,20,
843715,568319,5,
861023,545953,5,
889743,560547,5,
862785,579661,5,
880833,537039,5,
854374,550707,5,
842616,515205,5,
860721,547751,5,
831024,505776,5,
829240,591428,5,
860384,555572,5,
853348,525893,5,
849118,571562,5,
856167,542249,5,
853874,560250,5,
838808,524944,5,
814561,575281,5,
773292,531652,-1,
891515,520429,5,
805884,549492,5,
833437,556713,5,
843432,490725,5,
791355,529644,-1,
865157,562132,5,
920249,551171,5,
808777,512952,5,
898916,630099,5,
863706,491401,5,
857231,551055,5,
877413,541536,5,
838821,563842,5,
854037,528890,5,
824475,518063,5,
857360,562228,5,
856437,532452,5,
862117,600081,5,
839280,539324,5,
885379,603686,5,
859185,553000,5,
865020,550686,5,
882007,593653,5,
861027,546004,5,
846772,509036,5,
844627,556401,5,
861069,548327,5,
854342,541611,5,
844086,531300,5,
923996,594948,5,
832154,559403,5,
803202,549001,5,
856619,544008,5,
897286,558004,5,
851216,516166,5,
858537,548576,5,
828001,524067,5,
849327,548496,5,
858278,544519,5,
793875,473793,-1,
766617,548142,-1,
847728,576707,5,
858418,546935,5,
816840,539239,5,
852687,540692,5,
861927,562723,5,
892382,513991,5,
811745,461099,-1,
800152,576217,5,
870139,566584,5,
859492,572224,5,
830226,483466,5,
850674,533083,5,
834632,541216,5,
899052,526048,5,
925485,596955,5,
893145,551400,5,
839493,521150,5,
883434,581923,5,
873380,495161,5,
765011,607246,-1,
898578,612291,5,
906772,510158,5,
858325,586062,5,
795909,462864,-1,
812634,554848,5,
846841,533595,5,
810817,509540,5,
826192,577784,5,
856552,545271,5,
848628,503773,5,
784291,581417,5,
890613,567037,5,
870936,575427,5,
851166,532382,5,
871544,592403,5,
870337,534303,5,
819580,545900,5,
912649,498734,5,
870214,556246,5,
853279,560714,5,
857319,543529,5,
878519,606677,5,
858057,542933,5,
860375,544804,5,
888111,525539,5,
892877,544283,5,
788776,582930,5,
875311,542259,5,
875248,462524,5,
835831,555864,5,
885828,586348,5,
916704,609548,5,
893991,544467,5,
866352,535933,5,
872247,494281,5,
832372,600070,5,
902302,514170,5,
877298,565604,5,
873636,510687,5,
854818,554389,5,
915666,506439,5,
905849,524809,5,
862062,545736,5,
871981,649086,7,
900829,590250,5,
859419,546754,5,
855983,534803,5,
916082,517633,5,
874877,535143,5,
885963,528959,5,
853439,518568,5,
855177,626376,20,
814249,488483,5,
857283,548467,5,
865489,548920,5,
913686,576892,5,
880275,564545,5,
861381,546835,5,
880958,588608,5,
868979,528502,5,
872237,555834,5,
861868,549168,5,
836951,546244,5,
836874,555991,5,
769546,554722,-1,
855074,542557,5,
868128,568529,5,
878859,540155,5,
852267,498220,5,
874125,543036,5,
846646,548548,5,
851517,541076,5,
806888,492319,5,
831779,577161,5,
860259,545444,5,
892423,530999,5,
838442,506780,5,
853291,557685,5,
730887,825972,-1,
645233,927201,21,
645563,819480,21,
573324,878802,23,
693699,822637,21,
649412,856993,21,
684558,878573,21,
656658,854609,21,
651506,856097,21,
618405,842859,21,
667280,765619,-1,
600996,890782,-1,
674463,862486,21,
676694,851597,21,
620685,880813,21,
716590,874975,21,
721401,951880,22,
657094,857640,21,
644693,867371,21,
633601,861482,21,
673646,857346,21,
657184,855509,21,
708244,871834,21,
659081,860560,21,
657811,885904,21,
642843,909185,21,
709303,897538,21,
610505,851476,21,
612648,772280,-1,
673196,812941,21,
673267,883727,21,
694451,863981,21,
678869,902492,21,
690018,819280,21,
677983,890077,21,
639997,865965,21,
709254,847444,21,
679799,858680,21,
664355,831472,21,
659166,861665,21,
692386,863386,21,
688076,833905,21,
680506,840053,21,
641840,886745,21,
673292,857105,21,
622212,860015,21,
736557,897961,21,
668234,886696,21,
675013,876331,21,
675902,853961,21,
695092,820091,21,
730287,897070,21,
691716,873426,21,
722404,952207,22,
678606,878004,21,
664156,846474,21,
688118,911574,21,
674492,861230,21,
675382,836312,21,
664639,925795,21,
626334,852383,21,
669690,842110,21,
653177,819935,21,
674265,861435,21,
677404,883871,21,
672212,860894,21,
715956,900724,21,
674236,877152,21,
679818,860064,21,
578509,923881,-1,
680381,823757,21,
720629,816515,-1,
640210,902029,21,
671772,860357,21,
618009,867493,21,
672628,882986,21,
680261,863401,21,
682100,853708,21,
681049,846975,21,
668567,856554,21,
656957,871011,21,
662293,872590,21,
673953,835926,21,
718544,888401,21,
648590,917839,21,
699124,824089,21,
668367,855686,21,
675866,868784,21,
700098,894685,21,
683156,877209,21,
661357,801817,21,
789095,895634,-1,
673332,857517,21,
627452,835854,21,
672059,860501,21,
665048,854911,21,
683580,872374,21,
668839,882598,21,
682510,905902,21,
671235,856653,21,
680228,843225,21,
662249,918050,21,
674961,865594,21,
679211,886670,21,
676220,858214,21,
567861,856582,23,
668228,858122,21,
682241,850176,21,
712262,856869,21,
671325,856592,21,
680592,858526,21,
683098,847245,21,
646816,829778,21,
675633,863416,21,
677551,860007,21,
683656,842406,21,
678195,860537,21,
700747,821557,21,
679054,898217,21,
676360,866112,21,
665308,868551,21,
665775,845662,21,
660459,860658,21,
670119,859029,21,
672068,874862,21,
644301,925034,21,
704574,866263,21,
665660,828338,21,
680579,836946,21,
682053,853410,21,
672544,859978,21,
713088,880834,21,
680969,838864,21,
674151,853540,21,
664903,839150,21,
641902,755287,-1,
683610,910782,21,
676962,897430,21,
594720,848457,21,
658748,777680,-1,
700341,869730,21,
640432,837036,21,
668519,860048,21,
672668,861428,21,
638004,837697,21,
673071,856021,21,
668772,858570,21,
636871,929410,21,
599612,859210,21,
739318,810528,-1,
654937,781879,-1,
663095,949045,-1,
658734,883214,21,
647968,877873,21,
682699,851115,21,
684739,884934,21,
667620,855461,21,
616281,845406,21,
697161,840318,21,
679237,862389,21,
664260,859029,21,
674121,858589,21,
700962,927047,-1,
723397,859761,21,
648230,857418,21,
677896,867053,21,
680828,839011,21,
680757,826912,21,
673826,880137,21,
694897,834591,21,
683585,905984,21,
671609,815681,21,
669748,863109,21,
674659,860894,21,
659734,844127,21,
656156,868643,21,
653258,860766,21,
684131,898331,21,
666516,859837,21,
655237,871554,21,
653592,959882,-1,
659280,845579,21,
646422,900526,21,
627580,840406,21,
604546,847329,21,
631316,837043,21,
705518,925936,-1,
662898,884734,21,
718088,852181,21,
666315,872311,21,
710082,881600,21,
674433,860605,21,
685821,816579,21,
678856,850293,21,
669427,846395,21,
687043,806921,21,
657981,866945,21,
676480,860779,21,
704065,832648,21,
669178,866011,21,
693783,860206,21,
683027,876064,21,
670957,810768,21,
674134,908464,21,
637665,858741,21,
664325,877878,21,
664025,801796,21,
672800,874378,21,
685124,873363,21,
674496,870664,21,
684602,823981,21,
677769,841641,21,
651576,865180,21,
650720,817440,21,
674472,860330,21,
673028,860593,21,
683413,861559,21,
669638,842011,21,
674365,860819,21,
687360,862438,21,
662684,813662,21,
673242,886958,21,
674311,859933,21,
595580,798572,-1,
636769,854047,21,
685551,798742,21,
663945,828490,21,
717187,883275,21,
706906,885612,21,
675988,841317,21,
671976,864630,21,
669366,869654,21,
651216,815098,21,
676767,832479,21,
657879,857942,21,
665828,868934,21,
674905,876286,21,
640000,863831,21,
672818,881943,21,
634800,823669,21,
658590,886551,21,
639463,847461,21,
625416,868848,21,
672266,862875,21,
723173,872525,21,
688098,908495,21,
673410,863889,21,
679788,889464,21,
615826,863168,21,
598671,854219,21,
753254,840123,-1,
669430,905798,21,
726847,875488,21,
648443,845340,21,
674114,970756,-1,
675551,956849,-1,
677459,896720,21,
634004,895206,21,
653745,809028,21,
682420,846881,21,
666636,858686,21,
682481,879399,21,
656834,885944,21,
718257,857481,21,
672598,856928,21,
693997,774817,21,
612392,916853,-1,
671444,860206,21,
671404,857240,21,
689628,868984,21,
704570,845515,21,
652233,886054,21,
705929,851313,21,
682315,843851,21,
667131,849230,21,
707894,904500,21,
649345,864613,21,
629998,877765,21,
659542,840985,21,
621278,888326,21,
682304,876841,21,
679747,860939,21,
663049,843538,21,
672876,844123,21,
689948,850548,21,
696257,894819,21,
629377,853726,21,
658034,897179,21,
696808,866039,21,
699668,863774,21,
669697,859388,21,
606506,766728,-1,
672474,868765,21,
697011,856357,21,
708262,945359,22,
653181,886417,21,
674521,861127,21,
729194,856897,21,
663168,859429,21,
644843,838626,21,
672797,843231,21,
680677,868629,21,
614497,830844,21,
646671,857872,21,
679242,853941,21,
665697,929571,21,
749941,916922,-1,
602365,916673,-1,
684537,843821,21,
694308,904062,21,
731712,878998,21,
667713,847241,21,
730383,879136,21,
689363,817577,21,
728743,850843,21,
683941,915579,21,
722463,882675,21,
670519,870010,21,
683252,858182,21,
669288,860515,21,
675357,870850,21,
673449,860643,21,
687325,883004,21,
603472,894573,-1,
669713,851017,21,
693362,837786,21,
605535,925341,-1,
687078,791051,21,
672387,800443,21,
683048,937776,-1,
713579,879202,21,
571669,873544,23,
695260,824882,21,
702654,841548,21,
601619,825604,21,
564416,878492,23,
703773,870419,21,
674931,870112,21,
673140,864863,21,
681053,892766,21,
683321,873932,21,
701017,931252,22,
645677,814395,21,
677362,853471,21,
659046,930099,21,
665426,853940,21,
691827,863963,21,
650661,861267,21,
599647,858702,21,
684091,842566,21,
