664159,550946,1,
665845,557965,1,
597173,575538,1,
618600,551446,1,
635690,608046,1,
588100,557588,1,
582015,546191,1,
604678,574577,1,
572029,518313,1,
604737,574591,1,
577728,587566,1,
602013,574722,1,
627968,574625,1,
607269,536961,1,
603145,574795,1,
671919,571761,1,
612184,570393,1,
600032,575310,1,
627912,593892,1,
601967,604428,1,
591851,569051,1,
601444,572693,1,
629718,558104,1,
661430,603567,1,
597551,556737,1,
601182,582584,1,
562704,570596,1,
605107,563429,1,
607214,575069,1,
568824,570203,1,
612485,518009,1,
589244,573777,1,
625579,551084,1,
560237,500154,-1,
626224,569687,1,
610666,551701,1,
597428,569940,1,
600582,599535,1,
604168,555003,1,
613871,550423,1,
617310,551945,1,
625728,579460,1,
606300,566708,1,
638559,558807,1,
582176,630383,1,
544056,577786,1,
631297,578351,1,
561574,621747,-1,
604973,574773,1,
605284,556134,1,
617910,592293,1,
555904,640401,-1,
526559,509417,-1,
603849,572396,1,
598634,619900,1,
603359,589262,1,
657455,567754,1,
614279,599251,1,
578496,631434,1,
645171,595209,1,
688015,533535,-1,
656477,573007,1,
540029,563888,1,
597418,538362,1,
613545,574733,1,
628696,542447,1,
604157,574191,1,
603126,497987,1,
605850,533310,1,
596179,529556,1,
610330,552628,1,
598184,531473,1,
620438,511694,1,
600202,622079,1,
603021,577991,1,
515612,540643,1,
606548,574376,1,
593490,623110,1,
607084,595500,1,
583728,563146,1,
616044,533807,1,
624452,584622,1,
604438,574666,1,
625709,660145,-1,
601376,579831,1,
565148,557305,1,
639418,537903,1,
612799,537497,1,
583653,652182,1,
599808,596484,1,
605250,573272,1,
606738,601356,1,
611044,571814,1,
575440,568511,1,
616329,529516,1,
605927,572533,1,
609286,586782,1,
647354,579190,1,
606929,571420,1,
562920,559223,1,
680357,620811,-1,
707100,601463,-1,
604294,574368,1,
614917,600946,1,
611508,503220,1,
603789,574474,1,
551740,588768,1,
546031,570429,1,
569197,559307,1,
688712,568754,-1,
604067,574091,1,
606809,572101,1,
588597,622592,1,
613840,534167,1,
576263,547239,1,
597077,568196,1,
601339,571609,1,
606011,569426,1,
593398,559764,1,
593166,622725,1,
609796,532982,1,
712648,607541,-1,
585048,505097,-1,
525967,565687,1,
660327,585901,1,
607604,573951,1,
604001,573587,1,
591484,571087,1,
613868,585089,1,
645464,660478,-1,
538571,654649,-1,
555429,604551,-1,
597620,586226,1,
586097,567445,1,
545235,539822,-1,
649088,575733,1,
599123,616977,1,
563763,559454,1,
617717,613939,1,
618869,577243,1,
567188,560044,1,
636628,533309,1,
560362,567914,1,
595014,632844,1,
605876,550640,1,
604352,573425,1,
600679,599545,1,
596891,579476,1,
614943,540976,1,
604415,571400,1,
603698,573585,1,
658199,568743,1,
598759,582942,1,
671269,590258,1,
593317,534085,1,
657985,453405,2,
608557,590278,1,
623004,508050,1,
601900,569391,1,
641031,593074,1,
589658,640498,1,
567565,573952,1,
559078,570088,1,
639431,588155,1,
566609,537592,1,
568570,579335,1,
660650,615038,-1,
667639,571164,1,
596796,529933,1,
606111,617846,1,
616060,590779,1,
602873,527864,1,
571334,594145,1,
602167,543919,1,
605100,573307,1,
546640,560043,1,
585195,555011,1,
651740,589474,1,
589112,536573,1,
582057,543124,1,
690968,555952,-1,
609030,552436,1,
632125,541413,1,
603445,630598,1,
628264,616214,1,
577242,574073,1,
604090,574392,1,
607911,576556,1,
600665,638890,1,
600117,539079,1,
631182,565466,1,
695646,652231,-1,
619445,567491,1,
613191,571942,1,
567428,580005,1,
590583,623314,1,
606289,670243,-1,
585175,574133,1,
634967,579020,1,
614615,574437,1,
593061,579188,1,
606933,576409,1,
606587,573873,1,
594084,629464,1,
683697,581516,1,
601530,577183,1,
603055,589818,1,
616561,619007,1,
607463,477085,-1,
611581,572630,1,
579712,568354,1,
602887,595245,1,
600039,557139,1,
605913,579526,1,
579773,568698,1,
606324,544357,1,
605958,573728,1,
606144,575076,1,
667472,570571,1,
580048,565009,1,
597802,576113,1,
610263,574422,1,
603855,575180,1,
624369,532153,1,
599870,591110,1,
577167,617095,1,
658403,611332,-1,
563460,480559,-1,
610980,522819,1,
569422,567790,1,
627727,578737,1,
592804,584539,1,
540783,626497,-1,
591823,639096,1,
637323,549567,1,
638078,629421,-1,
611315,560757,1,
647103,573853,1,
522993,595581,-1,
601187,531825,1,
533799,564377,1,
649034,528813,1,
620975,564344,1,
622407,583192,1,
597026,642918,1,
551291,576721,1,
608768,610525,1,
697959,614701,-1,
658281,582264,1,
546632,599204,1,
672565,564468,1,
636500,587401,1,
696144,548705,-1,
533551,582247,1,
526802,551524,1,
553038,606418,-1,
696601,603624,-1,
588964,597435,1,
716139,621721,-1,
608529,586311,1,
557378,567033,1,
589994,610890,1,
589344,563119,1,
624415,515911,1,
565483,551512,1,
584895,574666,1,
582777,542670,1,
639394,576728,1,
608298,573748,1,
663578,586265,1,
628080,562986,1,
597421,554767,1,
595193,576508,1,
658103,572250,1,
659529,498474,-1,
606415,581386,1,
641976,577433,1,
587466,564953,1,
589180,595099,1,
601885,573083,1,
580561,528916,1,
621726,578003,1,
558817,576255,1,
620213,574468,1,
594010,570095,1,
541976,512639,-1,
593840,578685,1,
602667,575857,1,
631446,561156,1,
596481,567449,1,
611318,581584,1,
568546,564911,1,
593865,572987,1,
597017,575588,1,
578804,573582,1,
673750,594081,1,
592714,553958,1,
594029,586701,1,
668502,563937,1,
629533,537542,1,
801539,318482,3,
801667,318542,3,
814045,332998,3,
800479,321640,3,
757470,224976,-1,
844536,424646,-1,
797105,316002,3,
779956,271501,3,
797205,313318,3,
801323,316240,3,
783666,262902,3,
806131,312752,3,
830658,368694,3,
802482,335269,3,
801910,325434,3,
808062,337340,3,
789833,304422,3,
803603,327255,3,
800865,312968,3,
802237,318526,3,
803959,315173,3,
800123,312312,3,
780927,285057,3,
797242,324588,3,
801551,320544,3,
809182,319115,3,
801931,317202,3,
870801,476330,4,
820327,352701,3,
801093,317509,3,
798523,324500,3,
805237,318655,3,
803375,311620,3,
801441,323812,3,
797313,317527,3,
788220,301915,3,
790395,300024,3,
817135,349925,3,
797787,301470,3,
804630,332333,3,
808710,330379,3,
802111,320817,3,
796375,309563,3,
819768,346596,3,
814605,354382,3,
800565,319364,3,
802089,313456,3,
814401,341234,3,
796609,319691,3,
776131,248465,3,
803464,329093,3,
802646,317894,3,
809550,327365,3,
795322,311178,3,
830450,393096,3,
778414,260729,3,
800041,318331,3,
802814,320130,3,
802738,312234,3,
823913,369439,3,
803386,318982,3,
812869,346251,3,
798904,324420,3,
800447,331643,3,
807446,342555,3,
804251,329956,3,
797594,302109,3,
803448,314797,3,
765502,240340,3,
795527,315510,3,
794640,313497,3,
808717,335740,3,
790932,305223,3,
816852,352965,3,
826228,376658,3,
795299,312036,3,
808686,332209,3,
809594,344872,3,
799275,324108,3,
878184,487392,4,
798472,322218,3,
824822,367091,3,
746769,205186,-1,
756701,207223,-1,
795489,287279,3,
800483,320713,3,
783491,288029,3,
797162,306135,3,
800272,316170,3,
806827,324616,3,
802853,314938,3,
800804,316615,3,
813173,354777,3,
801588,319814,3,
797400,315778,3,
823840,368410,3,
811391,343836,3,
801055,321833,3,
804038,306622,3,
803780,334441,3,
834173,386159,3,
802784,313853,3,
807293,347456,3,
817119,336333,3,
786635,269352,3,
824624,381716,3,
797415,319840,3,
800772,325023,3,
806626,318966,3,
800845,311838,3,
769386,259892,3,
797272,324228,3,
807409,325526,3,
795836,291870,3,
798321,319665,3,
805372,313397,3,
790738,308028,3,
800667,315995,3,
795205,316433,3,
809054,345541,3,
808452,320117,3,
779897,279572,3,
782642,275308,3,
797569,321799,3,
801751,318110,3,
787644,297715,3,
807401,314610,3,
800677,310656,3,
800394,301473,3,
795571,310093,3,
814158,335578,3,
811913,325091,3,
806982,316680,3,
775604,274485,3,
800133,327081,3,
806511,313841,3,
803796,314893,3,
802012,318315,3,
826789,377676,3,
814108,344096,3,
804354,309671,3,
807017,330432,3,
803774,334756,3,
817410,346944,3,
841928,398948,3,
816145,349032,3,
818622,370753,3,
786245,292352,3,
784164,285702,3,
805390,319676,3,
790774,303642,3,
803277,319525,3,
833182,379714,3,
773023,251826,3,
801609,320399,3,
778965,282290,3,
814317,333112,3,
805080,323708,3,
801080,318049,3,
799724,318884,3,
798059,316113,3,
806176,320301,3,
769876,257669,3,
825716,373098,3,
791983,298565,3,
801386,313545,3,
804871,317801,3,
810903,332925,3,
838276,395673,3,
810543,341180,3,
777978,252419,3,
820258,351165,3,
801997,319385,3,
779437,281959,3,
810253,323873,3,
794826,309589,3,
814280,344223,3,
832651,373469,3,
794142,306704,3,
802041,319504,3,
804190,320706,3,
798983,325682,3,
840462,402858,3,
799912,323363,3,
804119,328544,3,
804358,320802,3,
803057,331037,3,
803031,325811,3,
784151,283760,3,
800444,311497,3,
802004,317772,3,
803470,319069,3,
811277,335577,3,
803332,315488,3,
800037,317963,3,
813436,360446,3,
800694,316789,3,
838129,404012,3,
764997,249477,3,
800316,311699,3,
806848,320541,3,
805462,317833,3,
798308,312788,3,
802655,316263,3,
801456,320080,3,
801309,318213,3,
840886,397888,3,
829529,375007,3,
830805,370801,3,
804979,334141,3,
804013,316083,3,
808489,317021,3,
770113,241615,3,
804332,319006,3,
833661,389733,3,
797834,297329,3,
794956,309980,3,
801232,307078,3,
809552,342258,3,
794615,305632,3,
809259,345634,3,
811502,355939,3,
801301,316893,3,
803370,318247,3,
804702,315881,3,
797009,293194,3,
813791,334609,3,
812965,330224,3,
826048,374236,3,
800959,322309,3,
803405,317316,3,
802254,320673,3,
783116,265635,3,
798633,317300,3,
801482,327644,3,
798612,326404,3,
799001,302014,3,
802537,312497,3,
799794,315080,3,
793892,313943,3,
804691,332987,3,
793855,298525,3,
796952,318633,3,
800655,320227,3,
801780,318992,3,
805977,320805,3,
796916,323332,3,
820904,351763,3,
808405,318841,3,
765283,249459,3,
824212,363776,3,
798981,311092,3,
797178,310439,3,
800582,316980,3,
803839,310353,3,
796283,315582,3,
801145,317601,3,
801662,318423,3,
801782,318281,3,
803377,319212,3,
803932,318781,3,
806192,337849,3,
789583,287700,3,
801586,318947,3,
804251,331304,3,
799667,316830,3,
759789,229116,3,
799021,326404,3,
793684,312065,3,
806320,315242,3,
786234,267976,3,
821151,366545,3,
801903,312794,3,
782506,279930,3,
803627,319323,3,
794991,291216,3,
794667,315069,3,
799291,317500,3,
798243,324160,3,
804408,337683,3,
818119,348676,3,
810502,336169,3,
793560,285392,3,
801326,315779,3,
808644,326320,3,
813645,328765,3,
800966,317165,3,
797111,302781,3,
802431,322048,3,
811061,333595,3,
786719,283364,3,
773955,239849,3,
803701,321815,3,
783110,289805,3,
800235,316652,3,
807421,317527,3,
797947,319734,3,
805035,317469,3,
801166,322298,3,
846693,429031,-1,
801493,322249,3,
806087,326636,3,
810657,329468,3,
801313,300606,3,
800390,309948,3,
801634,318965,3,
799197,314215,3,
795254,296488,3,
807696,320548,3,
800461,326821,3,
801174,320442,3,
809781,326904,3,
826585,366934,3,
804429,312164,3,
788005,292268,3,
801183,316191,3,
378274,816341,5,
406233,813072,5,
401478,785370,5,
448651,847994,5,
434440,822866,5,
369199,734895,5,
413241,771595,5,
369418,733394,5,
378563,789670,5,
424190,780052,5,
415993,776671,5,
421352,799127,5,
432656,783776,5,
383032,788008,5,
414377,771258,5,
425260,773661,5,
469139,810971,5,
442979,803024,5,
347079,803582,5,
412797,803180,5,
352874,807952,5,
442286,755194,5,
416433,786159,5,
419700,793447,5,
422961,821595,5,
400008,789447,5,
429586,775621,5,
457561,788245,5,
415417,785827,5,
389552,750700,5,
415598,786499,5,
443447,783977,5,
404792,749210,5,
389392,730768,5,
473485,847098,-1,
491614,778997,5,
437483,785130,5,
452570,848127,5,
417197,778243,5,
405986,787439,5,
437568,794323,5,
420319,794333,5,
418963,746595,5,
469422,822619,5,
397688,762902,5,
418149,790096,5,
407289,798870,5,
360319,778673,5,
473799,795167,5,
445199,763833,5,
446537,828924,5,
410019,732704,5,
396540,815936,5,
407694,718592,5,
417091,792545,5,
442260,754050,5,
411526,784658,5,
407814,765816,5,
394022,803914,5,
481133,781413,5,
396118,794614,5,
458538,786673,5,
419721,789724,5,
424476,781552,5,
377720,727349,5,
448336,789445,5,
412227,787450,5,
408745,824896,5,
417016,774869,5,
395274,786698,5,
412541,806622,5,
412109,735920,5,
407023,787385,5,
376660,815936,5,
396548,784388,5,
508535,830710,-1,
414014,816460,5,
440782,782395,5,
436951,814456,5,
393758,750953,5,
418410,795929,5,
425991,787029,5,
414562,787355,5,
408712,803987,5,
377858,811790,5,
417169,792321,5,
460371,780609,5,
388873,746909,5,
395641,808571,5,
386436,791388,5,
440667,768761,5,
438437,730300,5,
370839,727884,5,
422917,781112,5,
391555,789079,5,
402666,814060,5,
474368,812039,5,
406176,760860,5,
463768,793154,5,
446307,796523,5,
402309,786873,5,
413946,786971,5,
425053,790566,5,
416926,785113,5,
424023,737453,5,
417447,782955,5,
415672,787824,5,
416019,787562,5,
417515,787648,5,
459230,803720,5,
447833,819282,5,
418199,851439,5,
417393,771537,5,
441415,780207,5,
399634,751940,5,
373360,784232,5,
419227,779215,5,
434717,808225,5,
397669,792218,5,
412028,773494,5,
407504,803363,5,
365147,790525,5,
459328,805961,5,
429472,860855,5,
480128,785580,5,
344915,702496,-1,
410969,770451,5,
407460,791404,5,
420476,750495,5,
397747,792207,5,
408428,771823,5,
397806,749559,5,
426040,825049,5,
407565,766203,5,
414317,828815,5,
410610,765111,5,
412388,784064,5,
406337,750353,5,
422419,754048,5,
416039,730594,5,
414512,793966,5,
398478,822297,5,
424375,721868,5,
403890,792420,5,
400902,772920,5,
402367,782997,5,
472917,830363,5,
418621,840463,5,
329002,727685,-1,
418618,811618,5,
425356,745471,5,
470922,770669,5,
400598,790903,5,
412851,774986,5,
492415,829655,-1,
400079,749617,5,
417673,785965,5,
424720,768456,5,
386415,801444,5,
426689,788562,5,
430747,776261,5,
405714,781619,5,
429220,787348,5,
427850,762201,5,
434080,785264,5,
473514,788780,5,
412386,777312,5,
430686,844506,5,
409142,811927,5,
422198,724557,5,
392185,713763,-1,
412677,786951,5,
399149,784376,5,
382693,749680,5,
527515,831478,-1,
448519,805219,5,
430779,770145,5,
413556,758080,5,
392140,769924,5,
416855,794023,5,
389713,772742,5,
398498,776720,5,
473727,807244,5,
389410,788256,5,
377230,790154,5,
415564,784464,5,
456799,844976,5,
444336,820061,5,
404359,783919,5,
453154,776082,5,
425019,759577,5,
415895,775793,5,
420083,787815,5,
506612,858859,-1,
436648,859634,-1,
403522,785432,5,
401407,759648,5,
403852,792473,5,
367398,701756,-1,
412453,784453,5,
382124,786262,5,
416884,786845,5,
448865,836781,5,
383821,808301,5,
414249,796590,5,
457338,789952,5,
396276,785999,5,
390282,789593,5,
409417,758123,5,
397561,815245,5,
397137,742547,5,
402891,801910,5,
385257,791581,5,
409628,833942,5,
369249,797068,5,
460942,779073,5,
423146,737571,5,
420509,788730,5,
422736,790806,5,
401492,790336,5,
394018,799506,5,
385140,796221,5,
430243,781020,5,
416775,806826,5,
425796,795608,5,
411488,837715,5,
433989,765343,5,
415806,783594,5,
417023,771194,5,
415270,775605,5,
391163,811977,5,
405350,762342,5,
414860,773921,5,
371779,814715,5,
415631,805010,5,
387951,813315,5,
472691,802678,5,
471930,844046,5,
432892,815223,5,
366654,802105,5,
411721,717873,5,
426115,814461,5,
375997,806621,5,
385561,718324,5,
375573,809249,5,
437958,784801,5,
363857,784086,5,
430138,818594,5,
435085,791564,5,
414036,742189,5,
425611,793420,5,
439793,740773,5,
467107,817914,5,
387631,749416,5,
430001,765803,5,
384225,784381,5,
417146,822655,5,
427371,819417,5,
399587,792459,5,
474648,778810,5,
345692,788190,5,
409515,756149,5,
469782,780552,5,
468229,827985,5,
414951,852935,5,
409701,750741,5,
442826,795974,5,
459556,818479,5,
423311,813081,5,
476144,772131,5,
391976,789416,5,
448649,813885,5,
496658,816784,5,
410336,767856,5,
430167,811490,5,
357467,797530,5,
404220,785798,5,
446368,763341,5,
439514,758221,5,
424145,743433,5,
470062,771204,5,
421187,779726,5,
396617,801039,5,
394708,739061,5,
394912,755947,5,
425950,788228,5,
408283,806161,5,
419520,778231,5,
441950,785934,5,
409814,836083,5,
395817,788858,5,
422776,808328,5,
363959,810632,5,
422943,804253,5,
407626,771304,5,
347933,797148,5,
457554,795861,5,
394274,837428,5,
445674,768552,5,
416359,786189,5,
419485,804779,5,
376176,795539,5,
349378,805118,5,
456566,743012,-1,
484407,809641,5,
403329,717870,5,
392795,817694,5,
372621,772258,5,
461751,817277,5,
489182,773934,5,
427388,815258,5,
418155,819422,5,
437035,755506,5,
416444,783624,5,
777811,751059,6,
823974,725025,6,
749723,781756,7,
875160,698897,6,
828194,742074,6,
800913,749332,6,
831165,783383,6,
793019,764859,6,
810467,706465,6,
803540,754792,6,
844662,654835,6,
803962,731228,6,
823065,733789,6,
822156,732296,6,
811389,723618,6,
779936,774397,6,
854769,713941,6,
803457,735855,6,
790712,745884,6,
815652,733433,6,
841289,701474,6,
832054,751330,6,
786032,701427,6,
824835,704997,6,
832886,781206,6,
818063,797960,6,
857620,709386,6,
828589,652430,6,
836727,737798,6,
776000,780347,6,
824098,714042,6,
830583,710990,6,
862189,735684,6,
815131,704478,6,
828478,655405,6,
784838,771499,6,
880362,706363,6,
767482,727417,6,
825070,734215,6,
813781,738344,6,
840863,737972,6,
840943,739611,6,
828276,762021,6,
822883,728314,6,
854886,769396,6,
829623,732301,6,
835428,731189,6,
818338,800932,6,
823417,701523,6,
812152,689907,6,
829969,699565,6,
861563,661642,6,
816955,747629,6,
774526,757135,6,
803577,712231,6,
798056,714380,6,
881789,727577,6,
858867,700187,6,
834996,728517,6,
839121,736259,6,
841045,738224,6,
840100,728839,6,
874544,686096,6,
862334,747768,6,
820253,714625,6,
817862,732248,6,
844729,682981,6,
846484,719360,6,
793669,724513,6,
821906,732848,6,
826465,646980,6,
820350,748217,6,
814540,707227,6,
838223,766380,6,
869471,745767,6,
816054,733183,6,
801177,737548,6,
848783,748980,6,
814105,723255,6,
838036,749612,6,
840270,725456,6,
789601,714058,6,
827169,708345,6,
789448,738035,6,
835030,668528,6,
848151,741869,6,
816091,747764,6,
801511,761094,6,
822670,689090,6,
873672,734440,6,
808153,737136,6,
755829,751858,-1,
814697,729209,6,
832758,707452,6,
848264,762550,6,
799903,784535,-1,
802674,727804,6,
828147,808738,6,
820707,705318,6,
824594,741664,6,
804474,747122,6,
823108,733302,6,
839514,728923,6,
827711,732798,6,
851644,721350,6,
816390,711340,6,
798007,723995,6,
790612,738038,6,
821909,728448,6,
865754,723314,6,
735295,814058,-1,
877711,703850,6,
792990,685472,6,
809917,762429,6,
789388,712210,6,
879221,655497,-1,
876935,684572,6,
819439,735945,6,
807929,730950,6,
850451,764015,6,
811748,766105,6,
824765,761114,6,
848586,789052,6,
812231,739235,6,
873532,712802,6,
842590,716861,6,
832798,734777,6,
817640,730018,6,
824322,744720,6,
777697,798253,-1,
868493,677155,6,
805658,698630,6,
840349,790707,6,
796953,726378,6,
832589,782799,6,
817441,709397,6,
856029,730586,6,
805089,762512,6,
854628,773470,6,
846090,651306,6,
796943,674692,6,
827192,785316,6,
818209,719382,6,
795200,786424,-1,
817777,724927,6,
846512,683647,-1,
825080,746712,6,
824674,806300,6,
822616,735941,6,
805391,732659,6,
823250,732088,6,
850376,739749,6,
821337,733356,6,
796786,724615,6,
862425,741010,6,
825690,703854,6,
800872,672603,6,
825395,715780,6,
843911,730036,6,
820238,732928,6,
848570,703697,6,
825515,738284,6,
820367,732364,6,
822025,749214,6,
837718,761480,6,
871723,685520,6,
850904,720163,6,
816775,739989,6,
822103,732911,6,
815455,755486,6,
835648,756631,6,
868626,737331,6,
825997,730652,6,
817252,730254,6,
877906,722361,6,
808440,729985,6,
791470,751113,6,
841654,764836,6,
825429,732758,6,
751215,828365,-1,
804706,788001,-1,
820194,734233,6,
869991,705259,6,
809779,663654,6,
822078,711840,6,
866139,717138,6,
829379,718721,6,
837582,763266,6,
783999,732487,6,
800231,732106,6,
862569,719773,6,
838764,652792,6,
849343,713993,6,
828297,715480,6,
821259,750089,6,
874643,729921,6,
819058,729125,6,
817018,729596,6,
797804,715342,6,
838515,768484,6,
829398,724900,6,
754841,796342,7,
878690,739021,6,
821908,732077,6,
786495,759000,6,
823987,687499,6,
787988,741203,6,
839339,726322,6,
822425,727248,6,
854412,725575,6,
788351,737539,6,
838587,700545,6,
840425,762290,6,
817395,734126,6,
807913,737341,6,
872285,750708,6,
788166,702817,6,
836225,709204,6,
822293,786837,6,
888892,702505,6,
822623,745025,6,
795124,696429,6,
832238,725434,6,
815593,689874,6,
843572,784897,6,
833716,758772,6,
822474,780882,6,
801102,759330,6,
841752,731595,6,
808779,732990,6,
822533,758955,6,
817807,715863,6,
837977,728814,6,
801204,755177,6,
819628,810748,6,
814732,734183,6,
832086,716249,6,
876503,659112,-1,
823856,749355,6,
819737,737829,6,
818756,743887,6,
811971,664520,6,
801526,705057,6,
827031,734324,6,
843891,721571,6,
810460,735109,6,
782368,759352,6,
801172,715857,6,
866928,716961,6,
829673,730398,6,
850888,736810,6,
786935,732999,6,
769656,721159,6,
804925,735492,6,
870054,738900,6,
818932,728481,6,
853692,746285,6,
807072,687932,6,
750459,800215,7,
823959,737866,6,
835804,710711,6,
790206,747165,6,
813092,739043,6,
801810,728106,6,
825404,733788,6,
820947,730529,6,
827081,694553,6,
822664,720677,6,
768565,762193,6,
823113,733720,6,
821079,800206,6,
828531,731300,6,
820757,738235,6,
781260,737962,6,
819438,662327,6,
833504,744564,6,
789552,731946,6,
822843,763117,6,
775555,719683,6,
865084,713697,6,
820455,729132,6,
849547,738979,6,
762269,792243,7,
821464,700760,6,
824013,753991,6,
803369,698753,6,
823589,728083,6,
796353,710294,6,
820083,728310,6,
829133,735488,6,
823455,747394,6,
818542,740451,6,
809623,734937,6,
841762,777572,6,
802184,751958,6,
803874,675499,6,
830065,739162,6,
824140,729074,6,
852730,769968,6,
866760,753547,6,
811031,703822,6,
825414,734466,6,
816615,770855,6,
786227,765634,6,
817269,733788,6,
809453,736879,6,
757421,774445,-1,
818251,731938,6,
788020,765562,6,
823618,734216,6,
812295,728049,6,
837545,696979,6,
797918,694723,6,
822224,742716,6,
821895,732158,6,
797233,713358,6,
800258,733812,6,
813319,737376,6,
860951,162251,8,
860387,157731,8,
857363,154639,8,
863391,126214,8,
839094,159543,8,
849248,164090,8,
875990,133950,8,
905936,150106,8,
895835,123485,8,
818079,108536,8,
898976,198452,8,
869087,153957,8,
849653,143827,8,
834293,161575,8,
844234,153197,8,
835128,212354,8,
828179,155649,8,
875410,128878,8,
850965,156224,8,
800816,176612,8,
832621,150748,8,
876863,176593,8,
826192,172906,8,
862679,188399,8,
839974,154358,8,
854338,135067,8,
855233,141357,8,
850538,160159,8,
868442,160118,8,
888714,205560,8,
864185,161232,8,
851280,156049,8,
875825,204959,8,
840375,155757,8,
892340,149050,8,
873527,126426,8,
836433,200181,8,
826499,142732,8,
854922,159650,8,
883537,210648,8,
807420,168787,8,
840299,118907,8,
834602,213597,8,
864053,139325,8,
856454,117143,8,
857972,160214,8,
850046,108829,8,
804936,148980,8,
864374,150149,8,
858587,150101,8,
870247,121460,8,
855656,162100,8,
850176,127908,8,
850057,157848,8,
828005,145089,8,
861994,160156,8,
849537,157510,8,
867125,168762,8,
838142,156770,8,
847644,164348,8,
856349,158150,8,
860606,152843,8,
869288,168662,8,
838328,185708,8,
860986,140320,8,
829229,143653,8,
866051,172932,8,
871556,194747,8,
865489,161762,8,
851840,110475,8,
846256,154064,8,
836081,178429,8,
859707,202806,8,
849938,156042,8,
894124,202052,8,
864325,170593,8,
848108,161786,8,
817619,181929,8,
858058,196183,8,
861242,161722,8,
885793,172115,8,
850577,157049,8,
877125,161227,8,
883864,111281,8,
891699,170415,8,
802394,87835,-1,
862759,157988,8,
824185,167369,8,
813124,157130,8,
840335,164912,8,
858042,178196,8,
846257,145306,8,
858516,151301,8,
851282,153750,8,
905005,164126,8,
857309,139276,8,
845589,192916,8,
895245,150977,8,
863995,150435,8,
862642,159379,8,
861631,169376,8,
858934,162874,8,
912023,160368,8,
842824,177832,8,
824560,133679,8,
842281,175525,8,
860845,155375,8,
841096,188742,8,
821428,153468,8,
840357,169437,8,
827802,189078,8,
844734,164570,8,
847812,114745,8,
887269,166179,8,
830159,134329,8,
850925,157811,8,
847276,121785,8,
870599,149782,8,
780153,136449,8,
814379,132655,8,
834483,173379,8,
852423,159874,8,
854012,157449,8,
883375,158482,8,
850219,110573,8,
836450,151205,8,
881217,172320,8,
813239,139752,8,
871255,140340,8,
789356,159383,8,
873690,156226,8,
858834,149259,8,
778867,140736,8,
872057,122354,8,
882097,161493,8,
787336,144875,8,
849751,167033,8,
843833,170416,8,
850663,157840,8,
812240,177846,8,
838609,140215,8,
850959,157920,8,
859703,156782,8,
854753,190254,8,
895723,126593,8,
857833,170565,8,
850200,164752,8,
845303,150476,8,
877422,134877,8,
850153,155701,8,
819256,201704,8,
871689,155981,8,
818014,140185,8,
815298,167390,8,
864088,171351,8,
902529,162041,8,
908069,146564,8,
799326,106384,-1,
854996,81095,-1,
843813,182032,8,
888504,147016,8,
877964,242679,-1,
851866,156896,8,
821361,175823,8,
810775,160434,8,
843150,156573,8,
844088,150085,8,
830620,117906,8,
835790,127898,8,
819541,117296,8,
858703,157931,8,
857846,153281,8,
876408,183646,8,
842576,153072,8,
848974,199427,8,
862925,243856,-1,
856561,128799,8,
834171,189042,8,
872516,217570,8,
869167,105039,8,
819670,183364,8,
846575,159002,8,
895127,152283,8,
830445,186055,8,
792179,148539,8,
852410,187705,8,
853554,158012,8,
927170,250593,-1,
825605,167750,8,
846731,162515,8,
878170,123364,8,
884966,133900,8,
866987,154415,8,
846284,113820,8,
873474,159567,8,
878258,158631,8,
882306,173836,8,
856924,169071,8,
794260,129843,8,
851568,114049,8,
868736,179354,8,
925732,210388,-1,
868375,161990,8,
855593,161003,8,
849599,157084,8,
868317,177001,8,
800304,163436,8,
823740,169808,8,
856202,158811,8,
883929,121705,8,
851010,157593,8,
872506,157517,8,
850533,160136,8,
816393,185056,8,
850911,157772,8,
812942,85345,-1,
835581,147664,8,
913298,162009,8,
858172,137586,8,
872781,154295,8,
871597,185239,8,
923120,170161,8,
837019,215527,8,
835702,176502,8,
837017,154170,8,
859177,143273,8,
866851,129505,8,
855852,134834,8,
924289,171369,8,
860154,113364,8,
836739,162321,8,
850775,162968,8,
884750,154317,8,
849681,125345,8,
854463,159977,8,
883567,161769,8,
848137,87922,-1,
823676,152154,8,
848135,130674,8,
844400,150812,8,
864494,136669,8,
878157,210496,8,
851088,157432,8,
786528,104976,-1,
860106,157080,8,
861412,205239,8,
820675,168154,8,
834036,144156,8,
842907,133992,8,
846720,162060,8,
871544,144135,8,
849003,115373,8,
856753,145184,8,
839757,190518,8,
865113,161302,8,
846936,161313,8,
845802,172285,8,
844357,163402,8,
881106,105566,8,
877835,151890,8,
839445,149778,8,
866560,165110,8,
845798,213118,8,
818668,120458,8,
831446,182864,8,
900955,185733,8,
836647,167267,8,
874672,104851,8,
849126,121710,8,
889142,154467,8,
855993,225023,8,
854095,158510,8,
850787,125678,8,
859298,139834,8,
829216,121494,8,
837676,148639,8,
851919,127963,8,
841353,125628,8,
848563,117708,8,
893106,176595,8,
852503,146551,8,
848290,143184,8,
825541,151495,8,
883231,232031,-1,
864667,143614,8,
805089,96540,-1,
854909,149938,8,
847097,176660,8,
910435,171155,8,
878749,188759,8,
871780,158486,8,
841292,155620,8,
846011,160034,8,
855969,193497,8,
860927,110775,8,
808069,134402,8,
848413,183717,8,
791722,162000,8,
852104,134678,8,
806567,140259,8,
847423,161535,8,
867993,162841,8,
828038,149181,8,
849404,170474,8,
841967,150890,8,
850945,161669,8,
888697,143969,8,
813868,188928,8,
864991,159874,8,
881109,152198,8,
811694,188374,8,
900360,153622,8,
885764,151791,8,
814553,164190,8,
895623,178393,8,
829790,205695,8,
865170,173755,8,
850453,155432,8,
864211,216526,8,
848770,111076,8,
791199,164843,8,
834165,140684,8,
843905,219401,8,
857328,143692,8,
838146,159541,8,
340693,569371,9,
315965,587160,9,
405652,622938,9,
359831,554975,9,
349296,557688,9,
289423,559134,9,
408689,562521,9,
321312,574721,9,
286568,547471,9,
370259,585265,9,
339967,562602,9,
410917,614521,9,
283570,563726,9,
347197,591316,9,
342064,570045,9,
317331,556086,9,
335792,541310,9,
330455,568758,9,
366794,582584,9,
378697,591764,9,
339981,565418,9,
338342,566864,9,
338474,563350,9,
432052,613723,-1,
340064,550509,9,
334354,578047,9,
296775,572432,9,
353335,592567,9,
334016,562797,9,
328438,532686,9,
365927,571713,9,
343247,564376,9,
325057,581121,9,
330881,579058,9,
378648,579579,9,
339115,566863,9,
333299,597586,9,
367048,553451,9,
345840,561591,9,
366934,581294,9,
358793,547046,9,
393570,579641,9,
304399,545221,9,
353979,578923,9,
337002,589527,9,
327738,559624,9,
334549,579199,9,
297110,556485,9,
327403,548875,9,
413894,564459,9,
326043,553772,9,
337811,558454,9,
333901,532836,9,
340545,568654,9,
358483,554925,9,
318065,581616,9,
367751,578289,9,
331667,570387,9,
321519,561045,9,
299578,572052,9,
339632,536577,9,
339993,544064,9,
268672,508874,9,
332960,569308,9,
345042,566973,9,
352220,602793,9,
333934,537464,9,
312386,555195,9,
334182,558498,9,
335328,562880,9,
303637,570253,9,
353145,580916,9,
325118,556212,9,
294310,563522,9,
371563,547746,9,
373894,555347,9,
407040,577739,9,
337298,565486,9,
357813,572855,9,
304157,566007,9,
335918,566525,9,
330127,570072,9,
339212,538693,9,
357275,551101,9,
334785,565575,9,
326152,563230,9,
345903,561314,9,
238748,551038,-1,
331175,551842,9,
352520,566829,9,
341675,560197,9,
354746,552404,9,
412500,594675,9,
277027,536847,9,
322209,547247,9,
375619,553791,9,
288068,561932,9,
344770,570309,9,
284031,566654,9,
324442,567881,9,
356246,549756,9,
404420,577532,9,
336829,562228,9,
293591,522132,9,
342963,582232,9,
338860,561151,9,
324055,590810,9,
328331,541094,9,
357737,597104,9,
392534,593343,9,
298665,568245,9,
343376,575709,9,
338863,563107,9,
361370,552483,9,
338935,567577,9,
350117,535859,9,
371000,555062,9,
368617,554066,9,
331795,529654,9,
344237,573700,9,
280110,522025,9,
328657,564864,9,
452457,597461,-1,
333669,542228,9,
320628,564596,9,
316642,553340,9,
340712,563178,9,
349955,535578,9,
261538,525920,9,
411008,607342,9,
317136,563479,9,
297022,574097,9,
319927,524637,9,
359772,568428,9,
344791,578536,9,
324093,580491,9,
373907,558472,9,
321905,573147,9,
341721,576427,9,
386373,606623,9,
338588,543875,9,
341578,558672,9,
371616,570648,9,
331987,568997,9,
341329,565571,9,
334350,556417,9,
330482,571217,9,
338950,572545,9,
289087,565427,9,
343997,585193,9,
225786,529417,10,
365567,547606,9,
320827,519618,9,
286990,529505,9,
321517,569562,9,
388806,569524,9,
411796,581307,9,
331440,551885,9,
325958,573367,9,
348171,569251,9,
344239,530765,9,
419151,577335,9,
321309,569996,9,
386377,574187,9,
342099,561508,9,
366688,562413,9,
321657,538660,9,
403004,613466,9,
363304,553764,9,
384922,582877,9,
304556,568584,9,
336787,538925,9,
327998,571265,9,
303269,531608,9,
313649,523765,9,
337889,558031,9,
360165,553303,9,
340032,561740,9,
338634,564414,9,
351459,565704,9,
412767,593558,9,
283474,532727,9,
336928,557412,9,
366478,594677,9,
343450,570659,9,
331616,565089,9,
354529,573677,9,
276703,559740,9,
282066,560178,9,
331366,567311,9,
321910,573825,9,
290107,571927,9,
281979,518199,9,
374695,563163,9,
340191,567638,9,
338583,563529,9,
358312,559466,9,
338474,564151,9,
338205,566246,9,
342901,582886,9,
265815,540385,9,
304086,576100,9,
347966,563506,9,
346144,560472,9,
352381,592377,9,
318681,528806,9,
369366,561201,9,
310041,533285,9,
344314,595915,9,
363956,609339,9,
328586,551385,9,
330767,552963,9,
312558,520650,9,
315850,573154,9,
379388,567285,9,
329905,579935,9,
352209,548608,9,
357679,548036,9,
339288,588052,9,
330335,568221,9,
341559,562163,9,
341925,569393,9,
327695,543105,9,
335999,549795,9,
302359,534317,9,
332586,566187,9,
330750,561657,9,
400380,588221,9,
337910,562252,9,
336549,565597,9,
343717,559909,9,
332116,594868,9,
358384,556361,9,
415881,584352,9,
345164,579614,9,
316395,537403,9,
340970,564831,9,
340383,600071,9,
326627,534442,9,
356865,545785,9,
306298,551902,9,
347575,565576,9,
302583,571881,9,
352424,557574,9,
279008,521035,9,
335029,553213,9,
338753,563384,9,
324032,577807,9,
327973,534972,9,
321924,527106,9,
345495,579864,9,
385091,599401,9,
361138,551307,9,
332884,533990,9,
269126,508814,9,
350056,566657,9,
374117,546122,9,
350283,559840,9,
335525,567445,9,
350798,535657,9,
289002,520678,9,
324516,522674,9,
364844,571623,9,
351815,574947,9,
275524,559548,9,
348773,583528,9,
308966,523409,9,
316313,570785,9,
341966,561987,9,
341446,538787,9,
318823,565345,9,
347522,587567,9,
293746,544468,9,
334983,572690,9,
325125,564342,9,
330145,546705,9,
336336,563145,9,
302353,545544,9,
321216,569834,9,
285152,520229,9,
335027,565050,9,
332270,556288,9,
341016,545280,9,
339640,561426,9,
338633,563504,9,
324952,565867,9,
353583,554147,9,
385183,556284,9,
292636,520371,9,
289176,571435,9,
310944,559497,9,
336974,563207,9,
337173,557853,9,
396903,591235,9,
324440,567074,9,
333378,557892,9,
300366,565761,9,
344437,529492,9,
325871,558965,9,
367641,556309,9,
344552,554676,9,
297212,546223,9,
355924,577596,9,
331340,524203,9,
292932,558293,9,
306346,523584,9,
341966,586266,9,
282430,560217,9,
326251,549298,9,
335201,585318,9,
351564,573155,9,
322365,530808,9,
405542,600089,9,
296763,528676,9,
221233,538472,10,
338084,560295,9,
345674,579033,9,
325883,560492,9,
345123,577788,9,
329859,564384,9,
353939,570931,9,
409616,575024,9,
365058,545456,9,
404782,557913,9,
368724,598412,9,
344096,575522,9,
182618,346663,11,
171461,348130,11,
186536,330019,11,
177241,292639,11,
248683,383412,-1,
174057,358906,11,
215243,289985,12,
170688,343596,11,
144502,345417,11,
165689,356983,11,
168443,367928,11,
165158,343946,11,
159711,352701,11,
175781,341039,11,
233480,289069,-1,
189029,366740,11,
168573,350387,11,
170271,306395,11,
192775,350028,11,
152054,345632,11,
139299,314046,11,
202053,322650,11,
134695,350397,11,
159654,381778,11,
188093,324040,11,
183236,338163,11,
156984,430950,11,
182751,435819,11,
198908,372797,11,
198517,325721,11,
161345,350804,11,
210497,359835,11,
141993,331189,11,
170788,373545,11,
166449,363036,11,
155479,345893,11,
186380,363938,11,
129332,360811,11,
224225,376975,-1,
165945,345849,11,
223550,323197,11,
122755,434879,-1,
166584,349245,11,
179472,342273,11,
148749,359845,11,
177505,332053,11,
160222,380591,11,
178869,370161,11,
170002,370000,11,
164354,347671,11,
169966,368623,11,
145867,363616,11,
181561,358111,11,
164915,350360,11,
166973,341636,11,
153181,277968,11,
155505,355581,11,
160835,347784,11,
211265,396792,-1,
203254,362605,11,
137967,354539,11,
174064,357989,11,
179609,408365,11,
176506,351827,11,
172879,347028,11,
180506,330980,11,
185966,359964,11,
146070,316860,11,
152957,321354,11,
163190,331719,11,
186914,361706,11,
159191,309314,11,
170425,316185,11,
162040,316797,11,
195000,354829,11,
126702,351222,11,
213064,290947,12,
140612,350010,11,
172885,352621,11,
170155,343568,11,
186806,334070,11,
146072,288800,11,
169293,348686,11,
169502,411323,11,
152861,407965,-1,
156041,295117,11,
117585,391892,-1,
163981,344090,11,
158664,310765,11,
141113,351050,11,
163796,345091,11,
160369,353500,11,
235671,300234,-1,
140876,334435,11,
108232,373112,11,
192460,388323,11,
133744,308918,11,
216209,437830,-1,
156945,339397,11,
199859,316334,11,
159496,331641,11,
167845,341409,11,
182435,365508,11,
133795,360518,11,
169628,365003,11,
167262,399527,11,
177728,352687,11,
130683,363204,11,
198197,344933,11,
197735,355477,11,
172020,342883,11,
185561,342784,11,
202011,337353,11,
157394,346500,11,
182050,424341,11,
129664,341196,11,
173188,355248,11,
182499,310438,11,
170384,339979,11,
182093,321311,11,
185696,338006,11,
102221,374657,11,
165881,364469,11,
164875,349007,11,
159120,340829,11,
168274,374689,11,
178495,373915,11,
179811,342089,11,
162606,363185,11,
173908,362098,11,
133580,348602,11,
190634,357254,11,
186503,369651,11,
127134,379827,-1,
169145,355279,11,
140121,346875,11,
141860,324304,11,
200251,306215,11,
174373,363552,11,
170022,347877,11,
165657,338722,11,
186361,351075,11,
213022,338238,11,
155228,357729,11,
171614,435530,11,
175586,365049,11,
187858,381077,11,
171074,293610,11,
153738,360530,11,
199043,270173,-1,
165886,348709,11,
159428,300364,11,
197463,378513,11,
161273,347538,11,
186082,330058,11,
143732,279724,11,
142899,329415,11,
156977,424622,11,
174878,362329,11,
148915,338914,11,
187324,377187,11,
175766,380534,11,
185071,362905,11,
158550,354818,11,
174672,345849,11,
169880,343122,11,
109090,326101,11,
187854,354777,11,
153903,353738,11,
190241,329582,11,
102983,382712,11,
143117,345163,11,
188985,367645,11,
174834,411644,11,
144228,344974,11,
146821,297434,11,
171848,343242,11,
94382,320888,11,
154412,310120,11,
176490,344679,11,
170616,352610,11,
81648,360080,-1,
153607,379395,11,
183970,355973,11,
105444,361358,11,
158571,361986,11,
177579,319865,11,
198892,322470,11,
216975,296647,12,
166654,350678,11,
189102,333074,11,
198712,303299,11,
137098,384889,11,
144306,328086,11,
142455,343512,11,
178319,318244,11,
168886,353913,11,
174656,393278,11,
130805,354417,11,
176433,350561,11,
142252,329183,11,
165476,377389,11,
210102,333312,11,
129453,321221,11,
144705,375936,11,
206687,342276,11,
153583,352282,11,
189499,356601,11,
159392,351000,11,
181463,326571,11,
162975,335389,11,
157691,334886,11,
154167,353183,11,
165607,362883,11,
182239,333302,11,
176982,354631,11,
183516,374212,11,
191099,341570,11,
184570,360446,11,
207804,354938,11,
198493,326704,11,
149269,341445,11,
184798,392233,11,
174438,319075,11,
107124,325984,11,
76052,360840,-1,
159302,337993,11,
140101,341028,11,
168149,345638,11,
150009,371014,11,
157193,350343,11,
111476,358647,11,
151164,332239,11,
171318,373473,11,
175169,349454,11,
162600,392531,11,
168067,340249,11,
170102,323164,11,
124132,340448,11,
149863,284721,11,
168079,347343,11,
128953,304971,11,
169228,364545,11,
198415,321418,11,
183610,321788,11,
220869,407358,-1,
159472,372246,11,
170837,353968,11,
165653,317602,11,
135537,356169,11,
166973,334724,11,
158750,312102,11,
161448,373412,11,
158713,379013,11,
180493,319750,11,
125715,302114,11,
194033,340466,11,
158871,312380,11,
161387,343617,11,
169121,347594,11,
167653,352074,11,
125902,318850,11,
217686,296514,12,
171986,429306,11,
211360,279794,12,
157181,346842,11,
188909,341194,11,
140128,325904,11,
117874,389929,-1,
162921,317643,11,
173978,346514,11,
98533,355691,11,
194956,372256,11,
164847,287064,11,
174410,372064,11,
149092,352682,11,
166323,352927,11,
178515,370287,11,
169337,348605,11,
122986,334382,11,
145282,391482,11,
185919,363092,11,
180519,368284,11,
181227,347052,11,
168284,309036,11,
198251,335402,11,
160922,347681,11,
141861,328909,11,
147911,328024,11,
178264,330827,11,
178235,346006,11,
195151,317753,11,
122360,357480,11,
167330,332452,11,
115363,305575,11,
185661,404482,11,
177858,352255,11,
113068,317574,11,
125675,360158,11,
172842,351663,11,
124724,459999,-1,
169069,348929,11,
185253,344152,11,
155625,262321,11,
158201,315944,11,
171277,361020,11,
209553,326461,11,
160165,362858,11,
190725,336160,11,
169994,409806,11,
179463,361279,11,
172662,388185,11,
165284,425978,11,
160206,303063,11,
155690,368375,11,
124516,325289,11,
179326,321160,11,
165573,305517,11,
155508,372355,11,
166799,318482,11,
161780,324523,11,
168805,351913,11,
206519,355629,11,
163091,350167,11,
176144,353300,11,
179483,359645,11,
213951,352868,11,
164046,346109,11,
169569,346955,11,
225356,318394,11,
214966,358837,11,
159253,343477,11,
219779,330969,11,
169876,340860,11,
669118,354195,13,
613682,399434,13,
617399,392653,13,
629247,364078,13,
641070,424917,13,
609532,388425,13,
629369,398359,13,
605911,379990,13,
622550,391601,13,
607905,403460,13,
679465,399014,13,
608711,373665,13,
623498,399288,13,
601212,370698,13,
574989,407228,13,
563517,391159,13,
687717,379483,13,
616040,330855,13,
653024,367312,13,
607440,403119,13,
620240,397022,13,
599215,391457,13,
587478,424878,13,
613921,394043,13,
624328,392133,13,
635887,384511,13,
559877,401053,13,
617755,401065,13,
693265,388552,13,
559933,403956,13,
655859,416496,13,
625919,402984,13,
595215,391491,13,
617493,379303,13,
598657,442558,13,
601644,436831,13,
617118,374098,13,
591051,389443,13,
617296,386864,13,
616468,394118,13,
630384,376295,13,
558770,390646,13,
637332,414017,13,
556780,409205,13,
577473,384210,13,
650054,432740,13,
595063,328609,-1,
714443,433876,-1,
603566,410391,13,
562356,383175,13,
546166,423311,-1,
626539,394908,13,
663820,416308,13,
710910,464586,-1,
624310,398408,13,
632546,389750,13,
667249,417107,13,
608309,377530,13,
611357,393577,13,
658219,436184,13,
615032,402225,13,
628131,406850,13,
632390,363198,13,
575116,345564,13,
625784,441883,13,
618893,419740,13,
579564,428498,13,
686324,364237,13,
586242,396484,13,
623248,399928,13,
609219,362804,13,
537211,376777,-1,
605310,394011,13,
634973,450542,13,
595411,413706,13,
613037,419086,13,
617444,397675,13,
633304,366062,13,
592620,446156,13,
631633,337973,13,
619637,395224,13,
620330,398630,13,
621964,409409,13,
618446,372298,13,
629789,426313,13,
608687,374928,13,
680646,375662,13,
591831,438997,13,
550086,442382,13,
620330,396776,13,
551236,401856,13,
617178,414525,13,
584938,344365,13,
622636,456843,13,
649987,408293,13,
613719,382828,13,
576987,392508,13,
599766,409755,13,
584077,398498,13,
695514,321521,-1,
561388,355834,13,
691600,397893,13,
610676,449688,13,
600114,413216,13,
626811,372435,13,
636291,360636,13,
570384,393553,13,
626700,401688,13,
624106,398619,13,
523329,404632,-1,
611954,360938,13,
613536,395801,13,
576488,397913,13,
652745,406585,13,
603193,371867,13,
610026,444858,13,
629725,405117,13,
648429,422590,13,
562772,382904,13,
638823,411764,13,
617764,397102,13,
579922,379009,13,
610698,396326,13,
642607,374702,13,
621629,397208,13,
659321,404555,13,
576235,462612,13,
598628,425191,13,
623502,420376,13,
665965,449273,2,
608923,385575,13,
611579,407670,13,
617573,386848,13,
589862,418742,13,
653325,396810,13,
605073,372055,13,
623137,408209,13,
499262,398424,-1,
619339,401624,13,
619295,397643,13,
578878,420108,13,
533577,355107,-1,
615934,426539,13,
690195,475150,-1,
673514,390760,13,
657120,386782,13,
549945,372313,13,
675858,410545,13,
626586,415166,13,
618449,404599,13,
638783,399478,13,
578113,395458,13,
622557,361134,13,
635324,420555,13,
666135,430421,13,
689725,465685,-1,
593601,445149,13,
615094,383077,13,
624599,417673,13,
573969,434110,13,
642881,403147,13,
634383,422065,13,
582389,428200,13,
617330,369828,13,
621989,394856,13,
651828,468138,2,
612936,398723,13,
613351,407952,13,
562777,437516,13,
533212,366954,-1,
618113,400002,13,
609344,448128,13,
615342,413931,13,
623989,368662,13,
620187,400168,13,
687638,439257,-1,
573925,449341,13,
547270,403384,13,
619318,361696,13,
588432,446279,13,
592924,393730,13,
615325,383841,13,
611875,422910,13,
681941,370225,13,
620818,396967,13,
662154,385013,13,
554938,347875,13,
628655,321099,13,
619628,399433,13,
660333,393215,13,
618391,348381,13,
565829,395454,13,
617689,397001,13,
604554,393193,13,
572417,403906,13,
659193,384523,13,
632060,367800,13,
633894,404424,13,
620610,395343,13,
615175,397627,13,
624293,333944,13,
593689,316888,-1,
617319,374666,13,
572244,349463,13,
619239,400025,13,
621622,390298,13,
622101,371771,13,
630205,338054,13,
654147,407182,13,
637594,420311,13,
629004,392271,13,
585207,336451,13,
618349,397614,13,
650157,402991,13,
638966,486628,-1,
655201,411873,13,
602335,433298,13,
630706,388370,13,
617428,397343,13,
621537,390372,13,
631365,450732,13,
618406,404239,13,
601390,453925,13,
603945,361794,13,
619427,396945,13,
660103,414557,13,
700340,335010,-1,
608182,416637,13,
661166,404325,13,
620939,385731,13,
626371,349696,13,
614683,367259,13,
619332,401992,13,
587453,401098,13,
652349,321291,-1,
617954,395504,13,
636807,424537,13,
533889,333741,-1,
623386,387031,13,
632952,385722,13,
695010,449565,-1,
626843,367696,13,
488205,420586,-1,
611547,411952,13,
621241,368090,13,
581240,362971,13,
608747,363132,13,
662177,420431,13,
615665,405490,13,
617447,366176,13,
560393,389490,13,
685785,409913,13,
623433,400160,13,
609091,437020,13,
624343,403629,13,
668879,388617,13,
567105,437623,13,
657450,365008,13,
591955,378142,13,
588952,437524,13,
607665,447516,13,
608601,418450,13,
662830,420955,13,
605891,428146,13,
615239,317684,13,
588933,366439,13,
618053,357534,13,
577773,434308,13,
606558,458285,13,
620955,389692,13,
738190,371970,-1,
634661,446187,13,
571692,449353,13,
605650,447537,13,
639502,371440,13,
684568,380640,13,
658735,399039,13,
618157,384990,13,
618869,398187,13,
603388,403039,13,
585255,415823,13,
639507,438534,13,
594112,399331,13,
619475,400592,13,
571570,375257,13,
659297,373975,13,
603285,449307,13,
610199,394579,13,
590500,418472,13,
630904,404643,13,
591725,406549,13,
621560,397789,13,
563182,367521,13,
593879,444161,13,
616054,371666,13,
627679,395601,13,
608195,447380,13,
616737,397973,13,
650120,324477,-1,
616926,398697,13,
650859,460072,2,
642157,345545,13,
601369,411415,13,
604703,392288,13,
721905,378957,-1,
619415,397644,13,
571043,347389,13,
659191,459637,2,
629978,400626,13,
688487,383589,13,
598053,438963,13,
635242,356290,13,
605899,412428,13,
656642,407213,13,
619924,406713,13,
630067,372798,13,
600007,377908,13,
589164,386733,13,
630491,379017,13,
618676,377015,13,
639613,388524,13,
669409,415893,13,
681608,436537,-1,
649968,371445,13,
629000,417990,13,
658884,390135,13,
605407,427914,13,
629891,414975,13,
621778,364695,13,
610722,418243,13,
601599,388540,13,
615649,429323,13,
627206,402647,13,
643965,366316,13,
614877,402442,13,
606486,420054,13,
668482,358452,13,
628715,434772,13,
196462,887983,14,
335970,846828,-1,
272394,837600,14,
211165,825505,14,
226433,837646,14,
219686,859997,14,
242087,844255,14,
213558,873714,14,
245144,845719,14,
247997,878582,14,
283576,809069,14,
224676,859348,14,
298214,820903,14,
245468,859425,14,
222704,824909,14,
250921,819639,14,
249209,801933,14,
230591,874855,14,
234091,876039,14,
286769,862152,14,
224789,866804,14,
245023,849247,14,
263626,851699,14,
250198,825417,14,
231263,863308,14,
307605,840195,14,
276635,875623,14,
230399,842538,14,
274070,798617,14,
247939,831010,14,
209922,850026,14,
300726,862728,14,
222727,770963,-1,
239505,885057,14,
291561,845450,14,
221122,832810,14,
194258,914691,-1,
228928,855040,14,
264627,808661,14,
225916,843329,14,
240221,843932,14,
276600,823311,14,
204854,810013,14,
278326,829095,14,
246047,846189,14,
251032,876118,14,
285258,848668,14,
260943,889692,14,
245928,867228,14,
221002,870506,14,
292872,896822,15,
261896,897475,14,
269723,849664,14,
243941,843256,14,
249370,872804,14,
237120,856814,14,
257472,849587,14,
253703,834676,14,
238080,830689,14,
225991,869734,14,
231781,799444,14,
296892,901182,15,
234604,822462,14,
241473,860854,14,
219864,842635,14,
235901,856563,14,
207217,878249,14,
256949,820470,14,
204597,863162,14,
325275,866433,14,
239344,814789,14,
187894,871219,14,
259973,862559,14,
189752,865463,14,
245707,844466,14,
188480,870646,14,
305915,854818,14,
242443,851797,14,
227138,824372,14,
229970,878786,14,
281971,825246,14,
241166,845204,14,
225846,874086,14,
284077,905181,15,
258975,837353,14,
241972,840749,14,
245602,857160,14,
227363,836593,14,
257926,936947,-1,
237689,839510,14,
267799,847911,14,
207552,772091,-1,
201567,881003,14,
265125,820661,14,
273165,852766,14,
290210,818593,14,
256487,868899,14,
271395,862063,14,
251958,886571,14,
249253,856047,14,
268289,878265,14,
295375,861990,14,
256316,818886,14,
246470,842932,14,
314666,849163,14,
298979,774144,-1,
192885,887667,14,
227819,900986,14,
250003,859517,14,
249857,844975,14,
218369,851387,14,
252586,806474,14,
283017,850861,14,
228095,843338,14,
266980,825990,14,
241381,844402,14,
294053,878220,14,
253339,750941,-1,
241413,845029,14,
294326,807584,14,
257856,846423,14,
248210,886338,14,
216846,737568,-1,
244743,830888,14,
277055,860813,14,
279923,805957,14,
235041,823732,14,
238524,842928,14,
246453,883061,14,
260590,827955,14,
274554,845338,14,
245254,907991,14,
299821,866288,14,
261120,804153,14,
246729,879602,14,
240308,844341,14,
220620,819091,14,
268926,813783,14,
234219,845270,14,
188424,849785,14,
240171,843940,14,
163766,859386,14,
191257,802651,14,
224852,934148,-1,
261093,844962,14,
228711,848090,14,
183478,851724,14,
201080,823689,14,
118590,857150,-1,
264798,767716,-1,
313609,860065,14,
232246,844226,14,
237757,834092,14,
222682,806314,14,
243331,844022,14,
197362,870337,14,
229857,843917,14,
244257,776516,14,
224083,852922,14,
309399,838744,14,
271205,817620,14,
242247,864253,14,
235337,831592,14,
232357,810798,14,
252199,828023,14,
267049,950249,-1,
245678,821691,14,
241138,844374,14,
246182,840370,14,
264175,824349,14,
266977,887963,14,
274685,883097,14,
244260,847060,14,
256073,917590,14,
258416,835432,14,
241687,844256,14,
282603,846165,14,
228032,893055,14,
226949,889283,14,
264274,813041,14,
139601,914203,-1,
229131,842806,14,
236274,861302,14,
261819,863523,14,
200005,825237,14,
310591,841778,14,
244049,817710,14,
235022,911236,14,
256512,837094,14,
236495,861569,14,
256889,880721,14,
258528,856273,14,
233284,860085,14,
257480,849037,14,
269354,811847,14,
222445,891438,14,
222356,840843,14,
236207,886769,14,
174371,864697,14,
159683,838958,14,
237750,837381,14,
241545,838673,14,
256082,831969,14,
246468,838071,14,
205919,844377,14,
266111,813259,14,
244246,847589,14,
244899,812192,14,
219316,898830,14,
251866,864044,14,
238308,790723,14,
209264,836661,14,
242519,845811,14,
351883,890475,-1,
278929,842054,14,
244027,850132,14,
248570,843156,14,
224681,858432,14,
210276,824826,14,
220884,916718,-1,
240846,841609,14,
257093,801567,14,
236749,813868,14,
332237,911313,-1,
288954,846991,14,
238084,844799,14,
236431,844100,14,
299772,828655,14,
241633,846949,14,
230107,858332,14,
256216,903741,14,
258135,880184,14,
232331,872896,14,
183583,787453,-1,
264293,890923,14,
213208,833959,14,
224288,931476,-1,
261622,869706,14,
297183,841456,14,
241849,815141,14,
308616,811021,14,
220931,876605,14,
289719,866638,14,
233931,838374,14,
224694,848663,14,
240645,855514,14,
229567,855332,14,
247613,815836,14,
239387,847822,14,
257788,880587,14,
245532,846331,14,
224241,828996,14,
227582,856861,14,
244618,845420,14,
213775,841758,14,
243511,830743,14,
244799,841688,14,
216061,848623,14,
294492,832336,14,
248931,844960,14,
267478,894783,14,
228715,837572,14,
269483,848608,14,
248276,844455,14,
236987,881080,14,
223732,826580,14,
230149,886583,14,
265299,859533,14,
181803,799487,-1,
247210,859012,14,
261633,773355,-1,
262370,891499,14,
250394,847577,14,
222019,839774,14,
238328,770068,-1,
208941,860169,14,
238714,858826,14,
241005,825301,14,
270742,847836,14,
238492,833394,14,
312726,853829,14,
286663,846902,14,
261796,819395,14,
253890,807676,14,
242415,844335,14,
134134,842630,-1,
163956,833732,-1,
250359,849451,14,
295357,842293,14,
218942,848326,14,
205466,778884,-1,
253899,862843,14,
244966,841126,14,
208494,850615,14,
221126,837878,14,
271093,861412,14,
216543,842952,14,
255185,825960,14,
251070,877802,14,
264565,859237,14,
228611,836717,14,
228517,837056,14,
198583,860431,14,
215976,836025,14,
254411,848090,14,
168036,807011,-1,
292194,906490,15,
243951,865415,14,
260922,785987,14,
245740,814541,14,
317675,838127,14,
274505,864723,14,
230049,865536,14,
235084,818866,14,
172690,847721,14,
221706,875060,14,
236740,853169,14,
298800,824277,14,
265246,889333,14,
219498,851932,14,
247484,846372,14,
288675,919879,15,
229280,813483,14,
282622,879222,14,
307300,836132,14,
238260,882489,14,
219049,825171,14,
219321,848396,14,
240028,849354,14,
212009,864463,14,
246857,852483,14,
245118,811283,14,
247855,794626,14,
253655,821946,14,
241475,850889,14,
210162,860529,14,
204922,854068,14,
225567,853078,14,
245258,799882,14,
257134,845851,14,
187314,815820,14,
294275,174786,16,
329428,66056,-1,
325938,164475,16,
253129,154296,16,
319838,170383,16,
240213,118409,17,
283784,178305,16,
376613,159699,16,
338717,181582,16,
304283,183656,16,
314519,146787,16,
270899,175377,16,
291228,101272,16,
291170,110147,16,
321522,163852,16,
202627,179376,-1,
307913,91419,16,
311093,169734,16,
321775,164846,16,
294832,124284,16,
295537,91032,16,
383044,180418,16,
338570,192256,16,
337894,175289,16,
359796,165920,16,
316263,163806,16,
320972,170417,16,
277860,111893,16,
367806,123963,16,
359352,162962,16,
350964,149159,16,
332201,181702,16,
287966,150135,16,
346942,152780,16,
232784,169847,16,
292492,99170,16,
334529,166765,16,
363208,238649,16,
196795,190277,-1,
353333,113156,16,
373191,88470,-1,
333789,151168,16,
339732,163158,16,
321822,187102,16,
276792,141848,16,
308044,164482,16,
311328,159477,16,
383052,89061,-1,
316820,150304,16,
314479,178821,16,
310824,144943,16,
333143,200298,16,
300672,175844,16,
339482,151261,16,
319208,164182,16,
321645,164662,16,
308763,166511,16,
308066,145825,16,
360143,155270,16,
348893,195430,16,
319283,158983,16,
332284,194186,16,
292402,184441,16,
361227,221878,16,
313573,109221,16,
310693,154278,16,
344482,215846,16,
358652,186358,16,
330533,214555,16,
320400,160020,16,
267662,127175,-1,
396583,82842,-1,
292193,125417,16,
324121,96346,16,
321344,166633,16,
234837,151054,16,
368060,76739,-1,
347050,150472,16,
245783,109229,17,
400550,144359,-1,
343217,153037,16,
315488,160339,16,
347406,155708,16,
336845,172750,16,
357014,148222,16,
331862,169092,16,
322140,165212,16,
363075,162238,16,
318738,182134,16,
346717,178180,16,
311819,140674,16,
332032,157725,16,
301983,173386,16,
321556,163352,16,
315830,102777,16,
312275,145173,16,
325861,203058,16,
360703,150999,16,
345976,148333,16,
320210,191459,16,
318665,158107,16,
425563,163524,-1,
264427,188193,16,
348177,179526,16,
265430,151883,16,
320718,158610,16,
380609,185976,16,
345234,188822,16,
362027,150348,16,
300294,178772,16,
315963,174031,16,
333787,189423,16,
337343,156614,16,
334812,137431,16,
347492,153416,16,
324518,167369,16,
353991,193997,16,
274321,219665,18,
335476,183897,16,
300021,159185,16,
384591,137729,16,
320000,162605,16,
268938,211870,18,
366146,196571,16,
356280,185198,16,
325767,164095,16,
350480,214608,16,
314791,163370,16,
302582,134124,16,
328851,147002,16,
347039,195468,16,
289531,145743,16,
343018,239960,-1,
271123,163465,16,
326959,154655,16,
332307,189590,16,
310529,141617,16,
380281,205779,-1,
411606,137378,-1,
348191,165419,16,
305292,175260,16,
256120,141529,16,
390934,170420,16,
358562,112650,16,
355499,224982,16,
363437,77975,-1,
232043,177614,16,
246753,175170,16,
327204,152871,16,
371685,151612,16,
291723,177824,16,
324488,180658,16,
340048,131847,16,
295311,115000,16,
239495,163949,16,
267521,119941,17,
401396,125431,-1,
260930,184935,16,
336085,170252,16,
291782,159562,16,
307616,207295,16,
352910,145624,16,
294653,104623,16,
372883,222824,16,
318707,160697,16,
281548,175184,16,
307747,128551,16,
336991,217448,16,
270233,195701,16,
433100,134861,-1,
311433,134432,16,
375353,117180,16,
315146,160782,16,
311163,166821,16,
305333,171939,16,
332470,161202,16,
302266,185591,16,
370775,144355,16,
314552,151035,16,
343145,172236,16,
331212,162496,16,
299460,144708,16,
383894,179880,16,
345703,149860,16,
331381,162660,16,
344364,213940,16,
378347,144880,16,
322789,137560,16,
328425,159826,16,
341137,78287,-1,
317771,154916,16,
336266,148507,16,
342066,119083,16,
297177,88467,16,
280519,165350,16,
305901,166656,16,
284757,175853,16,
281732,221764,18,
321262,178491,16,
344710,213543,16,
311408,168232,16,
356500,188114,16,
304376,222294,16,
278116,185472,16,
247892,115217,17,
306326,164202,16,
311516,94189,16,
323747,163351,16,
321778,158339,16,
309501,166931,16,
333942,143344,16,
339393,209145,16,
340996,170964,16,
315333,144566,16,
332853,168141,16,
290958,168323,16,
297731,175876,16,
280274,182662,16,
306540,193434,16,
319155,159850,16,
355168,114823,16,
270201,236813,-1,
347630,120931,16,
446538,180119,19,
371052,147369,16,
403365,215735,-1,
258201,153095,16,
335121,214149,16,
283786,133973,16,
353951,133923,16,
345069,165968,16,
367079,183232,16,
363932,228249,16,
354132,161850,16,
390538,157197,16,
333805,148479,16,
325344,159885,16,
323905,168029,16,
274495,182470,16,
309684,150076,16,
381617,157000,16,
322841,169735,16,
359520,132845,16,
249616,144446,16,
321620,169950,16,
415495,116126,-1,
335742,196692,16,
271424,251323,-1,
340066,152500,16,
327734,163585,16,
346079,220993,16,
276741,143844,16,
377042,182019,16,
400055,131725,-1,
332246,172932,16,
310386,171068,16,
327569,158418,16,
324444,166910,16,
317217,163896,16,
270404,183080,16,
277512,151920,16,
324966,170021,16,
306421,145493,16,
382419,110392,-1,
318266,171979,16,
321245,141627,16,
318192,170844,16,
320821,165455,16,
329029,204399,16,
311065,219934,16,
287127,192494,16,
283571,109326,16,
308748,199866,16,
369490,164369,16,
270729,67329,-1,
279010,181792,16,
282957,179982,16,
308489,145929,16,
327927,168535,16,
327022,161396,16,
376557,109320,-1,
248427,146381,16,
321182,150806,16,
312337,154488,16,
268518,181514,16,
285865,167818,16,
279251,184486,16,
306042,66361,-1,
318215,180010,16,
293978,197091,16,
338044,233264,16,
293864,241877,-1,
344380,183817,16,
316257,171544,16,
248779,111087,17,
313783,177198,16,
415534,110526,-1,
296164,96874,16,
315670,160928,16,
339137,160334,16,
290700,196285,16,
307107,174760,16,
325279,168587,16,
328423,161604,16,
333883,276840,-1,
308555,134011,16,
322101,164171,16,
306357,123397,16,
292931,125341,16,
284378,223470,18,
335003,151395,16,
267212,158699,16,
343851,193618,16,
296627,93375,16,
334980,143900,16,
335235,180161,16,
360945,167952,16,
257841,193878,16,
275288,212315,18,
331798,143962,16,
333937,51121,-1,
328775,156501,16,
319829,168353,16,
293201,192871,16,
327608,177638,16,
332562,174699,16,
348815,150017,16,
312227,159417,16,
324337,162686,16,
323329,93955,16,
291973,127483,16,
258779,106777,17,
325360,134919,16,
267264,153034,16,
312421,170617,16,
293350,175997,16,
275459,190178,16,
244344,185382,16,
252845,181181,16,
357923,192120,16,
382720,263255,-1,
326040,156509,16,
165104,543395,10,
139903,592241,10,
132705,557674,10,
114311,601605,10,
102460,533057,10,
185935,554627,10,
123441,594415,10,
97216,564094,10,
110948,539533,10,
101553,517715,10,
133023,574572,10,
144570,573936,10,
136531,557658,10,
173576,507309,10,
179189,536028,10,
141238,557986,10,
156430,615117,10,
69169,631490,-1,
31842,565765,-1,
144620,575370,10,
155899,561715,10,
137451,555339,10,
68388,574380,10,
166290,521714,10,
210499,526471,10,
148319,584541,10,
135336,552552,10,
136606,562296,10,
136301,569544,10,
119386,620549,10,
139212,557713,10,
84501,604671,10,
176602,574552,10,
105945,528795,10,
140989,537156,10,
138449,555969,10,
128669,574591,10,
95749,602775,10,
139460,557260,10,
130440,562623,10,
147885,527813,10,
58190,608304,-1,
151701,574146,10,
148385,538149,10,
142668,544976,10,
145251,553486,10,
142265,546135,10,
202913,525966,10,
192564,547558,10,
179240,577011,10,
182840,584262,10,
144242,557674,10,
135849,550612,10,
101427,615890,10,
143265,548387,10,
112379,547679,10,
137347,622867,10,
139146,569516,10,
125756,579609,10,
77109,512651,10,
138073,556272,10,
202547,601240,10,
19835,570290,-1,
118137,579149,10,
201324,574588,10,
113259,568684,10,
139052,610320,10,
177246,571940,10,
107972,601191,10,
138199,541774,10,
220156,589643,10,
137787,566189,10,
138122,557230,10,
93136,613387,10,
154620,576738,10,
131523,568207,10,
136967,565662,10,
142886,556511,10,
125005,540340,10,
138965,558201,10,
139474,569485,10,
171471,576787,10,
157138,565993,10,
198294,552987,10,
136078,547418,10,
140164,531093,10,
156003,502860,10,
67867,545392,10,
133780,533275,10,
116142,550919,10,
148510,579793,10,
179224,584189,10,
149906,546909,10,
29760,557873,-1,
115287,602637,10,
206561,574789,10,
108651,521409,10,
115905,560139,10,
127373,549518,10,
141699,530028,10,
141641,557376,10,
111855,531542,10,
136580,553967,10,
137516,556818,10,
179793,483378,-1,
105568,584102,10,
125840,520239,10,
117212,565692,10,
140717,554093,10,
139033,593287,10,
172882,571145,10,
104862,608089,10,
158366,537970,10,
138525,534268,10,
69565,599820,10,
94571,528963,10,
153185,562792,10,
147599,513563,10,
223226,546198,-1,
143879,536650,10,
151099,518008,10,
109317,531425,10,
127202,525948,10,
137740,618961,10,
138734,557713,10,
109912,565003,10,
158060,525533,10,
260096,530550,9,
134449,557556,10,
121650,599844,10,
188992,563992,10,
207218,589497,10,
179830,547383,10,
152331,529689,10,
112184,530469,10,
166904,503121,10,
183026,545377,10,
152658,569277,10,
172116,513383,10,
95899,530846,10,
144325,538991,10,
166597,572855,10,
105193,596017,10,
166840,562425,10,
117089,561455,10,
141718,549576,10,
117959,536156,10,
125351,529954,10,
140706,547367,10,
138012,558263,10,
135284,555664,10,
142663,556520,10,
112673,516997,10,
137657,611252,10,
119237,591137,10,
186380,487625,-1,
113099,546732,10,
176278,550602,10,
158773,588778,10,
140962,518168,10,
144856,551807,10,
155943,576199,10,
152584,564548,10,
165356,570715,10,
127858,609681,10,
257984,555707,9,
149758,564768,10,
129550,560106,10,
159271,568953,10,
151374,538387,10,
129030,588495,10,
155430,549012,10,
172756,612694,-1,
93459,514032,10,
99569,523174,10,
148080,544056,10,
169322,577938,10,
173847,514665,10,
136418,562926,10,
140047,540043,10,
74519,527539,10,
146681,562995,10,
110877,562558,10,
95071,503965,10,
136232,576477,10,
146120,576624,10,
259173,548593,9,
107965,535173,10,
103153,601002,10,
158283,570550,10,
206219,604081,10,
116492,509399,10,
97430,598804,10,
193275,538687,10,
116860,550810,10,
179834,541387,10,
143226,522375,10,
111174,539350,10,
94933,588147,10,
139434,557410,10,
131532,536658,10,
38179,532155,-1,
113321,606322,10,
123905,508486,10,
201753,569116,10,
206660,575002,10,
138884,529162,10,
139636,565984,10,
110479,594587,10,
76253,529394,10,
160280,493497,10,
161475,587507,10,
149054,556986,10,
223408,520131,10,
158596,562634,10,
141991,539522,10,
137172,523482,10,
161154,538355,10,
130157,581286,10,
142000,554964,10,
86243,559135,10,
130883,557824,10,
127964,538935,10,
122130,568886,10,
210597,589836,10,
139847,552015,10,
147664,559632,10,
167716,562762,10,
130657,555545,10,
165382,518876,10,
221994,575146,10,
87236,607429,10,
154268,542573,10,
197367,535989,10,
133094,557996,10,
155274,552551,10,
139911,561185,10,
146924,565933,10,
146183,622188,10,
176092,531921,10,
184402,546549,10,
139641,557503,10,
170816,547069,10,
156474,570384,10,
146678,558942,10,
136569,532130,10,
162124,500069,10,
127503,623654,10,
182854,534283,10,
141222,572556,10,
177665,557923,10,
201907,516078,10,
130249,579307,10,
166560,559687,10,
138220,560056,10,
134725,537440,10,
127940,590467,10,
143592,606949,10,
64979,538104,10,
94061,576129,10,
79285,554817,10,
103192,550021,10,
198823,538624,10,
145758,562414,10,
211584,591058,10,
139451,549580,10,
220224,592068,10,
150404,539885,10,
142767,538646,10,
143912,595772,10,
184412,537050,10,
55359,623076,-1,
137197,556522,10,
138461,558771,10,
80673,566893,10,
203667,577260,10,
94249,600812,10,
145244,561042,10,
94458,533883,10,
130201,562734,10,
98675,580608,10,
134422,544300,10,
141771,551655,10,
141924,558399,10,
137316,562151,10,
143363,551365,10,
197849,575524,10,
134261,519275,10,
129997,568115,10,
170494,560892,10,
164453,544085,10,
128788,546091,10,
88703,577217,10,
131109,568012,10,
95074,570002,10,
232047,522748,10,
125548,552424,10,
142563,560090,10,
118391,553625,10,
132497,593125,10,
162713,586568,10,
122296,566921,10,
56907,586609,-1,
48143,523870,-1,
104489,542515,10,
130582,565948,10,
180633,570302,10,
241485,523039,-1,
178005,594957,10,
211266,534538,10,
137680,555667,10,
144401,565666,10,
101722,535117,10,
115781,594942,10,
107160,530936,10,
139978,587153,10,
179931,536588,10,
105353,589239,10,
119496,543146,10,
142575,517378,10,
76661,531044,10,
137699,556769,10,
154964,554923,10,
142516,559062,10,
98525,579761,10,
163925,576666,10,
153326,558408,10,
262846,559590,9,
102898,592834,10,
138349,554238,10,
193502,557364,10,
202175,495076,-1,
154162,536416,10,
77875,516899,10,
163477,561507,10,
131874,552586,10,
120357,560737,10,
119535,551857,10,
114108,540537,10,
136059,558213,10,
121786,564225,10,
233105,591646,10,
149760,577278,10,
139237,548782,10,
34795,606311,-1,
147663,555514,10,
108512,525986,10,
509279,180548,19,
495165,163113,19,
474652,193224,19,
507786,199578,19,
566666,195255,19,
506012,178372,19,
541435,206637,19,
507311,177795,19,
461701,188438,19,
506069,169723,19,
477155,161019,19,
505044,180646,19,
467697,168082,19,
511868,170991,19,
500225,177559,19,
460616,174810,19,
573755,218049,19,
543616,144788,19,
509804,175714,19,
542311,161882,19,
475944,189337,19,
517750,199025,19,
520952,169184,19,
559076,190770,19,
416763,96639,-1,
549384,208450,19,
549147,171454,19,
520880,200955,19,
484348,202813,19,
487472,166999,19,
504728,174541,19,
465734,114090,19,
570266,188032,19,
505584,176135,19,
514739,189624,19,
500589,181466,19,
504096,192493,19,
553118,165472,19,
502511,205121,19,
551798,221411,19,
502737,174437,19,
513181,177419,19,
513010,141058,19,
535564,177248,19,
514551,176526,19,
450030,169537,19,
521152,152439,19,
505512,203857,19,
509928,184873,19,
490271,216725,19,
529931,180136,19,
508228,220433,19,
534461,178056,19,
508551,174306,19,
545365,210090,19,
510414,142485,19,
507895,177445,19,
506288,177990,19,
512560,224816,19,
454160,102568,19,
437116,148591,19,
519003,160741,19,
509173,178051,19,
507674,147431,19,
513562,229098,19,
473361,185066,19,
517580,170329,19,
509285,174620,19,
510496,174308,19,
438860,114065,-1,
534702,244239,19,
504755,150226,19,
474135,199330,19,
508907,173787,19,
509651,149290,19,
490956,124550,19,
499637,194036,19,
515856,148316,19,
482568,159010,19,
522728,184704,19,
493070,189771,19,
483807,198925,19,
469656,153741,19,
470041,102049,19,
576965,187481,19,
515230,149567,19,
469470,189347,19,
484678,123623,19,
509554,186931,19,
480787,147737,19,
523036,123677,19,
508144,167733,19,
515450,173220,19,
489378,172861,19,
497406,125809,19,
514173,139330,19,
520809,176718,19,
499009,205823,19,
509773,148899,19,
505117,141877,19,
494698,176711,19,
501334,163002,19,
502500,176532,19,
546565,151576,19,
520878,209094,19,
486891,175164,19,
512241,169240,19,
569692,182365,19,
491382,122267,19,
457033,127590,19,
535453,200970,19,
436641,55171,-1,
520845,176291,19,
496130,178113,19,
507473,227670,19,
507092,175151,19,
493714,173387,19,
528826,154067,19,
509951,176794,19,
505400,160422,19,
473316,162622,19,
489504,146224,19,
516888,152451,19,
505128,175022,19,
520819,181586,19,
506812,167031,19,
495032,203929,19,
508789,174256,19,
502302,210265,19,
511106,122518,19,
486997,164803,19,
535787,199735,19,
540364,163758,19,
496006,191010,19,
497454,172375,19,
488330,173837,19,
547076,156969,19,
509956,141698,19,
516084,178725,19,
535034,172649,19,
529858,213114,19,
496384,166644,19,
519201,139101,19,
575022,213534,19,
469404,181944,19,
464672,193513,19,
491609,180519,19,
470314,178936,19,
481067,172555,19,
508797,176269,19,
491145,206344,19,
485361,169229,19,
474527,107596,19,
499643,171625,19,
514722,190943,19,
474641,81263,-1,
495995,160032,19,
516963,174184,19,
521006,163218,19,
434581,123267,-1,
514876,182995,19,
501416,172980,19,
513991,165072,19,
512900,219252,19,
510739,121103,19,
509522,174376,19,
507862,172954,19,
512716,181316,19,
483423,111797,19,
505603,147517,19,
482628,171320,19,
541790,172616,19,
473649,178184,19,
520763,250478,19,
494000,189403,19,
533931,173291,19,
485110,150541,19,
528679,199079,19,
545699,174099,19,
517495,186329,19,
520461,173217,19,
456821,105575,19,
495388,156422,19,
514934,219169,19,
508989,168995,19,
500474,169746,19,
504511,149234,19,
467144,147308,19,
512733,174091,19,
452791,156805,19,
488800,197919,19,
593887,210595,-1,
561725,168220,19,
528011,201615,19,
514428,222503,19,
512051,145220,19,
472054,129986,19,
507959,166780,19,
518068,137556,19,
561110,219865,19,
563315,215613,19,
523779,163905,19,
490037,164357,19,
519421,154681,19,
504373,165819,19,
513957,139202,19,
486422,178919,19,
533351,147778,19,
511030,221292,19,
496069,102201,19,
496491,171534,19,
497254,171940,19,
518892,165875,19,
481083,151953,19,
507741,178883,19,
486224,196184,19,
509039,173839,19,
462658,75167,-1,
519680,208378,19,
499676,196897,19,
480876,160465,19,
521032,177084,19,
486034,196122,19,
505225,158750,19,
485968,123023,19,
478442,125560,19,
502355,164119,19,
502915,183059,19,
497211,174121,19,
537174,194410,19,
505293,194591,19,
491442,116195,19,
473202,140745,19,
505079,219082,19,
541455,223176,19,
528938,174372,19,
528094,178343,19,
520759,184923,19,
538994,179328,19,
507832,181513,19,
493897,189627,19,
514408,173338,19,
514391,156592,19,
513362,223841,19,
443618,157237,19,
477746,163845,19,
480571,204150,19,
486326,174643,19,
505384,174535,19,
541220,177840,19,
522869,176818,19,
497255,188783,19,
545240,221008,19,
512291,169608,19,
576158,210283,19,
508099,175066,19,
545455,182232,19,
537836,177165,19,
508597,173640,19,
507445,193647,19,
524397,239456,19,
527753,213985,19,
528766,239937,19,
481356,162127,19,
541498,192746,19,
506142,170513,19,
494574,198972,19,
477901,173288,19,
509223,177592,19,
532010,176195,19,
541006,175198,19,
490355,153464,19,
566524,179796,19,
550216,184337,19,
516085,195504,19,
523796,219588,19,
511118,175212,19,
445043,152257,19,
497582,190801,19,
514622,206979,19,
479631,178459,19,
496476,140337,19,
498389,178069,19,
506361,225237,19,
519396,177174,19,
529409,157228,19,
501111,157402,19,
514219,167014,19,
558307,203307,19,
545957,196749,19,
508080,175697,19,
589900,217899,19,
509383,167302,19,
474516,189144,19,
498730,183037,19,
473093,188791,19,
471328,176297,19,
510901,175806,19,
559809,162597,19,
499272,168413,19,
514981,172608,19,
511289,183247,19,
455460,153040,19,
519962,175210,19,
532549,172894,19,
516128,178722,19,
519113,194925,19,
502877,192740,19,
520782,134308,19,
574369,207483,19,
515494,188459,19,
486870,146947,19,
484395,107291,19,
504243,237336,19,
483776,213021,19,
536623,213083,19,
544539,180391,19,
502002,166223,19,
500801,185558,19,
525670,184762,19,
481841,209337,19,
494317,170837,19,
521153,242968,19,
473933,191767,19,
524502,248106,19,
487952,168607,19,
460133,173081,19,
453261,148432,19,
491792,214464,19,
497815,165151,19,
515348,184750,19,
598908,254032,-1,
558478,213316,19,
538228,168834,19,
464634,173867,19,
518675,175686,19,
533566,214619,19,
540196,180312,19,
500360,213540,19,
517882,175467,19,
549642,157506,19,
511368,173673,19,
506815,173387,19,
500192,192292,19,
533775,163036,19,
511484,160453,19,
489062,200329,19,
537514,179689,19,
551867,170425,19,
406184,394506,20,
417996,408162,20,
428667,451233,20,
425386,379634,20,
388202,405780,20,
370955,325071,-1,
353749,391896,20,
398629,401626,20,
393402,401018,20,
465599,383470,20,
400257,404936,20,
444610,400247,20,
392046,391220,20,
410506,395586,20,
508805,429073,-1,
424782,449687,20,
384467,407359,20,
397399,403186,20,
449683,388863,20,
387756,435588,20,
451753,383440,20,
414448,429790,20,
394599,409068,20,
387330,409037,20,
402109,430185,20,
393825,453067,20,
412111,418466,20,
397213,377839,20,
361159,436327,20,
383075,447616,20,
383832,340506,-1,
402227,414685,20,
411957,397796,20,
377408,395123,20,
417231,381303,20,
442915,420573,20,
415394,396940,20,
420792,430901,20,
397791,444527,20,
385804,393101,20,
384572,388523,20,
402069,434868,20,
414997,432597,20,
392919,405103,20,
396150,430329,20,
439145,407748,20,
401240,354085,20,
424228,442208,20,
336023,416862,20,
351352,362910,20,
413549,408517,20,
341775,425156,20,
424811,413300,20,
402677,412615,20,
419118,421655,20,
354601,358760,20,
410682,349328,20,
399020,404042,20,
392258,405478,20,
353941,399967,20,
411471,446824,20,
397158,370362,20,
431117,394746,20,
395246,392783,20,
400468,405703,20,
354094,424230,20,
352429,359750,20,
358830,431609,20,
387039,365758,20,
395013,387179,20,
400545,404212,20,
435067,403802,20,
394436,450912,20,
376444,371957,20,
433463,410297,20,
426625,475977,-1,
424241,452915,20,
396520,405610,20,
347638,429109,20,
374797,407601,20,
451670,388347,20,
373684,418326,20,
412615,403902,20,
392428,402295,20,
389868,410718,20,
383022,409854,20,
468350,395883,20,
373339,398565,20,
383878,376230,20,
434815,388041,20,
368864,411216,20,
321050,422497,20,
276794,384458,-1,
383197,409869,20,
381340,409680,20,
415521,368125,20,
404288,349685,20,
367922,415238,20,
422056,382193,20,
407334,445969,20,
373917,427628,20,
422261,374345,20,
392728,411341,20,
336585,420977,20,
401730,354294,20,
401854,402867,20,
401330,395538,20,
393903,387227,20,
399188,402459,20,
389510,370897,20,
399858,403574,20,
343651,438750,20,
388743,388465,20,
398246,406245,20,
400727,396769,20,
399077,403968,20,
402071,427626,20,
405902,394724,20,
383992,398245,20,
372230,412488,20,
418086,394699,20,
400305,466024,20,
380458,329635,-1,
338347,337961,-1,
411171,426853,20,
392447,408539,20,
375233,399429,20,
385338,440797,20,
397764,406712,20,
414290,393146,20,
394846,407130,20,
402252,414628,20,
332913,385678,20,
396517,394572,20,
388479,343648,20,
405569,411933,20,
444816,409502,20,
393659,439272,20,
415222,434798,20,
396621,381952,20,
416893,347737,20,
398980,407667,20,
404273,429948,20,
397851,400846,20,
447192,359893,-1,
350428,392503,20,
451853,420873,20,
402566,415798,20,
362753,369848,20,
407188,396576,20,
380139,434251,20,
409167,449719,20,
405470,392374,20,
359036,365793,20,
398617,402424,20,
408714,391412,20,
382222,441817,20,
403751,385539,20,
400548,402390,20,
393828,404314,20,
373943,376926,20,
390182,360941,20,
391776,409868,20,
342501,336320,-1,
401923,417123,20,
342400,426090,20,
405325,407466,20,
369480,377148,20,
416110,374296,20,
401162,412142,20,
442931,430123,20,
478361,409520,20,
401313,405195,20,
357466,354094,20,
417617,414816,20,
417281,410881,20,
470047,410943,20,
378824,430343,20,
369227,397853,20,
397918,462032,20,
397331,407010,20,
427810,400178,20,
401708,409924,20,
426172,363147,20,
401411,414503,20,
409823,412908,20,
386068,422517,20,
398255,405428,20,
346358,384801,20,
397735,448097,20,
348847,425164,20,
394761,461494,20,
357253,388075,20,
402267,410395,20,
415233,441297,20,
404445,402466,20,
408224,399767,20,
369044,371649,20,
343119,382074,20,
416750,435776,20,
387103,401925,20,
368200,364844,20,
393758,439738,20,
418623,404382,20,
402660,406054,20,
427749,457110,20,
405356,391545,20,
432184,395118,20,
322936,368566,-1,
402710,424367,20,
456025,389630,20,
395450,407822,20,
377941,403683,20,
407576,434017,20,
348263,386451,20,
391966,387214,20,
392576,406460,20,
380236,460907,20,
398153,407081,20,
399942,385908,20,
398795,472619,20,
467535,416014,20,
377758,413906,20,
398724,404179,20,
396710,378698,20,
377588,402670,20,
408992,462226,20,
423371,373970,20,
412861,434751,20,
403160,392159,20,
395168,404189,20,
399346,423786,20,
409244,460295,20,
429515,393708,20,
370602,353215,20,
356739,417826,20,
408147,436628,20,
436362,379677,20,
399291,386712,20,
396081,396707,20,
419200,403389,20,
383855,390984,20,
370252,347498,20,
460198,402706,20,
418046,358461,20,
408500,393942,20,
397618,404912,20,
392660,395873,20,
406739,400918,20,
439048,403700,20,
392424,375266,20,
379128,418858,20,
391970,419802,20,
389279,424006,20,
468907,448885,-1,
410601,410653,20,
396556,406492,20,
417795,405673,20,
375971,427549,20,
414374,439977,20,
368363,409733,20,
402081,407514,20,
399753,404222,20,
424840,479570,-1,
381863,416651,20,
394606,401451,20,
389520,406500,20,
418140,415328,20,
387461,394402,20,
391384,413273,20,
391439,399819,20,
365223,422531,20,
407189,437102,20,
415933,422485,20,
402031,426039,20,
428513,456990,20,
382396,405483,20,
368166,429422,20,
418636,440000,20,
411674,402377,20,
424365,371987,20,
394159,411676,20,
371548,414612,20,
460628,434107,20,
399717,403257,20,
361875,448199,20,
393424,399084,20,
333682,401078,20,
377870,377550,20,
405117,364266,20,
452398,378671,20,
397889,398501,20,
424089,352640,20,
417494,392231,20,
402851,395579,20,
376493,366302,20,
460684,371809,20,
449571,387141,20,
405322,414743,20,
420489,448078,20,
377975,461076,20,
492551,434649,-1,
477323,384551,20,
359740,379592,20,
429653,438596,20,
361814,411086,20,
400660,404811,20,
410418,409414,20,
392162,355397,20,
376145,414107,20,
371464,328177,-1,
379593,380662,20,
448231,384406,20,
404157,406324,20,
420616,401526,20,
398985,413427,20,
400538,407020,20,
391530,398743,20,
408182,408351,20,
435926,408504,20,
411090,435389,20,
398311,383357,20,
409291,431539,20,
399460,399410,20,
400473,408327,20,
399693,395271,20,
431437,436764,20,
312123,419763,-1,
411053,432808,20,
401616,404245,20,
364455,436191,20,
407833,402474,20,
367864,442851,20,
437870,375761,20,
308726,371721,-1,
418996,389541,20,
371498,393120,20,
407429,399155,20,
380749,403860,20,
399997,411205,20,
377215,418429,20,
380202,396671,20,
436034,385951,20,
395210,357805,20,
415136,446807,20,
315013,318367,-1,
372424,413163,20,
340966,420480,20,
354767,417464,20,
387165,404027,20,
854654,549222,4,
889260,541423,4,
870826,524625,4,
868025,569296,4,
861364,598127,4,
825141,535997,4,
906640,587296,4,
906396,535803,4,
887896,558572,4,
817776,525600,4,
844066,546029,4,
848976,558706,4,
897131,604582,4,
845120,549830,4,
872241,556733,4,
857818,534525,4,
794265,594573,4,
857126,548151,4,
842786,614034,21,
889975,589361,4,
841130,529745,4,
813561,583156,4,
855603,542414,4,
887556,531797,4,
837032,509264,4,
852037,649724,6,
793791,581315,4,
904450,533427,4,
879722,550246,4,
839088,528460,4,
869369,536868,4,
871873,509094,4,
900991,497149,4,
919544,541255,4,
860520,544023,4,
863042,557890,4,
889805,522039,4,
879031,489881,4,
852918,552112,4,
903840,586229,4,
932662,537069,4,
908506,549611,4,
867533,542290,4,
844617,499013,4,
862002,534006,4,
883981,607581,4,
864265,549505,4,
883062,547498,4,
860870,546516,4,
895565,501871,4,
843344,604964,21,
864059,545894,4,
830888,544022,4,
858819,544904,4,
853562,531620,4,
873791,606643,4,
859213,538040,4,
841843,503359,4,
842719,506205,4,
847904,574114,4,
863859,546898,4,
888919,535805,4,
855045,547633,4,
863102,545783,4,
829747,530312,4,
850607,565348,4,
810277,520837,4,
879104,595389,4,
840406,538772,4,
838367,536676,4,
837457,518745,4,
861519,531277,4,
816056,542574,4,
862534,547936,4,
808555,600511,-1,
862571,550965,4,
832010,554080,4,
882403,534710,4,
840020,568424,4,
865030,541150,4,
846594,522941,4,
890223,556874,4,
873136,513309,4,
846622,553552,4,
905770,531812,4,
803216,577565,4,
914183,620056,4,
877510,555087,4,
861193,573954,4,
840994,578455,4,
875640,561262,4,
876782,536438,4,
849501,552769,4,
866973,550375,4,
906382,534459,4,
822722,553764,4,
861656,545794,4,
856991,546255,4,
865081,551012,4,
895680,609341,4,
867801,548156,4,
846324,557586,4,
840059,534876,4,
860473,545982,4,
937823,540173,-1,
886532,500026,4,
904133,534915,4,
880545,506175,4,
833499,504718,4,
854979,539793,4,
818739,545052,4,
825596,639465,6,
838036,542999,4,
846216,528037,4,
850790,525740,4,
864040,538985,4,
869818,543227,4,
879309,561548,4,
860563,534839,4,
846082,541026,4,
860151,543055,4,
847292,559228,4,
838239,576018,4,
837307,548214,4,
853093,586321,4,
884326,479802,4,
838978,622330,21,
842903,567914,4,
832490,450680,-1,
844948,563321,4,
859577,544625,4,
908409,591215,4,
819843,570485,4,
875625,599766,4,
887780,536497,4,
884613,507507,4,
849858,524682,4,
846741,539481,4,
870630,516603,4,
843111,581603,4,
869718,536928,4,
857648,511640,4,
881571,532467,4,
860230,528054,4,
861966,562885,4,
898736,548642,4,
961951,577029,-1,
866878,501919,4,
874791,559085,4,
874239,594786,4,
915504,527751,4,
758172,608152,-1,
859515,505303,4,
861033,507671,4,
837880,444574,-1,
827672,545966,4,
869960,562146,4,
858151,548242,4,
877440,529137,4,
821835,564313,4,
846371,578530,4,
829482,475863,-1,
860507,526669,4,
878696,530134,4,
837312,572687,4,
886773,509047,4,
879805,547494,4,
859679,541785,4,
910683,612854,4,
860863,546060,4,
874110,541972,4,
790149,565157,4,
873984,580836,4,
873742,448214,-1,
894785,440382,-1,
874312,574582,4,
879902,518647,4,
851462,526597,4,
839012,550376,4,
808097,502521,4,
879500,590791,4,
864721,548447,4,
866044,584750,4,
876151,582116,4,
819250,517655,4,
807278,566392,4,
872033,558924,4,
894268,532597,4,
846752,613846,21,
850478,566230,4,
849777,531138,4,
823584,568458,4,
823202,619103,-1,
843715,568319,4,
861023,545953,4,
889743,560547,4,
862785,579661,4,
880833,537039,4,
854374,550707,4,
842616,515205,4,
860721,547751,4,
831024,505776,4,
829240,591428,4,
860384,555572,4,
853348,525893,4,
849118,571562,4,
856167,542249,4,
853874,560250,4,
838808,524944,4,
814561,575281,4,
773292,531652,-1,
891515,520429,4,
805884,549492,4,
833437,556713,4,
843432,490725,4,
791355,529644,-1,
865157,562132,4,
920249,551171,4,
808777,512952,4,
898916,630099,-1,
863706,491401,4,
857231,551055,4,
877413,541536,4,
838821,563842,4,
854037,528890,4,
824475,518063,4,
857360,562228,4,
856437,532452,4,
862117,600081,4,
839280,539324,4,
885379,603686,4,
859185,553000,4,
865020,550686,4,
882007,593653,4,
861027,546004,4,
846772,509036,4,
844627,556401,4,
861069,548327,4,
854342,541611,4,
844086,531300,4,
923996,594948,-1,
832154,559403,4,
803202,549001,4,
856619,544008,4,
897286,558004,4,
851216,516166,4,
858537,548576,4,
828001,524067,4,
849327,548496,4,
858278,544519,4,
793875,473793,-1,
766617,548142,-1,
847728,576707,4,
858418,546935,4,
816840,539239,4,
852687,540692,4,
861927,562723,4,
892382,513991,4,
811745,461099,-1,
800152,576217,4,
870139,566584,4,
859492,572224,4,
830226,483466,4,
850674,533083,4,
834632,541216,4,
899052,526048,4,
925485,596955,-1,
893145,551400,4,
839493,521150,4,
883434,581923,4,
873380,495161,4,
765011,607246,-1,
898578,612291,4,
906772,510158,4,
858325,586062,4,
795909,462864,-1,
812634,554848,4,
846841,533595,4,
810817,509540,4,
826192,577784,4,
856552,545271,4,
848628,503773,4,
784291,581417,4,
890613,567037,4,
870936,575427,4,
851166,532382,4,
871544,592403,4,
870337,534303,4,
819580,545900,4,
912649,498734,4,
870214,556246,4,
853279,560714,4,
857319,543529,4,
878519,606677,4,
858057,542933,4,
860375,544804,4,
888111,525539,4,
892877,544283,4,
788776,582930,4,
875311,542259,4,
875248,462524,4,
835831,555864,4,
885828,586348,4,
916704,609548,4,
893991,544467,4,
866352,535933,4,
872247,494281,4,
832372,600070,-1,
902302,514170,4,
877298,565604,4,
873636,510687,4,
854818,554389,4,
915666,506439,4,
905849,524809,4,
862062,545736,4,
871981,649086,-1,
900829,590250,4,
859419,546754,4,
855983,534803,4,
916082,517633,4,
874877,535143,4,
885963,528959,4,
853439,518568,4,
855177,626376,21,
814249,488483,4,
857283,548467,4,
865489,548920,4,
913686,576892,4,
880275,564545,4,
861381,546835,4,
880958,588608,4,
868979,528502,4,
872237,555834,4,
861868,549168,4,
836951,546244,4,
836874,555991,4,
769546,554722,-1,
855074,542557,4,
868128,568529,4,
878859,540155,4,
852267,498220,4,
874125,543036,4,
846646,548548,4,
851517,541076,4,
806888,492319,4,
831779,577161,4,
860259,545444,4,
892423,530999,4,
838442,506780,4,
853291,557685,4,
730887,825972,-1,
645233,927201,22,
645563,819480,22,
573324,878802,-1,
693699,822637,22,
649412,856993,22,
684558,878573,22,
656658,854609,22,
651506,856097,22,
618405,842859,22,
667280,765619,-1,
600996,890782,-1,
674463,862486,22,
676694,851597,22,
620685,880813,22,
716590,874975,22,
721401,951880,23,
657094,857640,22,
644693,867371,22,
633601,861482,22,
673646,857346,22,
657184,855509,22,
708244,871834,22,
659081,860560,22,
657811,885904,22,
642843,909185,22,
709303,897538,22,
610505,851476,22,
612648,772280,-1,
673196,812941,22,
673267,883727,22,
694451,863981,22,
678869,902492,22,
690018,819280,22,
677983,890077,22,
639997,865965,22,
709254,847444,22,
679799,858680,22,
664355,831472,22,
659166,861665,22,
692386,863386,22,
688076,833905,22,
680506,840053,22,
641840,886745,22,
673292,857105,22,
622212,860015,22,
736557,897961,-1,
668234,886696,22,
675013,876331,22,
675902,853961,22,
695092,820091,22,
730287,897070,22,
691716,873426,22,
722404,952207,23,
678606,878004,22,
664156,846474,22,
688118,911574,22,
674492,861230,22,
675382,836312,22,
664639,925795,22,
626334,852383,22,
669690,842110,22,
653177,819935,22,
674265,861435,22,
677404,883871,22,
672212,860894,22,
715956,900724,22,
674236,877152,22,
679818,860064,22,
578509,923881,-1,
680381,823757,22,
720629,816515,-1,
640210,902029,22,
671772,860357,22,
618009,867493,22,
672628,882986,22,
680261,863401,22,
682100,853708,22,
681049,846975,22,
668567,856554,22,
656957,871011,22,
662293,872590,22,
673953,835926,22,
718544,888401,22,
648590,917839,22,
699124,824089,22,
668367,855686,22,
675866,868784,22,
700098,894685,22,
683156,877209,22,
661357,801817,22,
789095,895634,-1,
673332,857517,22,
627452,835854,22,
672059,860501,22,
665048,854911,22,
683580,872374,22,
668839,882598,22,
682510,905902,22,
671235,856653,22,
680228,843225,22,
662249,918050,22,
674961,865594,22,
679211,886670,22,
676220,858214,22,
567861,856582,-1,
668228,858122,22,
682241,850176,22,
712262,856869,22,
671325,856592,22,
680592,858526,22,
683098,847245,22,
646816,829778,22,
675633,863416,22,
677551,860007,22,
683656,842406,22,
678195,860537,22,
700747,821557,22,
679054,898217,22,
676360,866112,22,
665308,868551,22,
665775,845662,22,
660459,860658,22,
670119,859029,22,
672068,874862,22,
644301,925034,22,
704574,866263,22,
665660,828338,22,
680579,836946,22,
682053,853410,22,
672544,859978,22,
713088,880834,22,
680969,838864,22,
674151,853540,22,
664903,839150,22,
641902,755287,-1,
683610,910782,22,
676962,897430,22,
594720,848457,22,
658748,777680,-1,
700341,869730,22,
640432,837036,22,
668519,860048,22,
672668,861428,22,
638004,837697,22,
673071,856021,22,
668772,858570,22,
636871,929410,22,
599612,859210,22,
739318,810528,-1,
654937,781879,-1,
663095,949045,-1,
658734,883214,22,
647968,877873,22,
682699,851115,22,
684739,884934,22,
667620,855461,22,
616281,845406,22,
697161,840318,22,
679237,862389,22,
664260,859029,22,
674121,858589,22,
700962,927047,-1,
723397,859761,22,
648230,857418,22,
677896,867053,22,
680828,839011,22,
680757,826912,22,
673826,880137,22,
694897,834591,22,
683585,905984,22,
671609,815681,22,
669748,863109,22,
674659,860894,22,
659734,844127,22,
656156,868643,22,
653258,860766,22,
684131,898331,22,
666516,859837,22,
655237,871554,22,
653592,959882,-1,
659280,845579,22,
646422,900526,22,
627580,840406,22,
604546,847329,22,
631316,837043,22,
705518,925936,-1,
662898,884734,22,
718088,852181,22,
666315,872311,22,
710082,881600,22,
674433,860605,22,
685821,816579,22,
678856,850293,22,
669427,846395,22,
687043,806921,22,
657981,866945,22,
676480,860779,22,
704065,832648,22,
669178,866011,22,
693783,860206,22,
683027,876064,22,
670957,810768,22,
674134,908464,22,
637665,858741,22,
664325,877878,22,
664025,801796,22,
672800,874378,22,
685124,873363,22,
674496,870664,22,
684602,823981,22,
677769,841641,22,
651576,865180,22,
650720,817440,22,
674472,860330,22,
673028,860593,22,
683413,861559,22,
669638,842011,22,
674365,860819,22,
687360,862438,22,
662684,813662,22,
673242,886958,22,
674311,859933,22,
595580,798572,-1,
636769,854047,22,
685551,798742,22,
663945,828490,22,
717187,883275,22,
706906,885612,22,
675988,841317,22,
671976,864630,22,
669366,869654,22,
651216,815098,22,
676767,832479,22,
657879,857942,22,
665828,868934,22,
674905,876286,22,
640000,863831,22,
672818,881943,22,
634800,823669,22,
658590,886551,22,
639463,847461,22,
625416,868848,22,
672266,862875,22,
723173,872525,22,
688098,908495,22,
673410,863889,22,
679788,889464,22,
615826,863168,22,
598671,854219,22,
753254,840123,-1,
669430,905798,22,
726847,875488,22,
648443,845340,22,
674114,970756,-1,
675551,956849,-1,
677459,896720,22,
634004,895206,22,
653745,809028,22,
682420,846881,22,
666636,858686,22,
682481,879399,22,
656834,885944,22,
718257,857481,22,
672598,856928,22,
693997,774817,-1,
612392,916853,-1,
671444,860206,22,
671404,857240,22,
689628,868984,22,
704570,845515,22,
652233,886054,22,
705929,851313,22,
682315,843851,22,
667131,849230,22,
707894,904500,22,
649345,864613,22,
629998,877765,22,
659542,840985,22,
621278,888326,22,
682304,876841,22,
679747,860939,22,
663049,843538,22,
672876,844123,22,
689948,850548,22,
696257,894819,22,
629377,853726,22,
658034,897179,22,
696808,866039,22,
699668,863774,22,
669697,859388,22,
606506,766728,-1,
672474,868765,22,
697011,856357,22,
708262,945359,23,
653181,886417,22,
674521,861127,22,
729194,856897,22,
663168,859429,22,
644843,838626,22,
672797,843231,22,
680677,868629,22,
614497,830844,22,
646671,857872,22,
679242,853941,22,
665697,929571,22,
749941,916922,-1,
602365,916673,-1,
684537,843821,22,
694308,904062,22,
731712,878998,22,
667713,847241,22,
730383,879136,22,
689363,817577,22,
728743,850843,22,
683941,915579,22,
722463,882675,22,
670519,870010,22,
683252,858182,22,
669288,860515,22,
675357,870850,22,
673449,860643,22,
687325,883004,22,
603472,894573,-1,
669713,851017,22,
693362,837786,22,
605535,925341,-1,
687078,791051,22,
672387,800443,22,
683048,937776,-1,
713579,879202,22,
571669,873544,-1,
695260,824882,22,
702654,841548,22,
601619,825604,22,
564416,878492,-1,
703773,870419,22,
674931,870112,22,
673140,864863,22,
681053,892766,22,
683321,873932,22,
701017,931252,23,
645677,814395,22,
677362,853471,22,
659046,930099,22,
665426,853940,22,
691827,863963,22,
650661,861267,22,
599647,858702,22,
684091,842566,22,
