664159,550946,1,
665845,557965,1,
597173,575538,1,
618600,551446,1,
635690,608046,1,
588100,557588,1,
582015,546191,1,
604678,574577,1,
572029,518313,1,
604737,574591,1,
577728,587566,1,
602013,574722,1,
627968,574625,1,
607269,536961,1,
603145,574795,1,
671919,571761,1,
612184,570393,1,
600032,575310,1,
627912,593892,1,
601967,604428,1,
591851,569051,1,
601444,572693,1,
629718,558104,1,
661430,603567,1,
597551,556737,1,
601182,582584,1,
562704,570596,1,
605107,563429,1,
607214,575069,1,
568824,570203,1,
612485,518009,1,
589244,573777,1,
625579,551084,1,
560237,500154,-1,
626224,569687,1,
610666,551701,1,
597428,569940,1,
600582,599535,1,
604168,555003,1,
613871,550423,1,
617310,551945,1,
625728,579460,1,
606300,566708,1,
638559,558807,1,
582176,630383,1,
544056,577786,1,
631297,578351,1,
561574,621747,1,
604973,574773,1,
605284,556134,1,
617910,592293,1,
555904,640401,-1,
526559,509417,-1,
603849,572396,1,
598634,619900,1,
603359,589262,1,
657455,567754,1,
614279,599251,1,
578496,631434,1,
645171,595209,1,
688015,533535,-1,
656477,573007,1,
540029,563888,1,
597418,538362,1,
613545,574733,1,
628696,542447,1,
604157,574191,1,
603126,497987,1,
605850,533310,1,
596179,529556,1,
610330,552628,1,
598184,531473,1,
620438,511694,1,
600202,622079,1,
603021,577991,1,
515612,540643,-1,
606548,574376,1,
593490,623110,1,
607084,595500,1,
583728,563146,1,
616044,533807,1,
624452,584622,1,
604438,574666,1,
625709,660145,-1,
601376,579831,1,
565148,557305,1,
639418,537903,1,
612799,537497,1,
583653,652182,1,
599808,596484,1,
605250,573272,1,
606738,601356,1,
611044,571814,1,
575440,568511,1,
616329,529516,1,
605927,572533,1,
609286,586782,1,
647354,579190,1,
606929,571420,1,
562920,559223,1,
680357,620811,-1,
707100,601463,-1,
604294,574368,1,
614917,600946,1,
611508,503220,1,
603789,574474,1,
551740,588768,1,
546031,570429,1,
569197,559307,1,
688712,568754,1,
604067,574091,1,
606809,572101,1,
588597,622592,1,
613840,534167,1,
576263,547239,1,
597077,568196,1,
601339,571609,1,
606011,569426,1,
593398,559764,1,
593166,622725,1,
609796,532982,1,
712648,607541,-1,
585048,505097,-1,
525967,565687,1,
660327,585901,1,
607604,573951,1,
604001,573587,1,
591484,571087,1,
613868,585089,1,
645464,660478,-1,
538571,654649,-1,
555429,604551,1,
597620,586226,1,
586097,567445,1,
545235,539822,-1,
649088,575733,1,
599123,616977,1,
563763,559454,1,
617717,613939,1,
618869,577243,1,
567188,560044,1,
636628,533309,1,
560362,567914,1,
595014,632844,1,
605876,550640,1,
604352,573425,1,
600679,599545,1,
596891,579476,1,
614943,540976,1,
604415,571400,1,
603698,573585,1,
658199,568743,1,
598759,582942,1,
671269,590258,1,
593317,534085,1,
657985,453405,2,
608557,590278,1,
623004,508050,1,
601900,569391,1,
641031,593074,1,
589658,640498,1,
567565,573952,1,
559078,570088,1,
639431,588155,1,
566609,537592,1,
568570,579335,1,
660650,615038,1,
667639,571164,1,
596796,529933,1,
606111,617846,1,
616060,590779,1,
602873,527864,1,
571334,594145,1,
602167,543919,1,
605100,573307,1,
546640,560043,1,
585195,555011,1,
651740,589474,1,
589112,536573,1,
582057,543124,1,
690968,555952,-1,
609030,552436,1,
632125,541413,1,
603445,630598,1,
628264,616214,1,
577242,574073,1,
604090,574392,1,
607911,576556,1,
600665,638890,1,
600117,539079,1,
631182,565466,1,
695646,652231,-1,
619445,567491,1,
613191,571942,1,
567428,580005,1,
590583,623314,1,
606289,670243,-1,
585175,574133,1,
634967,579020,1,
614615,574437,1,
593061,579188,1,
606933,576409,1,
606587,573873,1,
594084,629464,1,
683697,581516,1,
601530,577183,1,
603055,589818,1,
616561,619007,1,
607463,477085,2,
611581,572630,1,
579712,568354,1,
602887,595245,1,
600039,557139,1,
605913,579526,1,
579773,568698,1,
606324,544357,1,
605958,573728,1,
606144,575076,1,
667472,570571,1,
580048,565009,1,
597802,576113,1,
610263,574422,1,
603855,575180,1,
624369,532153,1,
599870,591110,1,
577167,617095,1,
658403,611332,1,
563460,480559,-1,
610980,522819,1,
569422,567790,1,
627727,578737,1,
592804,584539,1,
540783,626497,-1,
591823,639096,1,
637323,549567,1,
638078,629421,-1,
611315,560757,1,
647103,573853,1,
522993,595581,1,
601187,531825,1,
533799,564377,1,
649034,528813,1,
620975,564344,1,
622407,583192,1,
597026,642918,1,
551291,576721,1,
608768,610525,1,
697959,614701,-1,
658281,582264,1,
546632,599204,1,
672565,564468,1,
636500,587401,1,
696144,548705,-1,
533551,582247,1,
526802,551524,1,
553038,606418,1,
696601,603624,-1,
588964,597435,1,
716139,621721,-1,
608529,586311,1,
557378,567033,1,
589994,610890,1,
589344,563119,1,
624415,515911,1,
565483,551512,1,
584895,574666,1,
582777,542670,1,
639394,576728,1,
608298,573748,1,
663578,586265,1,
628080,562986,1,
597421,554767,1,
595193,576508,1,
658103,572250,1,
659529,498474,-1,
606415,581386,1,
641976,577433,1,
587466,564953,1,
589180,595099,1,
601885,573083,1,
580561,528916,1,
621726,578003,1,
558817,576255,1,
620213,574468,1,
594010,570095,1,
541976,512639,-1,
593840,578685,1,
602667,575857,1,
631446,561156,1,
596481,567449,1,
611318,581584,1,
568546,564911,1,
593865,572987,1,
597017,575588,1,
578804,573582,1,
673750,594081,1,
592714,553958,1,
594029,586701,1,
668502,563937,1,
629533,537542,1,
801539,318482,3,
801667,318542,3,
814045,332998,3,
800479,321640,3,
757470,224976,3,
844536,424646,-1,
797105,316002,3,
779956,271501,3,
797205,313318,3,
801323,316240,3,
783666,262902,3,
806131,312752,3,
830658,368694,3,
802482,335269,3,
801910,325434,3,
808062,337340,3,
789833,304422,3,
803603,327255,3,
800865,312968,3,
802237,318526,3,
803959,315173,3,
800123,312312,3,
780927,285057,3,
797242,324588,3,
801551,320544,3,
809182,319115,3,
801931,317202,3,
870801,476330,4,
820327,352701,3,
801093,317509,3,
798523,324500,3,
805237,318655,3,
803375,311620,3,
801441,323812,3,
797313,317527,3,
788220,301915,3,
790395,300024,3,
817135,349925,3,
797787,301470,3,
804630,332333,3,
808710,330379,3,
802111,320817,3,
796375,309563,3,
819768,346596,3,
814605,354382,3,
800565,319364,3,
802089,313456,3,
814401,341234,3,
796609,319691,3,
776131,248465,3,
803464,329093,3,
802646,317894,3,
809550,327365,3,
795322,311178,3,
830450,393096,3,
778414,260729,3,
800041,318331,3,
802814,320130,3,
802738,312234,3,
823913,369439,3,
803386,318982,3,
812869,346251,3,
798904,324420,3,
800447,331643,3,
807446,342555,3,
804251,329956,3,
797594,302109,3,
803448,314797,3,
765502,240340,3,
795527,315510,3,
794640,313497,3,
808717,335740,3,
790932,305223,3,
816852,352965,3,
826228,376658,3,
795299,312036,3,
808686,332209,3,
809594,344872,3,
799275,324108,3,
878184,487392,4,
798472,322218,3,
824822,367091,3,
746769,205186,-1,
756701,207223,-1,
795489,287279,3,
800483,320713,3,
783491,288029,3,
797162,306135,3,
800272,316170,3,
806827,324616,3,
802853,314938,3,
800804,316615,3,
813173,354777,3,
801588,319814,3,
797400,315778,3,
823840,368410,3,
811391,343836,3,
801055,321833,3,
804038,306622,3,
803780,334441,3,
834173,386159,3,
802784,313853,3,
807293,347456,3,
817119,336333,3,
786635,269352,3,
824624,381716,3,
797415,319840,3,
800772,325023,3,
806626,318966,3,
800845,311838,3,
769386,259892,3,
797272,324228,3,
807409,325526,3,
795836,291870,3,
798321,319665,3,
805372,313397,3,
790738,308028,3,
800667,315995,3,
795205,316433,3,
809054,345541,3,
808452,320117,3,
779897,279572,3,
782642,275308,3,
797569,321799,3,
801751,318110,3,
787644,297715,3,
807401,314610,3,
800677,310656,3,
800394,301473,3,
795571,310093,3,
814158,335578,3,
811913,325091,3,
806982,316680,3,
775604,274485,3,
800133,327081,3,
806511,313841,3,
803796,314893,3,
802012,318315,3,
826789,377676,3,
814108,344096,3,
804354,309671,3,
807017,330432,3,
803774,334756,3,
817410,346944,3,
841928,398948,3,
816145,349032,3,
818622,370753,3,
786245,292352,3,
784164,285702,3,
805390,319676,3,
790774,303642,3,
803277,319525,3,
833182,379714,3,
773023,251826,3,
801609,320399,3,
778965,282290,3,
814317,333112,3,
805080,323708,3,
801080,318049,3,
799724,318884,3,
798059,316113,3,
806176,320301,3,
769876,257669,3,
825716,373098,3,
791983,298565,3,
801386,313545,3,
804871,317801,3,
810903,332925,3,
838276,395673,3,
810543,341180,3,
777978,252419,3,
820258,351165,3,
801997,319385,3,
779437,281959,3,
810253,323873,3,
794826,309589,3,
814280,344223,3,
832651,373469,3,
794142,306704,3,
802041,319504,3,
804190,320706,3,
798983,325682,3,
840462,402858,3,
799912,323363,3,
804119,328544,3,
804358,320802,3,
803057,331037,3,
803031,325811,3,
784151,283760,3,
800444,311497,3,
802004,317772,3,
803470,319069,3,
811277,335577,3,
803332,315488,3,
800037,317963,3,
813436,360446,3,
800694,316789,3,
838129,404012,3,
764997,249477,3,
800316,311699,3,
806848,320541,3,
805462,317833,3,
798308,312788,3,
802655,316263,3,
801456,320080,3,
801309,318213,3,
840886,397888,3,
829529,375007,3,
830805,370801,3,
804979,334141,3,
804013,316083,3,
808489,317021,3,
770113,241615,3,
804332,319006,3,
833661,389733,3,
797834,297329,3,
794956,309980,3,
801232,307078,3,
809552,342258,3,
794615,305632,3,
809259,345634,3,
811502,355939,3,
801301,316893,3,
803370,318247,3,
804702,315881,3,
797009,293194,3,
813791,334609,3,
812965,330224,3,
826048,374236,3,
800959,322309,3,
803405,317316,3,
802254,320673,3,
783116,265635,3,
798633,317300,3,
801482,327644,3,
798612,326404,3,
799001,302014,3,
802537,312497,3,
799794,315080,3,
793892,313943,3,
804691,332987,3,
793855,298525,3,
796952,318633,3,
800655,320227,3,
801780,318992,3,
805977,320805,3,
796916,323332,3,
820904,351763,3,
808405,318841,3,
765283,249459,3,
824212,363776,3,
798981,311092,3,
797178,310439,3,
800582,316980,3,
803839,310353,3,
796283,315582,3,
801145,317601,3,
801662,318423,3,
801782,318281,3,
803377,319212,3,
803932,318781,3,
806192,337849,3,
789583,287700,3,
801586,318947,3,
804251,331304,3,
799667,316830,3,
759789,229116,3,
799021,326404,3,
793684,312065,3,
806320,315242,3,
786234,267976,3,
821151,366545,3,
801903,312794,3,
782506,279930,3,
803627,319323,3,
794991,291216,3,
794667,315069,3,
799291,317500,3,
798243,324160,3,
804408,337683,3,
818119,348676,3,
810502,336169,3,
793560,285392,3,
801326,315779,3,
808644,326320,3,
813645,328765,3,
800966,317165,3,
797111,302781,3,
802431,322048,3,
811061,333595,3,
786719,283364,3,
773955,239849,3,
803701,321815,3,
783110,289805,3,
800235,316652,3,
807421,317527,3,
797947,319734,3,
805035,317469,3,
801166,322298,3,
846693,429031,-1,
801493,322249,3,
806087,326636,3,
810657,329468,3,
801313,300606,3,
800390,309948,3,
801634,318965,3,
799197,314215,3,
795254,296488,3,
807696,320548,3,
800461,326821,3,
801174,320442,3,
809781,326904,3,
826585,366934,3,
804429,312164,3,
788005,292268,3,
801183,316191,3,
378274,816341,5,
406233,813072,5,
401478,785370,5,
448651,847994,5,
434440,822866,5,
369199,734895,5,
413241,771595,5,
369418,733394,5,
378563,789670,5,
424190,780052,5,
415993,776671,5,
421352,799127,5,
432656,783776,5,
383032,788008,5,
414377,771258,5,
425260,773661,5,
469139,810971,5,
442979,803024,5,
347079,803582,5,
412797,803180,5,
352874,807952,5,
442286,755194,5,
416433,786159,5,
419700,793447,5,
422961,821595,5,
400008,789447,5,
429586,775621,5,
457561,788245,5,
415417,785827,5,
389552,750700,5,
415598,786499,5,
443447,783977,5,
404792,749210,5,
389392,730768,5,
473485,847098,5,
491614,778997,5,
437483,785130,5,
452570,848127,5,
417197,778243,5,
405986,787439,5,
437568,794323,5,
420319,794333,5,
418963,746595,5,
469422,822619,5,
397688,762902,5,
418149,790096,5,
407289,798870,5,
360319,778673,5,
473799,795167,5,
445199,763833,5,
446537,828924,5,
410019,732704,5,
396540,815936,5,
407694,718592,5,
417091,792545,5,
442260,754050,5,
411526,784658,5,
407814,765816,5,
394022,803914,5,
481133,781413,5,
396118,794614,5,
458538,786673,5,
419721,789724,5,
424476,781552,5,
377720,727349,5,
448336,789445,5,
412227,787450,5,
408745,824896,5,
417016,774869,5,
395274,786698,5,
412541,806622,5,
412109,735920,5,
407023,787385,5,
376660,815936,5,
396548,784388,5,
508535,830710,-1,
414014,816460,5,
440782,782395,5,
436951,814456,5,
393758,750953,5,
418410,795929,5,
425991,787029,5,
414562,787355,5,
408712,803987,5,
377858,811790,5,
417169,792321,5,
460371,780609,5,
388873,746909,5,
395641,808571,5,
386436,791388,5,
440667,768761,5,
438437,730300,5,
370839,727884,5,
422917,781112,5,
391555,789079,5,
402666,814060,5,
474368,812039,5,
406176,760860,5,
463768,793154,5,
446307,796523,5,
402309,786873,5,
413946,786971,5,
425053,790566,5,
416926,785113,5,
424023,737453,5,
417447,782955,5,
415672,787824,5,
416019,787562,5,
417515,787648,5,
459230,803720,5,
447833,819282,5,
418199,851439,5,
417393,771537,5,
441415,780207,5,
399634,751940,5,
373360,784232,5,
419227,779215,5,
434717,808225,5,
397669,792218,5,
412028,773494,5,
407504,803363,5,
365147,790525,5,
459328,805961,5,
429472,860855,5,
480128,785580,5,
344915,702496,-1,
410969,770451,5,
407460,791404,5,
420476,750495,5,
397747,792207,5,
408428,771823,5,
397806,749559,5,
426040,825049,5,
407565,766203,5,
414317,828815,5,
410610,765111,5,
412388,784064,5,
406337,750353,5,
422419,754048,5,
416039,730594,5,
414512,793966,5,
398478,822297,5,
424375,721868,5,
403890,792420,5,
400902,772920,5,
402367,782997,5,
472917,830363,5,
418621,840463,5,
329002,727685,-1,
418618,811618,5,
425356,745471,5,
470922,770669,5,
400598,790903,5,
412851,774986,5,
492415,829655,-1,
400079,749617,5,
417673,785965,5,
424720,768456,5,
386415,801444,5,
426689,788562,5,
430747,776261,5,
405714,781619,5,
429220,787348,5,
427850,762201,5,
434080,785264,5,
473514,788780,5,
412386,777312,5,
430686,844506,5,
409142,811927,5,
422198,724557,5,
392185,713763,5,
412677,786951,5,
399149,784376,5,
382693,749680,5,
527515,831478,-1,
448519,805219,5,
430779,770145,5,
413556,758080,5,
392140,769924,5,
416855,794023,5,
389713,772742,5,
398498,776720,5,
473727,807244,5,
389410,788256,5,
377230,790154,5,
415564,784464,5,
456799,844976,5,
444336,820061,5,
404359,783919,5,
453154,776082,5,
425019,759577,5,
415895,775793,5,
420083,787815,5,
506612,858859,-1,
436648,859634,5,
403522,785432,5,
401407,759648,5,
403852,792473,5,
367398,701756,-1,
412453,784453,5,
382124,786262,5,
416884,786845,5,
448865,836781,5,
383821,808301,5,
414249,796590,5,
457338,789952,5,
396276,785999,5,
390282,789593,5,
409417,758123,5,
397561,815245,5,
397137,742547,5,
402891,801910,5,
385257,791581,5,
409628,833942,5,
369249,797068,5,
460942,779073,5,
423146,737571,5,
420509,788730,5,
422736,790806,5,
401492,790336,5,
394018,799506,5,
385140,796221,5,
430243,781020,5,
416775,806826,5,
425796,795608,5,
411488,837715,5,
433989,765343,5,
415806,783594,5,
417023,771194,5,
415270,775605,5,
391163,811977,5,
405350,762342,5,
414860,773921,5,
371779,814715,5,
415631,805010,5,
387951,813315,5,
472691,802678,5,
471930,844046,5,
432892,815223,5,
366654,802105,5,
411721,717873,5,
426115,814461,5,
375997,806621,5,
385561,718324,5,
375573,809249,5,
437958,784801,5,
363857,784086,5,
430138,818594,5,
435085,791564,5,
414036,742189,5,
425611,793420,5,
439793,740773,5,
467107,817914,5,
387631,749416,5,
430001,765803,5,
384225,784381,5,
417146,822655,5,
427371,819417,5,
399587,792459,5,
474648,778810,5,
345692,788190,5,
409515,756149,5,
469782,780552,5,
468229,827985,5,
414951,852935,5,
409701,750741,5,
442826,795974,5,
459556,818479,5,
423311,813081,5,
476144,772131,5,
391976,789416,5,
448649,813885,5,
496658,816784,5,
410336,767856,5,
430167,811490,5,
357467,797530,5,
404220,785798,5,
446368,763341,5,
439514,758221,5,
424145,743433,5,
470062,771204,5,
421187,779726,5,
396617,801039,5,
394708,739061,5,
394912,755947,5,
425950,788228,5,
408283,806161,5,
419520,778231,5,
441950,785934,5,
409814,836083,5,
395817,788858,5,
422776,808328,5,
363959,810632,5,
422943,804253,5,
407626,771304,5,
347933,797148,5,
457554,795861,5,
394274,837428,5,
445674,768552,5,
416359,786189,5,
419485,804779,5,
376176,795539,5,
349378,805118,5,
456566,743012,5,
484407,809641,5,
403329,717870,5,
392795,817694,5,
372621,772258,5,
461751,817277,5,
489182,773934,5,
427388,815258,5,
418155,819422,5,
437035,755506,5,
416444,783624,5,
777811,751059,6,
823974,725025,6,
749723,781756,6,
875160,698897,6,
828194,742074,6,
800913,749332,6,
831165,783383,6,
793019,764859,6,
810467,706465,6,
803540,754792,6,
844662,654835,6,
803962,731228,6,
823065,733789,6,
822156,732296,6,
811389,723618,6,
779936,774397,6,
854769,713941,6,
803457,735855,6,
790712,745884,6,
815652,733433,6,
841289,701474,6,
832054,751330,6,
786032,701427,6,
824835,704997,6,
832886,781206,6,
818063,797960,6,
857620,709386,6,
828589,652430,6,
836727,737798,6,
776000,780347,6,
824098,714042,6,
830583,710990,6,
862189,735684,6,
815131,704478,6,
828478,655405,6,
784838,771499,6,
880362,706363,6,
767482,727417,6,
825070,734215,6,
813781,738344,6,
840863,737972,6,
840943,739611,6,
828276,762021,6,
822883,728314,6,
854886,769396,6,
829623,732301,6,
835428,731189,6,
818338,800932,6,
823417,701523,6,
812152,689907,6,
829969,699565,6,
861563,661642,6,
816955,747629,6,
774526,757135,6,
803577,712231,6,
798056,714380,6,
881789,727577,6,
858867,700187,6,
834996,728517,6,
839121,736259,6,
841045,738224,6,
840100,728839,6,
874544,686096,6,
862334,747768,6,
820253,714625,6,
817862,732248,6,
844729,682981,6,
846484,719360,6,
793669,724513,6,
821906,732848,6,
826465,646980,6,
820350,748217,6,
814540,707227,6,
838223,766380,6,
869471,745767,6,
816054,733183,6,
801177,737548,6,
848783,748980,6,
814105,723255,6,
838036,749612,6,
840270,725456,6,
789601,714058,6,
827169,708345,6,
789448,738035,6,
835030,668528,6,
848151,741869,6,
816091,747764,6,
801511,761094,6,
822670,689090,6,
873672,734440,6,
808153,737136,6,
755829,751858,6,
814697,729209,6,
832758,707452,6,
848264,762550,6,
799903,784535,6,
802674,727804,6,
828147,808738,6,
820707,705318,6,
824594,741664,6,
804474,747122,6,
823108,733302,6,
839514,728923,6,
827711,732798,6,
851644,721350,6,
816390,711340,6,
798007,723995,6,
790612,738038,6,
821909,728448,6,
865754,723314,6,
735295,814058,-1,
877711,703850,6,
792990,685472,6,
809917,762429,6,
789388,712210,6,
879221,655497,6,
876935,684572,6,
819439,735945,6,
807929,730950,6,
850451,764015,6,
811748,766105,6,
824765,761114,6,
848586,789052,6,
812231,739235,6,
873532,712802,6,
842590,716861,6,
832798,734777,6,
817640,730018,6,
824322,744720,6,
777697,798253,6,
868493,677155,6,
805658,698630,6,
840349,790707,6,
796953,726378,6,
832589,782799,6,
817441,709397,6,
856029,730586,6,
805089,762512,6,
854628,773470,6,
846090,651306,6,
796943,674692,6,
827192,785316,6,
818209,719382,6,
795200,786424,6,
817777,724927,6,
846512,683647,6,
825080,746712,6,
824674,806300,6,
822616,735941,6,
805391,732659,6,
823250,732088,6,
850376,739749,6,
821337,733356,6,
796786,724615,6,
862425,741010,6,
825690,703854,6,
800872,672603,6,
825395,715780,6,
843911,730036,6,
820238,732928,6,
848570,703697,6,
825515,738284,6,
820367,732364,6,
822025,749214,6,
837718,761480,6,
871723,685520,6,
850904,720163,6,
816775,739989,6,
822103,732911,6,
815455,755486,6,
835648,756631,6,
868626,737331,6,
825997,730652,6,
817252,730254,6,
877906,722361,6,
808440,729985,6,
791470,751113,6,
841654,764836,6,
825429,732758,6,
751215,828365,-1,
804706,788001,6,
820194,734233,6,
869991,705259,6,
809779,663654,6,
822078,711840,6,
866139,717138,6,
829379,718721,6,
837582,763266,6,
783999,732487,6,
800231,732106,6,
862569,719773,6,
838764,652792,6,
849343,713993,6,
828297,715480,6,
821259,750089,6,
874643,729921,6,
819058,729125,6,
817018,729596,6,
797804,715342,6,
838515,768484,6,
829398,724900,6,
754841,796342,6,
878690,739021,6,
821908,732077,6,
786495,759000,6,
823987,687499,6,
787988,741203,6,
839339,726322,6,
822425,727248,6,
854412,725575,6,
788351,737539,6,
838587,700545,6,
840425,762290,6,
817395,734126,6,
807913,737341,6,
872285,750708,6,
788166,702817,6,
836225,709204,6,
822293,786837,6,
888892,702505,6,
822623,745025,6,
795124,696429,6,
832238,725434,6,
815593,689874,6,
843572,784897,6,
833716,758772,6,
822474,780882,6,
801102,759330,6,
841752,731595,6,
808779,732990,6,
822533,758955,6,
817807,715863,6,
837977,728814,6,
801204,755177,6,
819628,810748,6,
814732,734183,6,
832086,716249,6,
876503,659112,6,
823856,749355,6,
819737,737829,6,
818756,743887,6,
811971,664520,6,
801526,705057,6,
827031,734324,6,
843891,721571,6,
810460,735109,6,
782368,759352,6,
801172,715857,6,
866928,716961,6,
829673,730398,6,
850888,736810,6,
786935,732999,6,
769656,721159,6,
804925,735492,6,
870054,738900,6,
818932,728481,6,
853692,746285,6,
807072,687932,6,
750459,800215,6,
823959,737866,6,
835804,710711,6,
790206,747165,6,
813092,739043,6,
801810,728106,6,
825404,733788,6,
820947,730529,6,
827081,694553,6,
822664,720677,6,
768565,762193,6,
823113,733720,6,
821079,800206,6,
828531,731300,6,
820757,738235,6,
781260,737962,6,
819438,662327,6,
833504,744564,6,
789552,731946,6,
822843,763117,6,
775555,719683,6,
865084,713697,6,
820455,729132,6,
849547,738979,6,
762269,792243,6,
821464,700760,6,
824013,753991,6,
803369,698753,6,
823589,728083,6,
796353,710294,6,
820083,728310,6,
829133,735488,6,
823455,747394,6,
818542,740451,6,
809623,734937,6,
841762,777572,6,
802184,751958,6,
803874,675499,6,
830065,739162,6,
824140,729074,6,
852730,769968,6,
866760,753547,6,
811031,703822,6,
825414,734466,6,
816615,770855,6,
786227,765634,6,
817269,733788,6,
809453,736879,6,
757421,774445,6,
818251,731938,6,
788020,765562,6,
823618,734216,6,
812295,728049,6,
837545,696979,6,
797918,694723,6,
822224,742716,6,
821895,732158,6,
797233,713358,6,
800258,733812,6,
813319,737376,6,
860951,162251,7,
860387,157731,7,
857363,154639,7,
863391,126214,7,
839094,159543,7,
849248,164090,7,
875990,133950,7,
905936,150106,7,
895835,123485,7,
818079,108536,7,
898976,198452,7,
869087,153957,7,
849653,143827,7,
834293,161575,7,
844234,153197,7,
835128,212354,7,
828179,155649,7,
875410,128878,7,
850965,156224,7,
800816,176612,7,
832621,150748,7,
876863,176593,7,
826192,172906,7,
862679,188399,7,
839974,154358,7,
854338,135067,7,
855233,141357,7,
850538,160159,7,
868442,160118,7,
888714,205560,7,
864185,161232,7,
851280,156049,7,
875825,204959,7,
840375,155757,7,
892340,149050,7,
873527,126426,7,
836433,200181,7,
826499,142732,7,
854922,159650,7,
883537,210648,7,
807420,168787,7,
840299,118907,7,
834602,213597,7,
864053,139325,7,
856454,117143,7,
857972,160214,7,
850046,108829,7,
804936,148980,7,
864374,150149,7,
858587,150101,7,
870247,121460,7,
855656,162100,7,
850176,127908,7,
850057,157848,7,
828005,145089,7,
861994,160156,7,
849537,157510,7,
867125,168762,7,
838142,156770,7,
847644,164348,7,
856349,158150,7,
860606,152843,7,
869288,168662,7,
838328,185708,7,
860986,140320,7,
829229,143653,7,
866051,172932,7,
871556,194747,7,
865489,161762,7,
851840,110475,7,
846256,154064,7,
836081,178429,7,
859707,202806,7,
849938,156042,7,
894124,202052,7,
864325,170593,7,
848108,161786,7,
817619,181929,7,
858058,196183,7,
861242,161722,7,
885793,172115,7,
850577,157049,7,
877125,161227,7,
883864,111281,7,
891699,170415,7,
802394,87835,-1,
862759,157988,7,
824185,167369,7,
813124,157130,7,
840335,164912,7,
858042,178196,7,
846257,145306,7,
858516,151301,7,
851282,153750,7,
905005,164126,7,
857309,139276,7,
845589,192916,7,
895245,150977,7,
863995,150435,7,
862642,159379,7,
861631,169376,7,
858934,162874,7,
912023,160368,7,
842824,177832,7,
824560,133679,7,
842281,175525,7,
860845,155375,7,
841096,188742,7,
821428,153468,7,
840357,169437,7,
827802,189078,7,
844734,164570,7,
847812,114745,7,
887269,166179,7,
830159,134329,7,
850925,157811,7,
847276,121785,7,
870599,149782,7,
780153,136449,7,
814379,132655,7,
834483,173379,7,
852423,159874,7,
854012,157449,7,
883375,158482,7,
850219,110573,7,
836450,151205,7,
881217,172320,7,
813239,139752,7,
871255,140340,7,
789356,159383,7,
873690,156226,7,
858834,149259,7,
778867,140736,7,
872057,122354,7,
882097,161493,7,
787336,144875,7,
849751,167033,7,
843833,170416,7,
850663,157840,7,
812240,177846,7,
838609,140215,7,
850959,157920,7,
859703,156782,7,
854753,190254,7,
895723,126593,7,
857833,170565,7,
850200,164752,7,
845303,150476,7,
877422,134877,7,
850153,155701,7,
819256,201704,7,
871689,155981,7,
818014,140185,7,
815298,167390,7,
864088,171351,7,
902529,162041,7,
908069,146564,7,
799326,106384,7,
854996,81095,-1,
843813,182032,7,
888504,147016,7,
877964,242679,-1,
851866,156896,7,
821361,175823,7,
810775,160434,7,
843150,156573,7,
844088,150085,7,
830620,117906,7,
835790,127898,7,
819541,117296,7,
858703,157931,7,
857846,153281,7,
876408,183646,7,
842576,153072,7,
848974,199427,7,
862925,243856,-1,
856561,128799,7,
834171,189042,7,
872516,217570,7,
869167,105039,7,
819670,183364,7,
846575,159002,7,
895127,152283,7,
830445,186055,7,
792179,148539,7,
852410,187705,7,
853554,158012,7,
927170,250593,-1,
825605,167750,7,
846731,162515,7,
878170,123364,7,
884966,133900,7,
866987,154415,7,
846284,113820,7,
873474,159567,7,
878258,158631,7,
882306,173836,7,
856924,169071,7,
794260,129843,7,
851568,114049,7,
868736,179354,7,
925732,210388,-1,
868375,161990,7,
855593,161003,7,
849599,157084,7,
868317,177001,7,
800304,163436,7,
823740,169808,7,
856202,158811,7,
883929,121705,7,
851010,157593,7,
872506,157517,7,
850533,160136,7,
816393,185056,7,
850911,157772,7,
812942,85345,-1,
835581,147664,7,
913298,162009,7,
858172,137586,7,
872781,154295,7,
871597,185239,7,
923120,170161,7,
837019,215527,7,
835702,176502,7,
837017,154170,7,
859177,143273,7,
866851,129505,7,
855852,134834,7,
924289,171369,7,
860154,113364,7,
836739,162321,7,
850775,162968,7,
884750,154317,7,
849681,125345,7,
854463,159977,7,
883567,161769,7,
848137,87922,-1,
823676,152154,7,
848135,130674,7,
844400,150812,7,
864494,136669,7,
878157,210496,7,
851088,157432,7,
786528,104976,-1,
860106,157080,7,
861412,205239,7,
820675,168154,7,
834036,144156,7,
842907,133992,7,
846720,162060,7,
871544,144135,7,
849003,115373,7,
856753,145184,7,
839757,190518,7,
865113,161302,7,
846936,161313,7,
845802,172285,7,
844357,163402,7,
881106,105566,7,
877835,151890,7,
839445,149778,7,
866560,165110,7,
845798,213118,7,
818668,120458,7,
831446,182864,7,
900955,185733,7,
836647,167267,7,
874672,104851,7,
849126,121710,7,
889142,154467,7,
855993,225023,7,
854095,158510,7,
850787,125678,7,
859298,139834,7,
829216,121494,7,
837676,148639,7,
851919,127963,7,
841353,125628,7,
848563,117708,7,
893106,176595,7,
852503,146551,7,
848290,143184,7,
825541,151495,7,
883231,232031,7,
864667,143614,7,
805089,96540,7,
854909,149938,7,
847097,176660,7,
910435,171155,7,
878749,188759,7,
871780,158486,7,
841292,155620,7,
846011,160034,7,
855969,193497,7,
860927,110775,7,
808069,134402,7,
848413,183717,7,
791722,162000,7,
852104,134678,7,
806567,140259,7,
847423,161535,7,
867993,162841,7,
828038,149181,7,
849404,170474,7,
841967,150890,7,
850945,161669,7,
888697,143969,7,
813868,188928,7,
864991,159874,7,
881109,152198,7,
811694,188374,7,
900360,153622,7,
885764,151791,7,
814553,164190,7,
895623,178393,7,
829790,205695,7,
865170,173755,7,
850453,155432,7,
864211,216526,7,
848770,111076,7,
791199,164843,7,
834165,140684,7,
843905,219401,7,
857328,143692,7,
838146,159541,7,
340693,569371,8,
315965,587160,8,
405652,622938,8,
359831,554975,8,
349296,557688,8,
289423,559134,8,
408689,562521,8,
321312,574721,8,
286568,547471,8,
370259,585265,8,
339967,562602,8,
410917,614521,8,
283570,563726,8,
347197,591316,8,
342064,570045,8,
317331,556086,8,
335792,541310,8,
330455,568758,8,
366794,582584,8,
378697,591764,8,
339981,565418,8,
338342,566864,8,
338474,563350,8,
432052,613723,-1,
340064,550509,8,
334354,578047,8,
296775,572432,8,
353335,592567,8,
334016,562797,8,
328438,532686,8,
365927,571713,8,
343247,564376,8,
325057,581121,8,
330881,579058,8,
378648,579579,8,
339115,566863,8,
333299,597586,8,
367048,553451,8,
345840,561591,8,
366934,581294,8,
358793,547046,8,
393570,579641,8,
304399,545221,8,
353979,578923,8,
337002,589527,8,
327738,559624,8,
334549,579199,8,
297110,556485,8,
327403,548875,8,
413894,564459,8,
326043,553772,8,
337811,558454,8,
333901,532836,8,
340545,568654,8,
358483,554925,8,
318065,581616,8,
367751,578289,8,
331667,570387,8,
321519,561045,8,
299578,572052,8,
339632,536577,8,
339993,544064,8,
268672,508874,8,
332960,569308,8,
345042,566973,8,
352220,602793,8,
333934,537464,8,
312386,555195,8,
334182,558498,8,
335328,562880,8,
303637,570253,8,
353145,580916,8,
325118,556212,8,
294310,563522,8,
371563,547746,8,
373894,555347,8,
407040,577739,8,
337298,565486,8,
357813,572855,8,
304157,566007,8,
335918,566525,8,
330127,570072,8,
339212,538693,8,
357275,551101,8,
334785,565575,8,
326152,563230,8,
345903,561314,8,
238748,551038,-1,
331175,551842,8,
352520,566829,8,
341675,560197,8,
354746,552404,8,
412500,594675,8,
277027,536847,8,
322209,547247,8,
375619,553791,8,
288068,561932,8,
344770,570309,8,
284031,566654,8,
324442,567881,8,
356246,549756,8,
404420,577532,8,
336829,562228,8,
293591,522132,8,
342963,582232,8,
338860,561151,8,
324055,590810,8,
328331,541094,8,
357737,597104,8,
392534,593343,8,
298665,568245,8,
343376,575709,8,
338863,563107,8,
361370,552483,8,
338935,567577,8,
350117,535859,8,
371000,555062,8,
368617,554066,8,
331795,529654,8,
344237,573700,8,
280110,522025,8,
328657,564864,8,
452457,597461,-1,
333669,542228,8,
320628,564596,8,
316642,553340,8,
340712,563178,8,
349955,535578,8,
261538,525920,8,
411008,607342,8,
317136,563479,8,
297022,574097,8,
319927,524637,8,
359772,568428,8,
344791,578536,8,
324093,580491,8,
373907,558472,8,
321905,573147,8,
341721,576427,8,
386373,606623,8,
338588,543875,8,
341578,558672,8,
371616,570648,8,
331987,568997,8,
341329,565571,8,
334350,556417,8,
330482,571217,8,
338950,572545,8,
289087,565427,8,
343997,585193,8,
225786,529417,9,
365567,547606,8,
320827,519618,8,
286990,529505,8,
321517,569562,8,
388806,569524,8,
411796,581307,8,
331440,551885,8,
325958,573367,8,
348171,569251,8,
344239,530765,8,
419151,577335,8,
321309,569996,8,
386377,574187,8,
342099,561508,8,
366688,562413,8,
321657,538660,8,
403004,613466,8,
363304,553764,8,
384922,582877,8,
304556,568584,8,
336787,538925,8,
327998,571265,8,
303269,531608,8,
313649,523765,8,
337889,558031,8,
360165,553303,8,
340032,561740,8,
338634,564414,8,
351459,565704,8,
412767,593558,8,
283474,532727,8,
336928,557412,8,
366478,594677,8,
343450,570659,8,
331616,565089,8,
354529,573677,8,
276703,559740,8,
282066,560178,8,
331366,567311,8,
321910,573825,8,
290107,571927,8,
281979,518199,8,
374695,563163,8,
340191,567638,8,
338583,563529,8,
358312,559466,8,
338474,564151,8,
338205,566246,8,
342901,582886,8,
265815,540385,8,
304086,576100,8,
347966,563506,8,
346144,560472,8,
352381,592377,8,
318681,528806,8,
369366,561201,8,
310041,533285,8,
344314,595915,8,
363956,609339,8,
328586,551385,8,
330767,552963,8,
312558,520650,8,
315850,573154,8,
379388,567285,8,
329905,579935,8,
352209,548608,8,
357679,548036,8,
339288,588052,8,
330335,568221,8,
341559,562163,8,
341925,569393,8,
327695,543105,8,
335999,549795,8,
302359,534317,8,
332586,566187,8,
330750,561657,8,
400380,588221,8,
337910,562252,8,
336549,565597,8,
343717,559909,8,
332116,594868,8,
358384,556361,8,
415881,584352,8,
345164,579614,8,
316395,537403,8,
340970,564831,8,
340383,600071,8,
326627,534442,8,
356865,545785,8,
306298,551902,8,
347575,565576,8,
302583,571881,8,
352424,557574,8,
279008,521035,8,
335029,553213,8,
338753,563384,8,
324032,577807,8,
327973,534972,8,
321924,527106,8,
345495,579864,8,
385091,599401,8,
361138,551307,8,
332884,533990,8,
269126,508814,8,
350056,566657,8,
374117,546122,8,
350283,559840,8,
335525,567445,8,
350798,535657,8,
289002,520678,8,
324516,522674,8,
364844,571623,8,
351815,574947,8,
275524,559548,8,
348773,583528,8,
308966,523409,8,
316313,570785,8,
341966,561987,8,
341446,538787,8,
318823,565345,8,
347522,587567,8,
293746,544468,8,
334983,572690,8,
325125,564342,8,
330145,546705,8,
336336,563145,8,
302353,545544,8,
321216,569834,8,
285152,520229,8,
335027,565050,8,
332270,556288,8,
341016,545280,8,
339640,561426,8,
338633,563504,8,
324952,565867,8,
353583,554147,8,
385183,556284,8,
292636,520371,8,
289176,571435,8,
310944,559497,8,
336974,563207,8,
337173,557853,8,
396903,591235,8,
324440,567074,8,
333378,557892,8,
300366,565761,8,
344437,529492,8,
325871,558965,8,
367641,556309,8,
344552,554676,8,
297212,546223,8,
355924,577596,8,
331340,524203,8,
292932,558293,8,
306346,523584,8,
341966,586266,8,
282430,560217,8,
326251,549298,8,
335201,585318,8,
351564,573155,8,
322365,530808,8,
405542,600089,8,
296763,528676,8,
221233,538472,9,
338084,560295,8,
345674,579033,8,
325883,560492,8,
345123,577788,8,
329859,564384,8,
353939,570931,8,
409616,575024,8,
365058,545456,8,
404782,557913,8,
368724,598412,8,
344096,575522,8,
182618,346663,10,
171461,348130,10,
186536,330019,10,
177241,292639,10,
248683,383412,-1,
174057,358906,10,
215243,289985,10,
170688,343596,10,
144502,345417,10,
165689,356983,10,
168443,367928,10,
165158,343946,10,
159711,352701,10,
175781,341039,10,
233480,289069,10,
189029,366740,10,
168573,350387,10,
170271,306395,10,
192775,350028,10,
152054,345632,10,
139299,314046,10,
202053,322650,10,
134695,350397,10,
159654,381778,10,
188093,324040,10,
183236,338163,10,
156984,430950,10,
182751,435819,10,
198908,372797,10,
198517,325721,10,
161345,350804,10,
210497,359835,10,
141993,331189,10,
170788,373545,10,
166449,363036,10,
155479,345893,10,
186380,363938,10,
129332,360811,10,
224225,376975,-1,
165945,345849,10,
223550,323197,10,
122755,434879,-1,
166584,349245,10,
179472,342273,10,
148749,359845,10,
177505,332053,10,
160222,380591,10,
178869,370161,10,
170002,370000,10,
164354,347671,10,
169966,368623,10,
145867,363616,10,
181561,358111,10,
164915,350360,10,
166973,341636,10,
153181,277968,10,
155505,355581,10,
160835,347784,10,
211265,396792,-1,
203254,362605,10,
137967,354539,10,
174064,357989,10,
179609,408365,10,
176506,351827,10,
172879,347028,10,
180506,330980,10,
185966,359964,10,
146070,316860,10,
152957,321354,10,
163190,331719,10,
186914,361706,10,
159191,309314,10,
170425,316185,10,
162040,316797,10,
195000,354829,10,
126702,351222,10,
213064,290947,10,
140612,350010,10,
172885,352621,10,
170155,343568,10,
186806,334070,10,
146072,288800,10,
169293,348686,10,
169502,411323,10,
152861,407965,10,
156041,295117,10,
117585,391892,10,
163981,344090,10,
158664,310765,10,
141113,351050,10,
163796,345091,10,
160369,353500,10,
235671,300234,10,
140876,334435,10,
108232,373112,10,
192460,388323,10,
133744,308918,10,
216209,437830,-1,
156945,339397,10,
199859,316334,10,
159496,331641,10,
167845,341409,10,
182435,365508,10,
133795,360518,10,
169628,365003,10,
167262,399527,10,
177728,352687,10,
130683,363204,10,
198197,344933,10,
197735,355477,10,
172020,342883,10,
185561,342784,10,
202011,337353,10,
157394,346500,10,
182050,424341,10,
129664,341196,10,
173188,355248,10,
182499,310438,10,
170384,339979,10,
182093,321311,10,
185696,338006,10,
102221,374657,10,
165881,364469,10,
164875,349007,10,
159120,340829,10,
168274,374689,10,
178495,373915,10,
179811,342089,10,
162606,363185,10,
173908,362098,10,
133580,348602,10,
190634,357254,10,
186503,369651,10,
127134,379827,10,
169145,355279,10,
140121,346875,10,
141860,324304,10,
200251,306215,10,
174373,363552,10,
170022,347877,10,
165657,338722,10,
186361,351075,10,
213022,338238,10,
155228,357729,10,
171614,435530,10,
175586,365049,10,
187858,381077,10,
171074,293610,10,
153738,360530,10,
199043,270173,10,
165886,348709,10,
159428,300364,10,
197463,378513,10,
161273,347538,10,
186082,330058,10,
143732,279724,10,
142899,329415,10,
156977,424622,10,
174878,362329,10,
148915,338914,10,
187324,377187,10,
175766,380534,10,
185071,362905,10,
158550,354818,10,
174672,345849,10,
169880,343122,10,
109090,326101,10,
187854,354777,10,
153903,353738,10,
190241,329582,10,
102983,382712,-1,
143117,345163,10,
188985,367645,10,
174834,411644,10,
144228,344974,10,
146821,297434,10,
171848,343242,10,
94382,320888,10,
154412,310120,10,
176490,344679,10,
170616,352610,10,
81648,360080,-1,
153607,379395,10,
183970,355973,10,
105444,361358,10,
158571,361986,10,
177579,319865,10,
198892,322470,10,
216975,296647,10,
166654,350678,10,
189102,333074,10,
198712,303299,10,
137098,384889,10,
144306,328086,10,
142455,343512,10,
178319,318244,10,
168886,353913,10,
174656,393278,10,
130805,354417,10,
176433,350561,10,
142252,329183,10,
165476,377389,10,
210102,333312,10,
129453,321221,10,
144705,375936,10,
206687,342276,10,
153583,352282,10,
189499,356601,10,
159392,351000,10,
181463,326571,10,
162975,335389,10,
157691,334886,10,
154167,353183,10,
165607,362883,10,
182239,333302,10,
176982,354631,10,
183516,374212,10,
191099,341570,10,
184570,360446,10,
207804,354938,10,
198493,326704,10,
149269,341445,10,
184798,392233,10,
174438,319075,10,
107124,325984,10,
76052,360840,-1,
159302,337993,10,
140101,341028,10,
168149,345638,10,
150009,371014,10,
157193,350343,10,
111476,358647,10,
151164,332239,10,
171318,373473,10,
175169,349454,10,
162600,392531,10,
168067,340249,10,
170102,323164,10,
124132,340448,10,
149863,284721,10,
168079,347343,10,
128953,304971,10,
169228,364545,10,
198415,321418,10,
183610,321788,10,
220869,407358,-1,
159472,372246,10,
170837,353968,10,
165653,317602,10,
135537,356169,10,
166973,334724,10,
158750,312102,10,
161448,373412,10,
158713,379013,10,
180493,319750,10,
125715,302114,10,
194033,340466,10,
158871,312380,10,
161387,343617,10,
169121,347594,10,
167653,352074,10,
125902,318850,10,
217686,296514,10,
171986,429306,10,
211360,279794,10,
157181,346842,10,
188909,341194,10,
140128,325904,10,
117874,389929,10,
162921,317643,10,
173978,346514,10,
98533,355691,10,
194956,372256,10,
164847,287064,10,
174410,372064,10,
149092,352682,10,
166323,352927,10,
178515,370287,10,
169337,348605,10,
122986,334382,10,
145282,391482,10,
185919,363092,10,
180519,368284,10,
181227,347052,10,
168284,309036,10,
198251,335402,10,
160922,347681,10,
141861,328909,10,
147911,328024,10,
178264,330827,10,
178235,346006,10,
195151,317753,10,
122360,357480,10,
167330,332452,10,
115363,305575,10,
185661,404482,10,
177858,352255,10,
113068,317574,10,
125675,360158,10,
172842,351663,10,
124724,459999,-1,
169069,348929,10,
185253,344152,10,
155625,262321,10,
158201,315944,10,
171277,361020,10,
209553,326461,10,
160165,362858,10,
190725,336160,10,
169994,409806,10,
179463,361279,10,
172662,388185,10,
165284,425978,10,
160206,303063,10,
155690,368375,10,
124516,325289,10,
179326,321160,10,
165573,305517,10,
155508,372355,10,
166799,318482,10,
161780,324523,10,
168805,351913,10,
206519,355629,10,
163091,350167,10,
176144,353300,10,
179483,359645,10,
213951,352868,10,
164046,346109,10,
169569,346955,10,
225356,318394,10,
214966,358837,10,
159253,343477,10,
219779,330969,10,
169876,340860,10,
669118,354195,2,
613682,399434,2,
617399,392653,2,
629247,364078,2,
641070,424917,2,
609532,388425,2,
629369,398359,2,
605911,379990,2,
622550,391601,2,
607905,403460,2,
679465,399014,2,
608711,373665,2,
623498,399288,2,
601212,370698,2,
574989,407228,2,
563517,391159,2,
687717,379483,2,
616040,330855,2,
653024,367312,2,
607440,403119,2,
620240,397022,2,
599215,391457,2,
587478,424878,2,
613921,394043,2,
624328,392133,2,
635887,384511,2,
559877,401053,2,
617755,401065,2,
693265,388552,2,
559933,403956,2,
655859,416496,2,
625919,402984,2,
595215,391491,2,
617493,379303,2,
598657,442558,2,
601644,436831,2,
617118,374098,2,
591051,389443,2,
617296,386864,2,
616468,394118,2,
630384,376295,2,
558770,390646,2,
637332,414017,2,
556780,409205,2,
577473,384210,2,
650054,432740,2,
595063,328609,2,
714443,433876,-1,
603566,410391,2,
562356,383175,2,
546166,423311,2,
626539,394908,2,
663820,416308,2,
710910,464586,-1,
624310,398408,2,
632546,389750,2,
667249,417107,2,
608309,377530,2,
611357,393577,2,
658219,436184,2,
615032,402225,2,
628131,406850,2,
632390,363198,2,
575116,345564,2,
625784,441883,2,
618893,419740,2,
579564,428498,2,
686324,364237,2,
586242,396484,2,
623248,399928,2,
609219,362804,2,
537211,376777,2,
605310,394011,2,
634973,450542,2,
595411,413706,2,
613037,419086,2,
617444,397675,2,
633304,366062,2,
592620,446156,2,
631633,337973,2,
619637,395224,2,
620330,398630,2,
621964,409409,2,
618446,372298,2,
629789,426313,2,
608687,374928,2,
680646,375662,2,
591831,438997,2,
550086,442382,2,
620330,396776,2,
551236,401856,2,
617178,414525,2,
584938,344365,2,
622636,456843,2,
649987,408293,2,
613719,382828,2,
576987,392508,2,
599766,409755,2,
584077,398498,2,
695514,321521,-1,
561388,355834,2,
691600,397893,2,
610676,449688,2,
600114,413216,2,
626811,372435,2,
636291,360636,2,
570384,393553,2,
626700,401688,2,
624106,398619,2,
523329,404632,-1,
611954,360938,2,
613536,395801,2,
576488,397913,2,
652745,406585,2,
603193,371867,2,
610026,444858,2,
629725,405117,2,
648429,422590,2,
562772,382904,2,
638823,411764,2,
617764,397102,2,
579922,379009,2,
610698,396326,2,
642607,374702,2,
621629,397208,2,
659321,404555,2,
576235,462612,2,
598628,425191,2,
623502,420376,2,
665965,449273,2,
608923,385575,2,
611579,407670,2,
617573,386848,2,
589862,418742,2,
653325,396810,2,
605073,372055,2,
623137,408209,2,
499262,398424,-1,
619339,401624,2,
619295,397643,2,
578878,420108,2,
533577,355107,-1,
615934,426539,2,
690195,475150,-1,
673514,390760,2,
657120,386782,2,
549945,372313,2,
675858,410545,2,
626586,415166,2,
618449,404599,2,
638783,399478,2,
578113,395458,2,
622557,361134,2,
635324,420555,2,
666135,430421,2,
689725,465685,-1,
593601,445149,2,
615094,383077,2,
624599,417673,2,
573969,434110,2,
642881,403147,2,
634383,422065,2,
582389,428200,2,
617330,369828,2,
621989,394856,2,
651828,468138,2,
612936,398723,2,
613351,407952,2,
562777,437516,2,
533212,366954,2,
618113,400002,2,
609344,448128,2,
615342,413931,2,
623989,368662,2,
620187,400168,2,
687638,439257,-1,
573925,449341,2,
547270,403384,2,
619318,361696,2,
588432,446279,2,
592924,393730,2,
615325,383841,2,
611875,422910,2,
681941,370225,2,
620818,396967,2,
662154,385013,2,
554938,347875,2,
628655,321099,2,
619628,399433,2,
660333,393215,2,
618391,348381,2,
565829,395454,2,
617689,397001,2,
604554,393193,2,
572417,403906,2,
659193,384523,2,
632060,367800,2,
633894,404424,2,
620610,395343,2,
615175,397627,2,
624293,333944,2,
593689,316888,-1,
617319,374666,2,
572244,349463,2,
619239,400025,2,
621622,390298,2,
622101,371771,2,
630205,338054,2,
654147,407182,2,
637594,420311,2,
629004,392271,2,
585207,336451,2,
618349,397614,2,
650157,402991,2,
638966,486628,-1,
655201,411873,2,
602335,433298,2,
630706,388370,2,
617428,397343,2,
621537,390372,2,
631365,450732,2,
618406,404239,2,
601390,453925,2,
603945,361794,2,
619427,396945,2,
660103,414557,2,
700340,335010,-1,
608182,416637,2,
661166,404325,2,
620939,385731,2,
626371,349696,2,
614683,367259,2,
619332,401992,2,
587453,401098,2,
652349,321291,-1,
617954,395504,2,
636807,424537,2,
533889,333741,-1,
623386,387031,2,
632952,385722,2,
695010,449565,-1,
626843,367696,2,
488205,420586,-1,
611547,411952,2,
621241,368090,2,
581240,362971,2,
608747,363132,2,
662177,420431,2,
615665,405490,2,
617447,366176,2,
560393,389490,2,
685785,409913,2,
623433,400160,2,
609091,437020,2,
624343,403629,2,
668879,388617,2,
567105,437623,2,
657450,365008,2,
591955,378142,2,
588952,437524,2,
607665,447516,2,
608601,418450,2,
662830,420955,2,
605891,428146,2,
615239,317684,2,
588933,366439,2,
618053,357534,2,
577773,434308,2,
606558,458285,2,
620955,389692,2,
738190,371970,-1,
634661,446187,2,
571692,449353,2,
605650,447537,2,
639502,371440,2,
684568,380640,2,
658735,399039,2,
618157,384990,2,
618869,398187,2,
603388,403039,2,
585255,415823,2,
639507,438534,2,
594112,399331,2,
619475,400592,2,
571570,375257,2,
659297,373975,2,
603285,449307,2,
610199,394579,2,
590500,418472,2,
630904,404643,2,
591725,406549,2,
621560,397789,2,
563182,367521,2,
593879,444161,2,
616054,371666,2,
627679,395601,2,
608195,447380,2,
616737,397973,2,
650120,324477,-1,
616926,398697,2,
650859,460072,2,
642157,345545,2,
601369,411415,2,
604703,392288,2,
721905,378957,-1,
619415,397644,2,
571043,347389,2,
659191,459637,2,
629978,400626,2,
688487,383589,2,
598053,438963,2,
635242,356290,2,
605899,412428,2,
656642,407213,2,
619924,406713,2,
630067,372798,2,
600007,377908,2,
589164,386733,2,
630491,379017,2,
618676,377015,2,
639613,388524,2,
669409,415893,2,
681608,436537,2,
649968,371445,2,
629000,417990,2,
658884,390135,2,
605407,427914,2,
629891,414975,2,
621778,364695,2,
610722,418243,2,
601599,388540,2,
615649,429323,2,
627206,402647,2,
643965,366316,2,
614877,402442,2,
606486,420054,2,
668482,358452,2,
628715,434772,2,
196462,887983,11,
335970,846828,-1,
272394,837600,11,
211165,825505,11,
226433,837646,11,
219686,859997,11,
242087,844255,11,
213558,873714,11,
245144,845719,11,
247997,878582,11,
283576,809069,11,
224676,859348,11,
298214,820903,11,
245468,859425,11,
222704,824909,11,
250921,819639,11,
249209,801933,11,
230591,874855,11,
234091,876039,11,
286769,862152,11,
224789,866804,11,
245023,849247,11,
263626,851699,11,
250198,825417,11,
231263,863308,11,
307605,840195,11,
276635,875623,11,
230399,842538,11,
274070,798617,11,
247939,831010,11,
209922,850026,11,
300726,862728,11,
222727,770963,-1,
239505,885057,11,
291561,845450,11,
221122,832810,11,
194258,914691,-1,
228928,855040,11,
264627,808661,11,
225916,843329,11,
240221,843932,11,
276600,823311,11,
204854,810013,11,
278326,829095,11,
246047,846189,11,
251032,876118,11,
285258,848668,11,
260943,889692,11,
245928,867228,11,
221002,870506,11,
292872,896822,11,
261896,897475,11,
269723,849664,11,
243941,843256,11,
249370,872804,11,
237120,856814,11,
257472,849587,11,
253703,834676,11,
238080,830689,11,
225991,869734,11,
231781,799444,11,
296892,901182,-1,
234604,822462,11,
241473,860854,11,
219864,842635,11,
235901,856563,11,
207217,878249,11,
256949,820470,11,
204597,863162,11,
325275,866433,11,
239344,814789,11,
187894,871219,11,
259973,862559,11,
189752,865463,11,
245707,844466,11,
188480,870646,11,
305915,854818,11,
242443,851797,11,
227138,824372,11,
229970,878786,11,
281971,825246,11,
241166,845204,11,
225846,874086,11,
284077,905181,-1,
258975,837353,11,
241972,840749,11,
245602,857160,11,
227363,836593,11,
257926,936947,-1,
237689,839510,11,
267799,847911,11,
207552,772091,-1,
201567,881003,11,
265125,820661,11,
273165,852766,11,
290210,818593,11,
256487,868899,11,
271395,862063,11,
251958,886571,11,
249253,856047,11,
268289,878265,11,
295375,861990,11,
256316,818886,11,
246470,842932,11,
314666,849163,11,
298979,774144,-1,
192885,887667,11,
227819,900986,11,
250003,859517,11,
249857,844975,11,
218369,851387,11,
252586,806474,11,
283017,850861,11,
228095,843338,11,
266980,825990,11,
241381,844402,11,
294053,878220,11,
253339,750941,-1,
241413,845029,11,
294326,807584,11,
257856,846423,11,
248210,886338,11,
216846,737568,-1,
244743,830888,11,
277055,860813,11,
279923,805957,11,
235041,823732,11,
238524,842928,11,
246453,883061,11,
260590,827955,11,
274554,845338,11,
245254,907991,11,
299821,866288,11,
261120,804153,11,
246729,879602,11,
240308,844341,11,
220620,819091,11,
268926,813783,11,
234219,845270,11,
188424,849785,11,
240171,843940,11,
163766,859386,11,
191257,802651,11,
224852,934148,11,
261093,844962,11,
228711,848090,11,
183478,851724,11,
201080,823689,11,
118590,857150,-1,
264798,767716,11,
313609,860065,11,
232246,844226,11,
237757,834092,11,
222682,806314,11,
243331,844022,11,
197362,870337,11,
229857,843917,11,
244257,776516,11,
224083,852922,11,
309399,838744,11,
271205,817620,11,
242247,864253,11,
235337,831592,11,
232357,810798,11,
252199,828023,11,
267049,950249,-1,
245678,821691,11,
241138,844374,11,
246182,840370,11,
264175,824349,11,
266977,887963,11,
274685,883097,11,
244260,847060,11,
256073,917590,11,
258416,835432,11,
241687,844256,11,
282603,846165,11,
228032,893055,11,
226949,889283,11,
264274,813041,11,
139601,914203,-1,
229131,842806,11,
236274,861302,11,
261819,863523,11,
200005,825237,11,
310591,841778,11,
244049,817710,11,
235022,911236,11,
256512,837094,11,
236495,861569,11,
256889,880721,11,
258528,856273,11,
233284,860085,11,
257480,849037,11,
269354,811847,11,
222445,891438,11,
222356,840843,11,
236207,886769,11,
174371,864697,11,
159683,838958,11,
237750,837381,11,
241545,838673,11,
256082,831969,11,
246468,838071,11,
205919,844377,11,
266111,813259,11,
244246,847589,11,
244899,812192,11,
219316,898830,11,
251866,864044,11,
238308,790723,11,
209264,836661,11,
242519,845811,11,
351883,890475,-1,
278929,842054,11,
244027,850132,11,
248570,843156,11,
224681,858432,11,
210276,824826,11,
220884,916718,11,
240846,841609,11,
257093,801567,11,
236749,813868,11,
332237,911313,-1,
288954,846991,11,
238084,844799,11,
236431,844100,11,
299772,828655,11,
241633,846949,11,
230107,858332,11,
256216,903741,11,
258135,880184,11,
232331,872896,11,
183583,787453,-1,
264293,890923,11,
213208,833959,11,
224288,931476,11,
261622,869706,11,
297183,841456,11,
241849,815141,11,
308616,811021,11,
220931,876605,11,
289719,866638,11,
233931,838374,11,
224694,848663,11,
240645,855514,11,
229567,855332,11,
247613,815836,11,
239387,847822,11,
257788,880587,11,
245532,846331,11,
224241,828996,11,
227582,856861,11,
244618,845420,11,
213775,841758,11,
243511,830743,11,
244799,841688,11,
216061,848623,11,
294492,832336,11,
248931,844960,11,
267478,894783,11,
228715,837572,11,
269483,848608,11,
248276,844455,11,
236987,881080,11,
223732,826580,11,
230149,886583,11,
265299,859533,11,
181803,799487,11,
247210,859012,11,
261633,773355,11,
262370,891499,11,
250394,847577,11,
222019,839774,11,
238328,770068,-1,
208941,860169,11,
238714,858826,11,
241005,825301,11,
270742,847836,11,
238492,833394,11,
312726,853829,11,
286663,846902,11,
261796,819395,11,
253890,807676,11,
242415,844335,11,
134134,842630,-1,
163956,833732,11,
250359,849451,11,
295357,842293,11,
218942,848326,11,
205466,778884,-1,
253899,862843,11,
244966,841126,11,
208494,850615,11,
221126,837878,11,
271093,861412,11,
216543,842952,11,
255185,825960,11,
251070,877802,11,
264565,859237,11,
228611,836717,11,
228517,837056,11,
198583,860431,11,
215976,836025,11,
254411,848090,11,
168036,807011,-1,
292194,906490,-1,
243951,865415,11,
260922,785987,11,
245740,814541,11,
317675,838127,11,
274505,864723,11,
230049,865536,11,
235084,818866,11,
172690,847721,11,
221706,875060,11,
236740,853169,11,
298800,824277,11,
265246,889333,11,
219498,851932,11,
247484,846372,11,
288675,919879,-1,
229280,813483,11,
282622,879222,11,
307300,836132,11,
238260,882489,11,
219049,825171,11,
219321,848396,11,
240028,849354,11,
212009,864463,11,
246857,852483,11,
245118,811283,11,
247855,794626,11,
253655,821946,11,
241475,850889,11,
210162,860529,11,
204922,854068,11,
225567,853078,11,
245258,799882,11,
257134,845851,11,
187314,815820,11,
294275,174786,12,
329428,66056,-1,
325938,164475,12,
253129,154296,12,
319838,170383,12,
240213,118409,-1,
283784,178305,12,
376613,159699,12,
338717,181582,12,
304283,183656,12,
314519,146787,12,
270899,175377,12,
291228,101272,12,
291170,110147,12,
321522,163852,12,
202627,179376,-1,
307913,91419,12,
311093,169734,12,
321775,164846,12,
294832,124284,12,
295537,91032,12,
383044,180418,12,
338570,192256,12,
337894,175289,12,
359796,165920,12,
316263,163806,12,
320972,170417,12,
277860,111893,12,
367806,123963,12,
359352,162962,12,
350964,149159,12,
332201,181702,12,
287966,150135,12,
346942,152780,12,
232784,169847,12,
292492,99170,12,
334529,166765,12,
363208,238649,12,
196795,190277,-1,
353333,113156,12,
373191,88470,-1,
333789,151168,12,
339732,163158,12,
321822,187102,12,
276792,141848,12,
308044,164482,12,
311328,159477,12,
383052,89061,-1,
316820,150304,12,
314479,178821,12,
310824,144943,12,
333143,200298,12,
300672,175844,12,
339482,151261,12,
319208,164182,12,
321645,164662,12,
308763,166511,12,
308066,145825,12,
360143,155270,12,
348893,195430,12,
319283,158983,12,
332284,194186,12,
292402,184441,12,
361227,221878,12,
313573,109221,12,
310693,154278,12,
344482,215846,12,
358652,186358,12,
330533,214555,12,
320400,160020,12,
267662,127175,12,
396583,82842,-1,
292193,125417,12,
324121,96346,12,
321344,166633,12,
234837,151054,12,
368060,76739,-1,
347050,150472,12,
245783,109229,-1,
400550,144359,12,
343217,153037,12,
315488,160339,12,
347406,155708,12,
336845,172750,12,
357014,148222,12,
331862,169092,12,
322140,165212,12,
363075,162238,12,
318738,182134,12,
346717,178180,12,
311819,140674,12,
332032,157725,12,
301983,173386,12,
321556,163352,12,
315830,102777,12,
312275,145173,12,
325861,203058,12,
360703,150999,12,
345976,148333,12,
320210,191459,12,
318665,158107,12,
425563,163524,13,
264427,188193,12,
348177,179526,12,
265430,151883,12,
320718,158610,12,
380609,185976,12,
345234,188822,12,
362027,150348,12,
300294,178772,12,
315963,174031,12,
333787,189423,12,
337343,156614,12,
334812,137431,12,
347492,153416,12,
324518,167369,12,
353991,193997,12,
274321,219665,12,
335476,183897,12,
300021,159185,12,
384591,137729,12,
320000,162605,12,
268938,211870,12,
366146,196571,12,
356280,185198,12,
325767,164095,12,
350480,214608,12,
314791,163370,12,
302582,134124,12,
328851,147002,12,
347039,195468,12,
289531,145743,12,
343018,239960,-1,
271123,163465,12,
326959,154655,12,
332307,189590,12,
310529,141617,12,
380281,205779,12,
411606,137378,12,
348191,165419,12,
305292,175260,12,
256120,141529,12,
390934,170420,12,
358562,112650,12,
355499,224982,12,
363437,77975,-1,
232043,177614,12,
246753,175170,12,
327204,152871,12,
371685,151612,12,
291723,177824,12,
324488,180658,12,
340048,131847,12,
295311,115000,12,
239495,163949,12,
267521,119941,12,
401396,125431,12,
260930,184935,12,
336085,170252,12,
291782,159562,12,
307616,207295,12,
352910,145624,12,
294653,104623,12,
372883,222824,12,
318707,160697,12,
281548,175184,12,
307747,128551,12,
336991,217448,12,
270233,195701,12,
433100,134861,13,
311433,134432,12,
375353,117180,12,
315146,160782,12,
311163,166821,12,
305333,171939,12,
332470,161202,12,
302266,185591,12,
370775,144355,12,
314552,151035,12,
343145,172236,12,
331212,162496,12,
299460,144708,12,
383894,179880,12,
345703,149860,12,
331381,162660,12,
344364,213940,12,
378347,144880,12,
322789,137560,12,
328425,159826,12,
341137,78287,-1,
317771,154916,12,
336266,148507,12,
342066,119083,12,
297177,88467,12,
280519,165350,12,
305901,166656,12,
284757,175853,12,
281732,221764,12,
321262,178491,12,
344710,213543,12,
311408,168232,12,
356500,188114,12,
304376,222294,12,
278116,185472,12,
247892,115217,-1,
306326,164202,12,
311516,94189,12,
323747,163351,12,
321778,158339,12,
309501,166931,12,
333942,143344,12,
339393,209145,12,
340996,170964,12,
315333,144566,12,
332853,168141,12,
290958,168323,12,
297731,175876,12,
280274,182662,12,
306540,193434,12,
319155,159850,12,
355168,114823,12,
270201,236813,12,
347630,120931,12,
446538,180119,13,
371052,147369,12,
403365,215735,-1,
258201,153095,12,
335121,214149,12,
283786,133973,12,
353951,133923,12,
345069,165968,12,
367079,183232,12,
363932,228249,12,
354132,161850,12,
390538,157197,12,
333805,148479,12,
325344,159885,12,
323905,168029,12,
274495,182470,12,
309684,150076,12,
381617,157000,12,
322841,169735,12,
359520,132845,12,
249616,144446,12,
321620,169950,12,
415495,116126,-1,
335742,196692,12,
271424,251323,-1,
340066,152500,12,
327734,163585,12,
346079,220993,12,
276741,143844,12,
377042,182019,12,
400055,131725,12,
332246,172932,12,
310386,171068,12,
327569,158418,12,
324444,166910,12,
317217,163896,12,
270404,183080,12,
277512,151920,12,
324966,170021,12,
306421,145493,12,
382419,110392,-1,
318266,171979,12,
321245,141627,12,
318192,170844,12,
320821,165455,12,
329029,204399,12,
311065,219934,12,
287127,192494,12,
283571,109326,12,
308748,199866,12,
369490,164369,12,
270729,67329,-1,
279010,181792,12,
282957,179982,12,
308489,145929,12,
327927,168535,12,
327022,161396,12,
376557,109320,12,
248427,146381,12,
321182,150806,12,
312337,154488,12,
268518,181514,12,
285865,167818,12,
279251,184486,12,
306042,66361,-1,
318215,180010,12,
293978,197091,12,
338044,233264,12,
293864,241877,-1,
344380,183817,12,
316257,171544,12,
248779,111087,-1,
313783,177198,12,
415534,110526,-1,
296164,96874,12,
315670,160928,12,
339137,160334,12,
290700,196285,12,
307107,174760,12,
325279,168587,12,
328423,161604,12,
333883,276840,-1,
308555,134011,12,
322101,164171,12,
306357,123397,12,
292931,125341,12,
284378,223470,12,
335003,151395,12,
267212,158699,12,
343851,193618,12,
296627,93375,12,
334980,143900,12,
335235,180161,12,
360945,167952,12,
257841,193878,12,
275288,212315,12,
331798,143962,12,
333937,51121,-1,
328775,156501,12,
319829,168353,12,
293201,192871,12,
327608,177638,12,
332562,174699,12,
348815,150017,12,
312227,159417,12,
324337,162686,12,
323329,93955,12,
291973,127483,12,
258779,106777,-1,
325360,134919,12,
267264,153034,12,
312421,170617,12,
293350,175997,12,
275459,190178,12,
244344,185382,12,
252845,181181,12,
357923,192120,12,
382720,263255,-1,
326040,156509,12,
165104,543395,9,
139903,592241,9,
132705,557674,9,
114311,601605,9,
102460,533057,9,
185935,554627,9,
123441,594415,9,
97216,564094,9,
110948,539533,9,
101553,517715,9,
133023,574572,9,
144570,573936,9,
136531,557658,9,
173576,507309,9,
179189,536028,9,
141238,557986,9,
156430,615117,9,
69169,631490,-1,
31842,565765,-1,
144620,575370,9,
155899,561715,9,
137451,555339,9,
68388,574380,9,
166290,521714,9,
210499,526471,9,
148319,584541,9,
135336,552552,9,
136606,562296,9,
136301,569544,9,
119386,620549,9,
139212,557713,9,
84501,604671,9,
176602,574552,9,
105945,528795,9,
140989,537156,9,
138449,555969,9,
128669,574591,9,
95749,602775,9,
139460,557260,9,
130440,562623,9,
147885,527813,9,
58190,608304,-1,
151701,574146,9,
148385,538149,9,
142668,544976,9,
145251,553486,9,
142265,546135,9,
202913,525966,9,
192564,547558,9,
179240,577011,9,
182840,584262,9,
144242,557674,9,
135849,550612,9,
101427,615890,9,
143265,548387,9,
112379,547679,9,
137347,622867,9,
139146,569516,9,
125756,579609,9,
77109,512651,9,
138073,556272,9,
202547,601240,9,
19835,570290,-1,
118137,579149,9,
201324,574588,9,
113259,568684,9,
139052,610320,9,
177246,571940,9,
107972,601191,9,
138199,541774,9,
220156,589643,9,
137787,566189,9,
138122,557230,9,
93136,613387,9,
154620,576738,9,
131523,568207,9,
136967,565662,9,
142886,556511,9,
125005,540340,9,
138965,558201,9,
139474,569485,9,
171471,576787,9,
157138,565993,9,
198294,552987,9,
136078,547418,9,
140164,531093,9,
156003,502860,9,
67867,545392,9,
133780,533275,9,
116142,550919,9,
148510,579793,9,
179224,584189,9,
149906,546909,9,
29760,557873,-1,
115287,602637,9,
206561,574789,9,
108651,521409,9,
115905,560139,9,
127373,549518,9,
141699,530028,9,
141641,557376,9,
111855,531542,9,
136580,553967,9,
137516,556818,9,
179793,483378,-1,
105568,584102,9,
125840,520239,9,
117212,565692,9,
140717,554093,9,
139033,593287,9,
172882,571145,9,
104862,608089,9,
158366,537970,9,
138525,534268,9,
69565,599820,9,
94571,528963,9,
153185,562792,9,
147599,513563,9,
223226,546198,9,
143879,536650,9,
151099,518008,9,
109317,531425,9,
127202,525948,9,
137740,618961,9,
138734,557713,9,
109912,565003,9,
158060,525533,9,
260096,530550,8,
134449,557556,9,
121650,599844,9,
188992,563992,9,
207218,589497,9,
179830,547383,9,
152331,529689,9,
112184,530469,9,
166904,503121,9,
183026,545377,9,
152658,569277,9,
172116,513383,9,
95899,530846,9,
144325,538991,9,
166597,572855,9,
105193,596017,9,
166840,562425,9,
117089,561455,9,
141718,549576,9,
117959,536156,9,
125351,529954,9,
140706,547367,9,
138012,558263,9,
135284,555664,9,
142663,556520,9,
112673,516997,9,
137657,611252,9,
119237,591137,9,
186380,487625,-1,
113099,546732,9,
176278,550602,9,
158773,588778,9,
140962,518168,9,
144856,551807,9,
155943,576199,9,
152584,564548,9,
165356,570715,9,
127858,609681,9,
257984,555707,8,
149758,564768,9,
129550,560106,9,
159271,568953,9,
151374,538387,9,
129030,588495,9,
155430,549012,9,
172756,612694,9,
93459,514032,9,
99569,523174,9,
148080,544056,9,
169322,577938,9,
173847,514665,9,
136418,562926,9,
140047,540043,9,
74519,527539,9,
146681,562995,9,
110877,562558,9,
95071,503965,9,
136232,576477,9,
146120,576624,9,
259173,548593,8,
107965,535173,9,
103153,601002,9,
158283,570550,9,
206219,604081,9,
116492,509399,9,
97430,598804,9,
193275,538687,9,
116860,550810,9,
179834,541387,9,
143226,522375,9,
111174,539350,9,
94933,588147,9,
139434,557410,9,
131532,536658,9,
38179,532155,-1,
113321,606322,9,
123905,508486,9,
201753,569116,9,
206660,575002,9,
138884,529162,9,
139636,565984,9,
110479,594587,9,
76253,529394,9,
160280,493497,9,
161475,587507,9,
149054,556986,9,
223408,520131,9,
158596,562634,9,
141991,539522,9,
137172,523482,9,
161154,538355,9,
130157,581286,9,
142000,554964,9,
86243,559135,9,
130883,557824,9,
127964,538935,9,
122130,568886,9,
210597,589836,9,
139847,552015,9,
147664,559632,9,
167716,562762,9,
130657,555545,9,
165382,518876,9,
221994,575146,9,
87236,607429,9,
154268,542573,9,
197367,535989,9,
133094,557996,9,
155274,552551,9,
139911,561185,9,
146924,565933,9,
146183,622188,9,
176092,531921,9,
184402,546549,9,
139641,557503,9,
170816,547069,9,
156474,570384,9,
146678,558942,9,
136569,532130,9,
162124,500069,9,
127503,623654,9,
182854,534283,9,
141222,572556,9,
177665,557923,9,
201907,516078,9,
130249,579307,9,
166560,559687,9,
138220,560056,9,
134725,537440,9,
127940,590467,9,
143592,606949,9,
64979,538104,9,
94061,576129,9,
79285,554817,9,
103192,550021,9,
198823,538624,9,
145758,562414,9,
211584,591058,9,
139451,549580,9,
220224,592068,9,
150404,539885,9,
142767,538646,9,
143912,595772,9,
184412,537050,9,
55359,623076,-1,
137197,556522,9,
138461,558771,9,
80673,566893,9,
203667,577260,9,
94249,600812,9,
145244,561042,9,
94458,533883,9,
130201,562734,9,
98675,580608,9,
134422,544300,9,
141771,551655,9,
141924,558399,9,
137316,562151,9,
143363,551365,9,
197849,575524,9,
134261,519275,9,
129997,568115,9,
170494,560892,9,
164453,544085,9,
128788,546091,9,
88703,577217,9,
131109,568012,9,
95074,570002,9,
232047,522748,9,
125548,552424,9,
142563,560090,9,
118391,553625,9,
132497,593125,9,
162713,586568,9,
122296,566921,9,
56907,586609,-1,
48143,523870,-1,
104489,542515,9,
130582,565948,9,
180633,570302,9,
241485,523039,9,
178005,594957,9,
211266,534538,9,
137680,555667,9,
144401,565666,9,
101722,535117,9,
115781,594942,9,
107160,530936,9,
139978,587153,9,
179931,536588,9,
105353,589239,9,
119496,543146,9,
142575,517378,9,
76661,531044,9,
137699,556769,9,
154964,554923,9,
142516,559062,9,
98525,579761,9,
163925,576666,9,
153326,558408,9,
262846,559590,8,
102898,592834,9,
138349,554238,9,
193502,557364,9,
202175,495076,-1,
154162,536416,9,
77875,516899,9,
163477,561507,9,
131874,552586,9,
120357,560737,9,
119535,551857,9,
114108,540537,9,
136059,558213,9,
121786,564225,9,
233105,591646,9,
149760,577278,9,
139237,548782,9,
34795,606311,-1,
147663,555514,9,
108512,525986,9,
509279,180548,13,
495165,163113,13,
474652,193224,13,
507786,199578,13,
566666,195255,13,
506012,178372,13,
541435,206637,13,
507311,177795,13,
461701,188438,13,
506069,169723,13,
477155,161019,13,
505044,180646,13,
467697,168082,13,
511868,170991,13,
500225,177559,13,
460616,174810,13,
573755,218049,13,
543616,144788,13,
509804,175714,13,
542311,161882,13,
475944,189337,13,
517750,199025,13,
520952,169184,13,
559076,190770,13,
416763,96639,-1,
549384,208450,13,
549147,171454,13,
520880,200955,13,
484348,202813,13,
487472,166999,13,
504728,174541,13,
465734,114090,13,
570266,188032,13,
505584,176135,13,
514739,189624,13,
500589,181466,13,
504096,192493,13,
553118,165472,13,
502511,205121,13,
551798,221411,13,
502737,174437,13,
513181,177419,13,
513010,141058,13,
535564,177248,13,
514551,176526,13,
450030,169537,13,
521152,152439,13,
505512,203857,13,
509928,184873,13,
490271,216725,13,
529931,180136,13,
508228,220433,13,
534461,178056,13,
508551,174306,13,
545365,210090,13,
510414,142485,13,
507895,177445,13,
506288,177990,13,
512560,224816,13,
454160,102568,13,
437116,148591,13,
519003,160741,13,
509173,178051,13,
507674,147431,13,
513562,229098,13,
473361,185066,13,
517580,170329,13,
509285,174620,13,
510496,174308,13,
438860,114065,-1,
534702,244239,13,
504755,150226,13,
474135,199330,13,
508907,173787,13,
509651,149290,13,
490956,124550,13,
499637,194036,13,
515856,148316,13,
482568,159010,13,
522728,184704,13,
493070,189771,13,
483807,198925,13,
469656,153741,13,
470041,102049,13,
576965,187481,13,
515230,149567,13,
469470,189347,13,
484678,123623,13,
509554,186931,13,
480787,147737,13,
523036,123677,13,
508144,167733,13,
515450,173220,13,
489378,172861,13,
497406,125809,13,
514173,139330,13,
520809,176718,13,
499009,205823,13,
509773,148899,13,
505117,141877,13,
494698,176711,13,
501334,163002,13,
502500,176532,13,
546565,151576,13,
520878,209094,13,
486891,175164,13,
512241,169240,13,
569692,182365,13,
491382,122267,13,
457033,127590,13,
535453,200970,13,
436641,55171,-1,
520845,176291,13,
496130,178113,13,
507473,227670,13,
507092,175151,13,
493714,173387,13,
528826,154067,13,
509951,176794,13,
505400,160422,13,
473316,162622,13,
489504,146224,13,
516888,152451,13,
505128,175022,13,
520819,181586,13,
506812,167031,13,
495032,203929,13,
508789,174256,13,
502302,210265,13,
511106,122518,13,
486997,164803,13,
535787,199735,13,
540364,163758,13,
496006,191010,13,
497454,172375,13,
488330,173837,13,
547076,156969,13,
509956,141698,13,
516084,178725,13,
535034,172649,13,
529858,213114,13,
496384,166644,13,
519201,139101,13,
575022,213534,13,
469404,181944,13,
464672,193513,13,
491609,180519,13,
470314,178936,13,
481067,172555,13,
508797,176269,13,
491145,206344,13,
485361,169229,13,
474527,107596,13,
499643,171625,13,
514722,190943,13,
474641,81263,-1,
495995,160032,13,
516963,174184,13,
521006,163218,13,
434581,123267,-1,
514876,182995,13,
501416,172980,13,
513991,165072,13,
512900,219252,13,
510739,121103,13,
509522,174376,13,
507862,172954,13,
512716,181316,13,
483423,111797,13,
505603,147517,13,
482628,171320,13,
541790,172616,13,
473649,178184,13,
520763,250478,13,
494000,189403,13,
533931,173291,13,
485110,150541,13,
528679,199079,13,
545699,174099,13,
517495,186329,13,
520461,173217,13,
456821,105575,13,
495388,156422,13,
514934,219169,13,
508989,168995,13,
500474,169746,13,
504511,149234,13,
467144,147308,13,
512733,174091,13,
452791,156805,13,
488800,197919,13,
593887,210595,13,
561725,168220,13,
528011,201615,13,
514428,222503,13,
512051,145220,13,
472054,129986,13,
507959,166780,13,
518068,137556,13,
561110,219865,13,
563315,215613,13,
523779,163905,13,
490037,164357,13,
519421,154681,13,
504373,165819,13,
513957,139202,13,
486422,178919,13,
533351,147778,13,
511030,221292,13,
496069,102201,13,
496491,171534,13,
497254,171940,13,
518892,165875,13,
481083,151953,13,
507741,178883,13,
486224,196184,13,
509039,173839,13,
462658,75167,-1,
519680,208378,13,
499676,196897,13,
480876,160465,13,
521032,177084,13,
486034,196122,13,
505225,158750,13,
485968,123023,13,
478442,125560,13,
502355,164119,13,
502915,183059,13,
497211,174121,13,
537174,194410,13,
505293,194591,13,
491442,116195,13,
473202,140745,13,
505079,219082,13,
541455,223176,13,
528938,174372,13,
528094,178343,13,
520759,184923,13,
538994,179328,13,
507832,181513,13,
493897,189627,13,
514408,173338,13,
514391,156592,13,
513362,223841,13,
443618,157237,13,
477746,163845,13,
480571,204150,13,
486326,174643,13,
505384,174535,13,
541220,177840,13,
522869,176818,13,
497255,188783,13,
545240,221008,13,
512291,169608,13,
576158,210283,13,
508099,175066,13,
545455,182232,13,
537836,177165,13,
508597,173640,13,
507445,193647,13,
524397,239456,13,
527753,213985,13,
528766,239937,13,
481356,162127,13,
541498,192746,13,
506142,170513,13,
494574,198972,13,
477901,173288,13,
509223,177592,13,
532010,176195,13,
541006,175198,13,
490355,153464,13,
566524,179796,13,
550216,184337,13,
516085,195504,13,
523796,219588,13,
511118,175212,13,
445043,152257,13,
497582,190801,13,
514622,206979,13,
479631,178459,13,
496476,140337,13,
498389,178069,13,
506361,225237,13,
519396,177174,13,
529409,157228,13,
501111,157402,13,
514219,167014,13,
558307,203307,13,
545957,196749,13,
508080,175697,13,
589900,217899,13,
509383,167302,13,
474516,189144,13,
498730,183037,13,
473093,188791,13,
471328,176297,13,
510901,175806,13,
559809,162597,13,
499272,168413,13,
514981,172608,13,
511289,183247,13,
455460,153040,13,
519962,175210,13,
532549,172894,13,
516128,178722,13,
519113,194925,13,
502877,192740,13,
520782,134308,13,
574369,207483,13,
515494,188459,13,
486870,146947,13,
484395,107291,13,
504243,237336,13,
483776,213021,13,
536623,213083,13,
544539,180391,13,
502002,166223,13,
500801,185558,13,
525670,184762,13,
481841,209337,13,
494317,170837,13,
521153,242968,13,
473933,191767,13,
524502,248106,13,
487952,168607,13,
460133,173081,13,
453261,148432,13,
491792,214464,13,
497815,165151,13,
515348,184750,13,
598908,254032,-1,
558478,213316,13,
538228,168834,13,
464634,173867,13,
518675,175686,13,
533566,214619,13,
540196,180312,13,
500360,213540,13,
517882,175467,13,
549642,157506,13,
511368,173673,13,
506815,173387,13,
500192,192292,13,
533775,163036,13,
511484,160453,13,
489062,200329,13,
537514,179689,13,
551867,170425,13,
406184,394506,14,
417996,408162,14,
428667,451233,14,
425386,379634,14,
388202,405780,14,
370955,325071,-1,
353749,391896,14,
398629,401626,14,
393402,401018,14,
465599,383470,14,
400257,404936,14,
444610,400247,14,
392046,391220,14,
410506,395586,14,
508805,429073,-1,
424782,449687,14,
384467,407359,14,
397399,403186,14,
449683,388863,14,
387756,435588,14,
451753,383440,14,
414448,429790,14,
394599,409068,14,
387330,409037,14,
402109,430185,14,
393825,453067,14,
412111,418466,14,
397213,377839,14,
361159,436327,14,
383075,447616,14,
383832,340506,14,
402227,414685,14,
411957,397796,14,
377408,395123,14,
417231,381303,14,
442915,420573,14,
415394,396940,14,
420792,430901,14,
397791,444527,14,
385804,393101,14,
384572,388523,14,
402069,434868,14,
414997,432597,14,
392919,405103,14,
396150,430329,14,
439145,407748,14,
401240,354085,14,
424228,442208,14,
336023,416862,14,
351352,362910,14,
413549,408517,14,
341775,425156,14,
424811,413300,14,
402677,412615,14,
419118,421655,14,
354601,358760,14,
410682,349328,14,
399020,404042,14,
392258,405478,14,
353941,399967,14,
411471,446824,14,
397158,370362,14,
431117,394746,14,
395246,392783,14,
400468,405703,14,
354094,424230,14,
352429,359750,14,
358830,431609,14,
387039,365758,14,
395013,387179,14,
400545,404212,14,
435067,403802,14,
394436,450912,14,
376444,371957,14,
433463,410297,14,
426625,475977,14,
424241,452915,14,
396520,405610,14,
347638,429109,14,
374797,407601,14,
451670,388347,14,
373684,418326,14,
412615,403902,14,
392428,402295,14,
389868,410718,14,
383022,409854,14,
468350,395883,14,
373339,398565,14,
383878,376230,14,
434815,388041,14,
368864,411216,14,
321050,422497,14,
276794,384458,-1,
383197,409869,14,
381340,409680,14,
415521,368125,14,
404288,349685,14,
367922,415238,14,
422056,382193,14,
407334,445969,14,
373917,427628,14,
422261,374345,14,
392728,411341,14,
336585,420977,14,
401730,354294,14,
401854,402867,14,
401330,395538,14,
393903,387227,14,
399188,402459,14,
389510,370897,14,
399858,403574,14,
343651,438750,14,
388743,388465,14,
398246,406245,14,
400727,396769,14,
399077,403968,14,
402071,427626,14,
405902,394724,14,
383992,398245,14,
372230,412488,14,
418086,394699,14,
400305,466024,14,
380458,329635,14,
338347,337961,-1,
411171,426853,14,
392447,408539,14,
375233,399429,14,
385338,440797,14,
397764,406712,14,
414290,393146,14,
394846,407130,14,
402252,414628,14,
332913,385678,14,
396517,394572,14,
388479,343648,14,
405569,411933,14,
444816,409502,14,
393659,439272,14,
415222,434798,14,
396621,381952,14,
416893,347737,14,
398980,407667,14,
404273,429948,14,
397851,400846,14,
447192,359893,14,
350428,392503,14,
451853,420873,14,
402566,415798,14,
362753,369848,14,
407188,396576,14,
380139,434251,14,
409167,449719,14,
405470,392374,14,
359036,365793,14,
398617,402424,14,
408714,391412,14,
382222,441817,14,
403751,385539,14,
400548,402390,14,
393828,404314,14,
373943,376926,14,
390182,360941,14,
391776,409868,14,
342501,336320,-1,
401923,417123,14,
342400,426090,14,
405325,407466,14,
369480,377148,14,
416110,374296,14,
401162,412142,14,
442931,430123,14,
478361,409520,14,
401313,405195,14,
357466,354094,14,
417617,414816,14,
417281,410881,14,
470047,410943,14,
378824,430343,14,
369227,397853,14,
397918,462032,14,
397331,407010,14,
427810,400178,14,
401708,409924,14,
426172,363147,14,
401411,414503,14,
409823,412908,14,
386068,422517,14,
398255,405428,14,
346358,384801,14,
397735,448097,14,
348847,425164,14,
394761,461494,14,
357253,388075,14,
402267,410395,14,
415233,441297,14,
404445,402466,14,
408224,399767,14,
369044,371649,14,
343119,382074,14,
416750,435776,14,
387103,401925,14,
368200,364844,14,
393758,439738,14,
418623,404382,14,
402660,406054,14,
427749,457110,14,
405356,391545,14,
432184,395118,14,
322936,368566,-1,
402710,424367,14,
456025,389630,14,
395450,407822,14,
377941,403683,14,
407576,434017,14,
348263,386451,14,
391966,387214,14,
392576,406460,14,
380236,460907,14,
398153,407081,14,
399942,385908,14,
398795,472619,14,
467535,416014,14,
377758,413906,14,
398724,404179,14,
396710,378698,14,
377588,402670,14,
408992,462226,14,
423371,373970,14,
412861,434751,14,
403160,392159,14,
395168,404189,14,
399346,423786,14,
409244,460295,14,
429515,393708,14,
370602,353215,14,
356739,417826,14,
408147,436628,14,
436362,379677,14,
399291,386712,14,
396081,396707,14,
419200,403389,14,
383855,390984,14,
370252,347498,14,
460198,402706,14,
418046,358461,14,
408500,393942,14,
397618,404912,14,
392660,395873,14,
406739,400918,14,
439048,403700,14,
392424,375266,14,
379128,418858,14,
391970,419802,14,
389279,424006,14,
468907,448885,-1,
410601,410653,14,
396556,406492,14,
417795,405673,14,
375971,427549,14,
414374,439977,14,
368363,409733,14,
402081,407514,14,
399753,404222,14,
424840,479570,-1,
381863,416651,14,
394606,401451,14,
389520,406500,14,
418140,415328,14,
387461,394402,14,
391384,413273,14,
391439,399819,14,
365223,422531,14,
407189,437102,14,
415933,422485,14,
402031,426039,14,
428513,456990,14,
382396,405483,14,
368166,429422,14,
418636,440000,14,
411674,402377,14,
424365,371987,14,
394159,411676,14,
371548,414612,14,
460628,434107,14,
399717,403257,14,
361875,448199,14,
393424,399084,14,
333682,401078,14,
377870,377550,14,
405117,364266,14,
452398,378671,14,
397889,398501,14,
424089,352640,14,
417494,392231,14,
402851,395579,14,
376493,366302,14,
460684,371809,14,
449571,387141,14,
405322,414743,14,
420489,448078,14,
377975,461076,14,
492551,434649,-1,
477323,384551,14,
359740,379592,14,
429653,438596,14,
361814,411086,14,
400660,404811,14,
410418,409414,14,
392162,355397,14,
376145,414107,14,
371464,328177,14,
379593,380662,14,
448231,384406,14,
404157,406324,14,
420616,401526,14,
398985,413427,14,
400538,407020,14,
391530,398743,14,
408182,408351,14,
435926,408504,14,
411090,435389,14,
398311,383357,14,
409291,431539,14,
399460,399410,14,
400473,408327,14,
399693,395271,14,
431437,436764,14,
312123,419763,-1,
411053,432808,14,
401616,404245,14,
364455,436191,14,
407833,402474,14,
367864,442851,14,
437870,375761,14,
308726,371721,-1,
418996,389541,14,
371498,393120,14,
407429,399155,14,
380749,403860,14,
399997,411205,14,
377215,418429,14,
380202,396671,14,
436034,385951,14,
395210,357805,14,
415136,446807,14,
315013,318367,-1,
372424,413163,14,
340966,420480,14,
354767,417464,14,
387165,404027,14,
854654,549222,4,
889260,541423,4,
870826,524625,4,
868025,569296,4,
861364,598127,4,
825141,535997,4,
906640,587296,4,
906396,535803,4,
887896,558572,4,
817776,525600,4,
844066,546029,4,
848976,558706,4,
897131,604582,4,
845120,549830,4,
872241,556733,4,
857818,534525,4,
794265,594573,4,
857126,548151,4,
842786,614034,15,
889975,589361,4,
841130,529745,4,
813561,583156,4,
855603,542414,4,
887556,531797,4,
837032,509264,4,
852037,649724,6,
793791,581315,4,
904450,533427,4,
879722,550246,4,
839088,528460,4,
869369,536868,4,
871873,509094,4,
900991,497149,4,
919544,541255,4,
860520,544023,4,
863042,557890,4,
889805,522039,4,
879031,489881,4,
852918,552112,4,
903840,586229,4,
932662,537069,4,
908506,549611,4,
867533,542290,4,
844617,499013,4,
862002,534006,4,
883981,607581,4,
864265,549505,4,
883062,547498,4,
860870,546516,4,
895565,501871,4,
843344,604964,15,
864059,545894,4,
830888,544022,4,
858819,544904,4,
853562,531620,4,
873791,606643,4,
859213,538040,4,
841843,503359,4,
842719,506205,4,
847904,574114,4,
863859,546898,4,
888919,535805,4,
855045,547633,4,
863102,545783,4,
829747,530312,4,
850607,565348,4,
810277,520837,4,
879104,595389,4,
840406,538772,4,
838367,536676,4,
837457,518745,4,
861519,531277,4,
816056,542574,4,
862534,547936,4,
808555,600511,4,
862571,550965,4,
832010,554080,4,
882403,534710,4,
840020,568424,4,
865030,541150,4,
846594,522941,4,
890223,556874,4,
873136,513309,4,
846622,553552,4,
905770,531812,4,
803216,577565,4,
914183,620056,4,
877510,555087,4,
861193,573954,4,
840994,578455,4,
875640,561262,4,
876782,536438,4,
849501,552769,4,
866973,550375,4,
906382,534459,4,
822722,553764,4,
861656,545794,4,
856991,546255,4,
865081,551012,4,
895680,609341,4,
867801,548156,4,
846324,557586,4,
840059,534876,4,
860473,545982,4,
937823,540173,4,
886532,500026,4,
904133,534915,4,
880545,506175,4,
833499,504718,4,
854979,539793,4,
818739,545052,4,
825596,639465,6,
838036,542999,4,
846216,528037,4,
850790,525740,4,
864040,538985,4,
869818,543227,4,
879309,561548,4,
860563,534839,4,
846082,541026,4,
860151,543055,4,
847292,559228,4,
838239,576018,4,
837307,548214,4,
853093,586321,4,
884326,479802,4,
838978,622330,15,
842903,567914,4,
832490,450680,-1,
844948,563321,4,
859577,544625,4,
908409,591215,4,
819843,570485,4,
875625,599766,4,
887780,536497,4,
884613,507507,4,
849858,524682,4,
846741,539481,4,
870630,516603,4,
843111,581603,4,
869718,536928,4,
857648,511640,4,
881571,532467,4,
860230,528054,4,
861966,562885,4,
898736,548642,4,
961951,577029,-1,
866878,501919,4,
874791,559085,4,
874239,594786,4,
915504,527751,4,
758172,608152,-1,
859515,505303,4,
861033,507671,4,
837880,444574,-1,
827672,545966,4,
869960,562146,4,
858151,548242,4,
877440,529137,4,
821835,564313,4,
846371,578530,4,
829482,475863,-1,
860507,526669,4,
878696,530134,4,
837312,572687,4,
886773,509047,4,
879805,547494,4,
859679,541785,4,
910683,612854,4,
860863,546060,4,
874110,541972,4,
790149,565157,4,
873984,580836,4,
873742,448214,-1,
894785,440382,-1,
874312,574582,4,
879902,518647,4,
851462,526597,4,
839012,550376,4,
808097,502521,4,
879500,590791,4,
864721,548447,4,
866044,584750,4,
876151,582116,4,
819250,517655,4,
807278,566392,4,
872033,558924,4,
894268,532597,4,
846752,613846,15,
850478,566230,4,
849777,531138,4,
823584,568458,4,
823202,619103,15,
843715,568319,4,
861023,545953,4,
889743,560547,4,
862785,579661,4,
880833,537039,4,
854374,550707,4,
842616,515205,4,
860721,547751,4,
831024,505776,4,
829240,591428,4,
860384,555572,4,
853348,525893,4,
849118,571562,4,
856167,542249,4,
853874,560250,4,
838808,524944,4,
814561,575281,4,
773292,531652,-1,
891515,520429,4,
805884,549492,4,
833437,556713,4,
843432,490725,4,
791355,529644,-1,
865157,562132,4,
920249,551171,4,
808777,512952,4,
898916,630099,4,
863706,491401,4,
857231,551055,4,
877413,541536,4,
838821,563842,4,
854037,528890,4,
824475,518063,4,
857360,562228,4,
856437,532452,4,
862117,600081,4,
839280,539324,4,
885379,603686,4,
859185,553000,4,
865020,550686,4,
882007,593653,4,
861027,546004,4,
846772,509036,4,
844627,556401,4,
861069,548327,4,
854342,541611,4,
844086,531300,4,
923996,594948,4,
832154,559403,4,
803202,549001,4,
856619,544008,4,
897286,558004,4,
851216,516166,4,
858537,548576,4,
828001,524067,4,
849327,548496,4,
858278,544519,4,
793875,473793,-1,
766617,548142,-1,
847728,576707,4,
858418,546935,4,
816840,539239,4,
852687,540692,4,
861927,562723,4,
892382,513991,4,
811745,461099,-1,
800152,576217,4,
870139,566584,4,
859492,572224,4,
830226,483466,4,
850674,533083,4,
834632,541216,4,
899052,526048,4,
925485,596955,4,
893145,551400,4,
839493,521150,4,
883434,581923,4,
873380,495161,4,
765011,607246,-1,
898578,612291,4,
906772,510158,4,
858325,586062,4,
795909,462864,-1,
812634,554848,4,
846841,533595,4,
810817,509540,4,
826192,577784,4,
856552,545271,4,
848628,503773,4,
784291,581417,4,
890613,567037,4,
870936,575427,4,
851166,532382,4,
871544,592403,4,
870337,534303,4,
819580,545900,4,
912649,498734,4,
870214,556246,4,
853279,560714,4,
857319,543529,4,
878519,606677,4,
858057,542933,4,
860375,544804,4,
888111,525539,4,
892877,544283,4,
788776,582930,4,
875311,542259,4,
875248,462524,4,
835831,555864,4,
885828,586348,4,
916704,609548,4,
893991,544467,4,
866352,535933,4,
872247,494281,4,
832372,600070,4,
902302,514170,4,
877298,565604,4,
873636,510687,4,
854818,554389,4,
915666,506439,4,
905849,524809,4,
862062,545736,4,
871981,649086,6,
900829,590250,4,
859419,546754,4,
855983,534803,4,
916082,517633,4,
874877,535143,4,
885963,528959,4,
853439,518568,4,
855177,626376,15,
814249,488483,4,
857283,548467,4,
865489,548920,4,
913686,576892,4,
880275,564545,4,
861381,546835,4,
880958,588608,4,
868979,528502,4,
872237,555834,4,
861868,549168,4,
836951,546244,4,
836874,555991,4,
769546,554722,-1,
855074,542557,4,
868128,568529,4,
878859,540155,4,
852267,498220,4,
874125,543036,4,
846646,548548,4,
851517,541076,4,
806888,492319,4,
831779,577161,4,
860259,545444,4,
892423,530999,4,
838442,506780,4,
853291,557685,4,
730887,825972,-1,
645233,927201,16,
645563,819480,16,
573324,878802,-1,
693699,822637,16,
649412,856993,16,
684558,878573,16,
656658,854609,16,
651506,856097,16,
618405,842859,16,
667280,765619,-1,
600996,890782,-1,
674463,862486,16,
676694,851597,16,
620685,880813,16,
716590,874975,16,
721401,951880,-1,
657094,857640,16,
644693,867371,16,
633601,861482,16,
673646,857346,16,
657184,855509,16,
708244,871834,16,
659081,860560,16,
657811,885904,16,
642843,909185,16,
709303,897538,16,
610505,851476,16,
612648,772280,-1,
673196,812941,16,
673267,883727,16,
694451,863981,16,
678869,902492,16,
690018,819280,16,
677983,890077,16,
639997,865965,16,
709254,847444,16,
679799,858680,16,
664355,831472,16,
659166,861665,16,
692386,863386,16,
688076,833905,16,
680506,840053,16,
641840,886745,16,
673292,857105,16,
622212,860015,16,
736557,897961,16,
668234,886696,16,
675013,876331,16,
675902,853961,16,
695092,820091,16,
730287,897070,16,
691716,873426,16,
722404,952207,-1,
678606,878004,16,
664156,846474,16,
688118,911574,16,
674492,861230,16,
675382,836312,16,
664639,925795,16,
626334,852383,16,
669690,842110,16,
653177,819935,16,
674265,861435,16,
677404,883871,16,
672212,860894,16,
715956,900724,16,
674236,877152,16,
679818,860064,16,
578509,923881,-1,
680381,823757,16,
720629,816515,-1,
640210,902029,16,
671772,860357,16,
618009,867493,16,
672628,882986,16,
680261,863401,16,
682100,853708,16,
681049,846975,16,
668567,856554,16,
656957,871011,16,
662293,872590,16,
673953,835926,16,
718544,888401,16,
648590,917839,16,
699124,824089,16,
668367,855686,16,
675866,868784,16,
700098,894685,16,
683156,877209,16,
661357,801817,16,
789095,895634,-1,
673332,857517,16,
627452,835854,16,
672059,860501,16,
665048,854911,16,
683580,872374,16,
668839,882598,16,
682510,905902,16,
671235,856653,16,
680228,843225,16,
662249,918050,16,
674961,865594,16,
679211,886670,16,
676220,858214,16,
567861,856582,-1,
668228,858122,16,
682241,850176,16,
712262,856869,16,
671325,856592,16,
680592,858526,16,
683098,847245,16,
646816,829778,16,
675633,863416,16,
677551,860007,16,
683656,842406,16,
678195,860537,16,
700747,821557,16,
679054,898217,16,
676360,866112,16,
665308,868551,16,
665775,845662,16,
660459,860658,16,
670119,859029,16,
672068,874862,16,
644301,925034,16,
704574,866263,16,
665660,828338,16,
680579,836946,16,
682053,853410,16,
672544,859978,16,
713088,880834,16,
680969,838864,16,
674151,853540,16,
664903,839150,16,
641902,755287,-1,
683610,910782,16,
676962,897430,16,
594720,848457,16,
658748,777680,-1,
700341,869730,16,
640432,837036,16,
668519,860048,16,
672668,861428,16,
638004,837697,16,
673071,856021,16,
668772,858570,16,
636871,929410,16,
599612,859210,16,
739318,810528,-1,
654937,781879,-1,
663095,949045,-1,
658734,883214,16,
647968,877873,16,
682699,851115,16,
684739,884934,16,
667620,855461,16,
616281,845406,16,
697161,840318,16,
679237,862389,16,
664260,859029,16,
674121,858589,16,
700962,927047,-1,
723397,859761,16,
648230,857418,16,
677896,867053,16,
680828,839011,16,
680757,826912,16,
673826,880137,16,
694897,834591,16,
683585,905984,16,
671609,815681,16,
669748,863109,16,
674659,860894,16,
659734,844127,16,
656156,868643,16,
653258,860766,16,
684131,898331,16,
666516,859837,16,
655237,871554,16,
653592,959882,-1,
659280,845579,16,
646422,900526,16,
627580,840406,16,
604546,847329,16,
631316,837043,16,
705518,925936,-1,
662898,884734,16,
718088,852181,16,
666315,872311,16,
710082,881600,16,
674433,860605,16,
685821,816579,16,
678856,850293,16,
669427,846395,16,
687043,806921,16,
657981,866945,16,
676480,860779,16,
704065,832648,16,
669178,866011,16,
693783,860206,16,
683027,876064,16,
670957,810768,16,
674134,908464,16,
637665,858741,16,
664325,877878,16,
664025,801796,16,
672800,874378,16,
685124,873363,16,
674496,870664,16,
684602,823981,16,
677769,841641,16,
651576,865180,16,
650720,817440,16,
674472,860330,16,
673028,860593,16,
683413,861559,16,
669638,842011,16,
674365,860819,16,
687360,862438,16,
662684,813662,16,
673242,886958,16,
674311,859933,16,
595580,798572,-1,
636769,854047,16,
685551,798742,16,
663945,828490,16,
717187,883275,16,
706906,885612,16,
675988,841317,16,
671976,864630,16,
669366,869654,16,
651216,815098,16,
676767,832479,16,
657879,857942,16,
665828,868934,16,
674905,876286,16,
640000,863831,16,
672818,881943,16,
634800,823669,16,
658590,886551,16,
639463,847461,16,
625416,868848,16,
672266,862875,16,
723173,872525,16,
688098,908495,16,
673410,863889,16,
679788,889464,16,
615826,863168,16,
598671,854219,16,
753254,840123,-1,
669430,905798,16,
726847,875488,16,
648443,845340,16,
674114,970756,-1,
675551,956849,-1,
677459,896720,16,
634004,895206,16,
653745,809028,16,
682420,846881,16,
666636,858686,16,
682481,879399,16,
656834,885944,16,
718257,857481,16,
672598,856928,16,
693997,774817,-1,
612392,916853,-1,
671444,860206,16,
671404,857240,16,
689628,868984,16,
704570,845515,16,
652233,886054,16,
705929,851313,16,
682315,843851,16,
667131,849230,16,
707894,904500,16,
649345,864613,16,
629998,877765,16,
659542,840985,16,
621278,888326,16,
682304,876841,16,
679747,860939,16,
663049,843538,16,
672876,844123,16,
689948,850548,16,
696257,894819,16,
629377,853726,16,
658034,897179,16,
696808,866039,16,
699668,863774,16,
669697,859388,16,
606506,766728,-1,
672474,868765,16,
697011,856357,16,
708262,945359,-1,
653181,886417,16,
674521,861127,16,
729194,856897,16,
663168,859429,16,
644843,838626,16,
672797,843231,16,
680677,868629,16,
614497,830844,16,
646671,857872,16,
679242,853941,16,
665697,929571,16,
749941,916922,-1,
602365,916673,-1,
684537,843821,16,
694308,904062,16,
731712,878998,16,
667713,847241,16,
730383,879136,16,
689363,817577,16,
728743,850843,16,
683941,915579,16,
722463,882675,16,
670519,870010,16,
683252,858182,16,
669288,860515,16,
675357,870850,16,
673449,860643,16,
687325,883004,16,
603472,894573,-1,
669713,851017,16,
693362,837786,16,
605535,925341,-1,
687078,791051,16,
672387,800443,16,
683048,937776,-1,
713579,879202,16,
571669,873544,-1,
695260,824882,16,
702654,841548,16,
601619,825604,16,
564416,878492,-1,
703773,870419,16,
674931,870112,16,
673140,864863,16,
681053,892766,16,
683321,873932,16,
701017,931252,-1,
645677,814395,16,
677362,853471,16,
659046,930099,16,
665426,853940,16,
691827,863963,16,
650661,861267,16,
599647,858702,16,
684091,842566,16,
