664159,550946,1,
665845,557965,1,
597173,575538,1,
618600,551446,1,
635690,608046,1,
588100,557588,1,
582015,546191,1,
604678,574577,1,
572029,518313,1,
604737,574591,1,
577728,587566,1,
602013,574722,1,
627968,574625,1,
607269,536961,1,
603145,574795,1,
671919,571761,1,
612184,570393,1,
600032,575310,1,
627912,593892,1,
601967,604428,1,
591851,569051,1,
601444,572693,1,
629718,558104,1,
661430,603567,1,
597551,556737,1,
601182,582584,1,
562704,570596,1,
605107,563429,1,
607214,575069,1,
568824,570203,1,
612485,518009,1,
589244,573777,1,
625579,551084,1,
560237,500154,-1,
626224,569687,1,
610666,551701,1,
597428,569940,1,
600582,599535,1,
604168,555003,1,
613871,550423,1,
617310,551945,1,
625728,579460,1,
606300,566708,1,
638559,558807,1,
582176,630383,1,
544056,577786,1,
631297,578351,1,
561574,621747,1,
604973,574773,1,
605284,556134,1,
617910,592293,1,
555904,640401,1,
526559,509417,-1,
603849,572396,1,
598634,619900,1,
603359,589262,1,
657455,567754,1,
614279,599251,1,
578496,631434,1,
645171,595209,1,
688015,533535,-1,
656477,573007,1,
540029,563888,1,
597418,538362,1,
613545,574733,1,
628696,542447,1,
604157,574191,1,
603126,497987,1,
605850,533310,1,
596179,529556,1,
610330,552628,1,
598184,531473,1,
620438,511694,1,
600202,622079,1,
603021,577991,1,
515612,540643,-1,
606548,574376,1,
593490,623110,1,
607084,595500,1,
583728,563146,1,
616044,533807,1,
624452,584622,1,
604438,574666,1,
625709,660145,-1,
601376,579831,1,
565148,557305,1,
639418,537903,1,
612799,537497,1,
583653,652182,1,
599808,596484,1,
605250,573272,1,
606738,601356,1,
611044,571814,1,
575440,568511,1,
616329,529516,1,
605927,572533,1,
609286,586782,1,
647354,579190,1,
606929,571420,1,
562920,559223,1,
680357,620811,3,
707100,601463,3,
604294,574368,1,
614917,600946,1,
611508,503220,1,
603789,574474,1,
551740,588768,1,
546031,570429,1,
569197,559307,1,
688712,568754,1,
604067,574091,1,
606809,572101,1,
588597,622592,1,
613840,534167,1,
576263,547239,1,
597077,568196,1,
601339,571609,1,
606011,569426,1,
593398,559764,1,
593166,622725,1,
609796,532982,1,
712648,607541,3,
585048,505097,-1,
525967,565687,1,
660327,585901,1,
607604,573951,1,
604001,573587,1,
591484,571087,1,
613868,585089,1,
645464,660478,-1,
538571,654649,-1,
555429,604551,1,
597620,586226,1,
586097,567445,1,
545235,539822,-1,
649088,575733,1,
599123,616977,1,
563763,559454,1,
617717,613939,1,
618869,577243,1,
567188,560044,1,
636628,533309,1,
560362,567914,1,
595014,632844,1,
605876,550640,1,
604352,573425,1,
600679,599545,1,
596891,579476,1,
614943,540976,1,
604415,571400,1,
603698,573585,1,
658199,568743,1,
598759,582942,1,
671269,590258,1,
593317,534085,1,
657985,453405,2,
608557,590278,1,
623004,508050,1,
601900,569391,1,
641031,593074,1,
589658,640498,1,
567565,573952,1,
559078,570088,1,
639431,588155,1,
566609,537592,1,
568570,579335,1,
660650,615038,1,
667639,571164,1,
596796,529933,1,
606111,617846,1,
616060,590779,1,
602873,527864,1,
571334,594145,1,
602167,543919,1,
605100,573307,1,
546640,560043,1,
585195,555011,1,
651740,589474,1,
589112,536573,1,
582057,543124,1,
690968,555952,-1,
609030,552436,1,
632125,541413,1,
603445,630598,1,
628264,616214,1,
577242,574073,1,
604090,574392,1,
607911,576556,1,
600665,638890,1,
600117,539079,1,
631182,565466,1,
695646,652231,-1,
619445,567491,1,
613191,571942,1,
567428,580005,1,
590583,623314,1,
606289,670243,-1,
585175,574133,1,
634967,579020,1,
614615,574437,1,
593061,579188,1,
606933,576409,1,
606587,573873,1,
594084,629464,1,
683697,581516,1,
601530,577183,1,
603055,589818,1,
616561,619007,1,
607463,477085,2,
611581,572630,1,
579712,568354,1,
602887,595245,1,
600039,557139,1,
605913,579526,1,
579773,568698,1,
606324,544357,1,
605958,573728,1,
606144,575076,1,
667472,570571,1,
580048,565009,1,
597802,576113,1,
610263,574422,1,
603855,575180,1,
624369,532153,1,
599870,591110,1,
577167,617095,1,
658403,611332,1,
563460,480559,-1,
610980,522819,1,
569422,567790,1,
627727,578737,1,
592804,584539,1,
540783,626497,-1,
591823,639096,1,
637323,549567,1,
638078,629421,-1,
611315,560757,1,
647103,573853,1,
522993,595581,1,
601187,531825,1,
533799,564377,1,
649034,528813,1,
620975,564344,1,
622407,583192,1,
597026,642918,1,
551291,576721,1,
608768,610525,1,
697959,614701,3,
658281,582264,1,
546632,599204,1,
672565,564468,1,
636500,587401,1,
696144,548705,-1,
533551,582247,1,
526802,551524,1,
553038,606418,1,
696601,603624,3,
588964,597435,1,
716139,621721,3,
608529,586311,1,
557378,567033,1,
589994,610890,1,
589344,563119,1,
624415,515911,1,
565483,551512,1,
584895,574666,1,
582777,542670,1,
639394,576728,1,
608298,573748,1,
663578,586265,1,
628080,562986,1,
597421,554767,1,
595193,576508,1,
658103,572250,1,
659529,498474,-1,
606415,581386,1,
641976,577433,1,
587466,564953,1,
589180,595099,1,
601885,573083,1,
580561,528916,1,
621726,578003,1,
558817,576255,1,
620213,574468,1,
594010,570095,1,
541976,512639,-1,
593840,578685,1,
602667,575857,1,
631446,561156,1,
596481,567449,1,
611318,581584,1,
568546,564911,1,
593865,572987,1,
597017,575588,1,
578804,573582,1,
673750,594081,1,
592714,553958,1,
594029,586701,1,
668502,563937,1,
629533,537542,1,
801539,318482,4,
801667,318542,4,
814045,332998,4,
800479,321640,4,
757470,224976,4,
844536,424646,-1,
797105,316002,4,
779956,271501,4,
797205,313318,4,
801323,316240,4,
783666,262902,4,
806131,312752,4,
830658,368694,4,
802482,335269,4,
801910,325434,4,
808062,337340,4,
789833,304422,4,
803603,327255,4,
800865,312968,4,
802237,318526,4,
803959,315173,4,
800123,312312,4,
780927,285057,4,
797242,324588,4,
801551,320544,4,
809182,319115,4,
801931,317202,4,
870801,476330,5,
820327,352701,4,
801093,317509,4,
798523,324500,4,
805237,318655,4,
803375,311620,4,
801441,323812,4,
797313,317527,4,
788220,301915,4,
790395,300024,4,
817135,349925,4,
797787,301470,4,
804630,332333,4,
808710,330379,4,
802111,320817,4,
796375,309563,4,
819768,346596,4,
814605,354382,4,
800565,319364,4,
802089,313456,4,
814401,341234,4,
796609,319691,4,
776131,248465,4,
803464,329093,4,
802646,317894,4,
809550,327365,4,
795322,311178,4,
830450,393096,4,
778414,260729,4,
800041,318331,4,
802814,320130,4,
802738,312234,4,
823913,369439,4,
803386,318982,4,
812869,346251,4,
798904,324420,4,
800447,331643,4,
807446,342555,4,
804251,329956,4,
797594,302109,4,
803448,314797,4,
765502,240340,4,
795527,315510,4,
794640,313497,4,
808717,335740,4,
790932,305223,4,
816852,352965,4,
826228,376658,4,
795299,312036,4,
808686,332209,4,
809594,344872,4,
799275,324108,4,
878184,487392,5,
798472,322218,4,
824822,367091,4,
746769,205186,-1,
756701,207223,-1,
795489,287279,4,
800483,320713,4,
783491,288029,4,
797162,306135,4,
800272,316170,4,
806827,324616,4,
802853,314938,4,
800804,316615,4,
813173,354777,4,
801588,319814,4,
797400,315778,4,
823840,368410,4,
811391,343836,4,
801055,321833,4,
804038,306622,4,
803780,334441,4,
834173,386159,4,
802784,313853,4,
807293,347456,4,
817119,336333,4,
786635,269352,4,
824624,381716,4,
797415,319840,4,
800772,325023,4,
806626,318966,4,
800845,311838,4,
769386,259892,4,
797272,324228,4,
807409,325526,4,
795836,291870,4,
798321,319665,4,
805372,313397,4,
790738,308028,4,
800667,315995,4,
795205,316433,4,
809054,345541,4,
808452,320117,4,
779897,279572,4,
782642,275308,4,
797569,321799,4,
801751,318110,4,
787644,297715,4,
807401,314610,4,
800677,310656,4,
800394,301473,4,
795571,310093,4,
814158,335578,4,
811913,325091,4,
806982,316680,4,
775604,274485,4,
800133,327081,4,
806511,313841,4,
803796,314893,4,
802012,318315,4,
826789,377676,4,
814108,344096,4,
804354,309671,4,
807017,330432,4,
803774,334756,4,
817410,346944,4,
841928,398948,4,
816145,349032,4,
818622,370753,4,
786245,292352,4,
784164,285702,4,
805390,319676,4,
790774,303642,4,
803277,319525,4,
833182,379714,4,
773023,251826,4,
801609,320399,4,
778965,282290,4,
814317,333112,4,
805080,323708,4,
801080,318049,4,
799724,318884,4,
798059,316113,4,
806176,320301,4,
769876,257669,4,
825716,373098,4,
791983,298565,4,
801386,313545,4,
804871,317801,4,
810903,332925,4,
838276,395673,4,
810543,341180,4,
777978,252419,4,
820258,351165,4,
801997,319385,4,
779437,281959,4,
810253,323873,4,
794826,309589,4,
814280,344223,4,
832651,373469,4,
794142,306704,4,
802041,319504,4,
804190,320706,4,
798983,325682,4,
840462,402858,4,
799912,323363,4,
804119,328544,4,
804358,320802,4,
803057,331037,4,
803031,325811,4,
784151,283760,4,
800444,311497,4,
802004,317772,4,
803470,319069,4,
811277,335577,4,
803332,315488,4,
800037,317963,4,
813436,360446,4,
800694,316789,4,
838129,404012,4,
764997,249477,4,
800316,311699,4,
806848,320541,4,
805462,317833,4,
798308,312788,4,
802655,316263,4,
801456,320080,4,
801309,318213,4,
840886,397888,4,
829529,375007,4,
830805,370801,4,
804979,334141,4,
804013,316083,4,
808489,317021,4,
770113,241615,4,
804332,319006,4,
833661,389733,4,
797834,297329,4,
794956,309980,4,
801232,307078,4,
809552,342258,4,
794615,305632,4,
809259,345634,4,
811502,355939,4,
801301,316893,4,
803370,318247,4,
804702,315881,4,
797009,293194,4,
813791,334609,4,
812965,330224,4,
826048,374236,4,
800959,322309,4,
803405,317316,4,
802254,320673,4,
783116,265635,4,
798633,317300,4,
801482,327644,4,
798612,326404,4,
799001,302014,4,
802537,312497,4,
799794,315080,4,
793892,313943,4,
804691,332987,4,
793855,298525,4,
796952,318633,4,
800655,320227,4,
801780,318992,4,
805977,320805,4,
796916,323332,4,
820904,351763,4,
808405,318841,4,
765283,249459,4,
824212,363776,4,
798981,311092,4,
797178,310439,4,
800582,316980,4,
803839,310353,4,
796283,315582,4,
801145,317601,4,
801662,318423,4,
801782,318281,4,
803377,319212,4,
803932,318781,4,
806192,337849,4,
789583,287700,4,
801586,318947,4,
804251,331304,4,
799667,316830,4,
759789,229116,4,
799021,326404,4,
793684,312065,4,
806320,315242,4,
786234,267976,4,
821151,366545,4,
801903,312794,4,
782506,279930,4,
803627,319323,4,
794991,291216,4,
794667,315069,4,
799291,317500,4,
798243,324160,4,
804408,337683,4,
818119,348676,4,
810502,336169,4,
793560,285392,4,
801326,315779,4,
808644,326320,4,
813645,328765,4,
800966,317165,4,
797111,302781,4,
802431,322048,4,
811061,333595,4,
786719,283364,4,
773955,239849,4,
803701,321815,4,
783110,289805,4,
800235,316652,4,
807421,317527,4,
797947,319734,4,
805035,317469,4,
801166,322298,4,
846693,429031,-1,
801493,322249,4,
806087,326636,4,
810657,329468,4,
801313,300606,4,
800390,309948,4,
801634,318965,4,
799197,314215,4,
795254,296488,4,
807696,320548,4,
800461,326821,4,
801174,320442,4,
809781,326904,4,
826585,366934,4,
804429,312164,4,
788005,292268,4,
801183,316191,4,
378274,816341,6,
406233,813072,6,
401478,785370,6,
448651,847994,6,
434440,822866,6,
369199,734895,6,
413241,771595,6,
369418,733394,6,
378563,789670,6,
424190,780052,6,
415993,776671,6,
421352,799127,6,
432656,783776,6,
383032,788008,6,
414377,771258,6,
425260,773661,6,
469139,810971,6,
442979,803024,6,
347079,803582,6,
412797,803180,6,
352874,807952,6,
442286,755194,6,
416433,786159,6,
419700,793447,6,
422961,821595,6,
400008,789447,6,
429586,775621,6,
457561,788245,6,
415417,785827,6,
389552,750700,6,
415598,786499,6,
443447,783977,6,
404792,749210,6,
389392,730768,6,
473485,847098,6,
491614,778997,6,
437483,785130,6,
452570,848127,6,
417197,778243,6,
405986,787439,6,
437568,794323,6,
420319,794333,6,
418963,746595,6,
469422,822619,6,
397688,762902,6,
418149,790096,6,
407289,798870,6,
360319,778673,6,
473799,795167,6,
445199,763833,6,
446537,828924,6,
410019,732704,6,
396540,815936,6,
407694,718592,6,
417091,792545,6,
442260,754050,6,
411526,784658,6,
407814,765816,6,
394022,803914,6,
481133,781413,6,
396118,794614,6,
458538,786673,6,
419721,789724,6,
424476,781552,6,
377720,727349,6,
448336,789445,6,
412227,787450,6,
408745,824896,6,
417016,774869,6,
395274,786698,6,
412541,806622,6,
412109,735920,6,
407023,787385,6,
376660,815936,6,
396548,784388,6,
508535,830710,-1,
414014,816460,6,
440782,782395,6,
436951,814456,6,
393758,750953,6,
418410,795929,6,
425991,787029,6,
414562,787355,6,
408712,803987,6,
377858,811790,6,
417169,792321,6,
460371,780609,6,
388873,746909,6,
395641,808571,6,
386436,791388,6,
440667,768761,6,
438437,730300,6,
370839,727884,6,
422917,781112,6,
391555,789079,6,
402666,814060,6,
474368,812039,6,
406176,760860,6,
463768,793154,6,
446307,796523,6,
402309,786873,6,
413946,786971,6,
425053,790566,6,
416926,785113,6,
424023,737453,6,
417447,782955,6,
415672,787824,6,
416019,787562,6,
417515,787648,6,
459230,803720,6,
447833,819282,6,
418199,851439,6,
417393,771537,6,
441415,780207,6,
399634,751940,6,
373360,784232,6,
419227,779215,6,
434717,808225,6,
397669,792218,6,
412028,773494,6,
407504,803363,6,
365147,790525,6,
459328,805961,6,
429472,860855,6,
480128,785580,6,
344915,702496,-1,
410969,770451,6,
407460,791404,6,
420476,750495,6,
397747,792207,6,
408428,771823,6,
397806,749559,6,
426040,825049,6,
407565,766203,6,
414317,828815,6,
410610,765111,6,
412388,784064,6,
406337,750353,6,
422419,754048,6,
416039,730594,6,
414512,793966,6,
398478,822297,6,
424375,721868,6,
403890,792420,6,
400902,772920,6,
402367,782997,6,
472917,830363,6,
418621,840463,6,
329002,727685,-1,
418618,811618,6,
425356,745471,6,
470922,770669,6,
400598,790903,6,
412851,774986,6,
492415,829655,6,
400079,749617,6,
417673,785965,6,
424720,768456,6,
386415,801444,6,
426689,788562,6,
430747,776261,6,
405714,781619,6,
429220,787348,6,
427850,762201,6,
434080,785264,6,
473514,788780,6,
412386,777312,6,
430686,844506,6,
409142,811927,6,
422198,724557,6,
392185,713763,6,
412677,786951,6,
399149,784376,6,
382693,749680,6,
527515,831478,-1,
448519,805219,6,
430779,770145,6,
413556,758080,6,
392140,769924,6,
416855,794023,6,
389713,772742,6,
398498,776720,6,
473727,807244,6,
389410,788256,6,
377230,790154,6,
415564,784464,6,
456799,844976,6,
444336,820061,6,
404359,783919,6,
453154,776082,6,
425019,759577,6,
415895,775793,6,
420083,787815,6,
506612,858859,-1,
436648,859634,6,
403522,785432,6,
401407,759648,6,
403852,792473,6,
367398,701756,-1,
412453,784453,6,
382124,786262,6,
416884,786845,6,
448865,836781,6,
383821,808301,6,
414249,796590,6,
457338,789952,6,
396276,785999,6,
390282,789593,6,
409417,758123,6,
397561,815245,6,
397137,742547,6,
402891,801910,6,
385257,791581,6,
409628,833942,6,
369249,797068,6,
460942,779073,6,
423146,737571,6,
420509,788730,6,
422736,790806,6,
401492,790336,6,
394018,799506,6,
385140,796221,6,
430243,781020,6,
416775,806826,6,
425796,795608,6,
411488,837715,6,
433989,765343,6,
415806,783594,6,
417023,771194,6,
415270,775605,6,
391163,811977,6,
405350,762342,6,
414860,773921,6,
371779,814715,6,
415631,805010,6,
387951,813315,6,
472691,802678,6,
471930,844046,6,
432892,815223,6,
366654,802105,6,
411721,717873,6,
426115,814461,6,
375997,806621,6,
385561,718324,6,
375573,809249,6,
437958,784801,6,
363857,784086,6,
430138,818594,6,
435085,791564,6,
414036,742189,6,
425611,793420,6,
439793,740773,6,
467107,817914,6,
387631,749416,6,
430001,765803,6,
384225,784381,6,
417146,822655,6,
427371,819417,6,
399587,792459,6,
474648,778810,6,
345692,788190,6,
409515,756149,6,
469782,780552,6,
468229,827985,6,
414951,852935,6,
409701,750741,6,
442826,795974,6,
459556,818479,6,
423311,813081,6,
476144,772131,6,
391976,789416,6,
448649,813885,6,
496658,816784,6,
410336,767856,6,
430167,811490,6,
357467,797530,6,
404220,785798,6,
446368,763341,6,
439514,758221,6,
424145,743433,6,
470062,771204,6,
421187,779726,6,
396617,801039,6,
394708,739061,6,
394912,755947,6,
425950,788228,6,
408283,806161,6,
419520,778231,6,
441950,785934,6,
409814,836083,6,
395817,788858,6,
422776,808328,6,
363959,810632,6,
422943,804253,6,
407626,771304,6,
347933,797148,6,
457554,795861,6,
394274,837428,6,
445674,768552,6,
416359,786189,6,
419485,804779,6,
376176,795539,6,
349378,805118,6,
456566,743012,6,
484407,809641,6,
403329,717870,6,
392795,817694,6,
372621,772258,6,
461751,817277,6,
489182,773934,6,
427388,815258,6,
418155,819422,6,
437035,755506,6,
416444,783624,6,
777811,751059,7,
823974,725025,7,
749723,781756,7,
875160,698897,7,
828194,742074,7,
800913,749332,7,
831165,783383,7,
793019,764859,7,
810467,706465,7,
803540,754792,7,
844662,654835,7,
803962,731228,7,
823065,733789,7,
822156,732296,7,
811389,723618,7,
779936,774397,7,
854769,713941,7,
803457,735855,7,
790712,745884,7,
815652,733433,7,
841289,701474,7,
832054,751330,7,
786032,701427,7,
824835,704997,7,
832886,781206,7,
818063,797960,7,
857620,709386,7,
828589,652430,7,
836727,737798,7,
776000,780347,7,
824098,714042,7,
830583,710990,7,
862189,735684,7,
815131,704478,7,
828478,655405,7,
784838,771499,7,
880362,706363,7,
767482,727417,7,
825070,734215,7,
813781,738344,7,
840863,737972,7,
840943,739611,7,
828276,762021,7,
822883,728314,7,
854886,769396,7,
829623,732301,7,
835428,731189,7,
818338,800932,7,
823417,701523,7,
812152,689907,7,
829969,699565,7,
861563,661642,7,
816955,747629,7,
774526,757135,7,
803577,712231,7,
798056,714380,7,
881789,727577,7,
858867,700187,7,
834996,728517,7,
839121,736259,7,
841045,738224,7,
840100,728839,7,
874544,686096,7,
862334,747768,7,
820253,714625,7,
817862,732248,7,
844729,682981,7,
846484,719360,7,
793669,724513,7,
821906,732848,7,
826465,646980,7,
820350,748217,7,
814540,707227,7,
838223,766380,7,
869471,745767,7,
816054,733183,7,
801177,737548,7,
848783,748980,7,
814105,723255,7,
838036,749612,7,
840270,725456,7,
789601,714058,7,
827169,708345,7,
789448,738035,7,
835030,668528,7,
848151,741869,7,
816091,747764,7,
801511,761094,7,
822670,689090,7,
873672,734440,7,
808153,737136,7,
755829,751858,7,
814697,729209,7,
832758,707452,7,
848264,762550,7,
799903,784535,7,
802674,727804,7,
828147,808738,7,
820707,705318,7,
824594,741664,7,
804474,747122,7,
823108,733302,7,
839514,728923,7,
827711,732798,7,
851644,721350,7,
816390,711340,7,
798007,723995,7,
790612,738038,7,
821909,728448,7,
865754,723314,7,
735295,814058,-1,
877711,703850,7,
792990,685472,7,
809917,762429,7,
789388,712210,7,
879221,655497,7,
876935,684572,7,
819439,735945,7,
807929,730950,7,
850451,764015,7,
811748,766105,7,
824765,761114,7,
848586,789052,7,
812231,739235,7,
873532,712802,7,
842590,716861,7,
832798,734777,7,
817640,730018,7,
824322,744720,7,
777697,798253,7,
868493,677155,7,
805658,698630,7,
840349,790707,7,
796953,726378,7,
832589,782799,7,
817441,709397,7,
856029,730586,7,
805089,762512,7,
854628,773470,7,
846090,651306,7,
796943,674692,7,
827192,785316,7,
818209,719382,7,
795200,786424,7,
817777,724927,7,
846512,683647,7,
825080,746712,7,
824674,806300,7,
822616,735941,7,
805391,732659,7,
823250,732088,7,
850376,739749,7,
821337,733356,7,
796786,724615,7,
862425,741010,7,
825690,703854,7,
800872,672603,7,
825395,715780,7,
843911,730036,7,
820238,732928,7,
848570,703697,7,
825515,738284,7,
820367,732364,7,
822025,749214,7,
837718,761480,7,
871723,685520,7,
850904,720163,7,
816775,739989,7,
822103,732911,7,
815455,755486,7,
835648,756631,7,
868626,737331,7,
825997,730652,7,
817252,730254,7,
877906,722361,7,
808440,729985,7,
791470,751113,7,
841654,764836,7,
825429,732758,7,
751215,828365,-1,
804706,788001,7,
820194,734233,7,
869991,705259,7,
809779,663654,7,
822078,711840,7,
866139,717138,7,
829379,718721,7,
837582,763266,7,
783999,732487,7,
800231,732106,7,
862569,719773,7,
838764,652792,7,
849343,713993,7,
828297,715480,7,
821259,750089,7,
874643,729921,7,
819058,729125,7,
817018,729596,7,
797804,715342,7,
838515,768484,7,
829398,724900,7,
754841,796342,7,
878690,739021,7,
821908,732077,7,
786495,759000,7,
823987,687499,7,
787988,741203,7,
839339,726322,7,
822425,727248,7,
854412,725575,7,
788351,737539,7,
838587,700545,7,
840425,762290,7,
817395,734126,7,
807913,737341,7,
872285,750708,7,
788166,702817,7,
836225,709204,7,
822293,786837,7,
888892,702505,7,
822623,745025,7,
795124,696429,7,
832238,725434,7,
815593,689874,7,
843572,784897,7,
833716,758772,7,
822474,780882,7,
801102,759330,7,
841752,731595,7,
808779,732990,7,
822533,758955,7,
817807,715863,7,
837977,728814,7,
801204,755177,7,
819628,810748,7,
814732,734183,7,
832086,716249,7,
876503,659112,7,
823856,749355,7,
819737,737829,7,
818756,743887,7,
811971,664520,7,
801526,705057,7,
827031,734324,7,
843891,721571,7,
810460,735109,7,
782368,759352,7,
801172,715857,7,
866928,716961,7,
829673,730398,7,
850888,736810,7,
786935,732999,7,
769656,721159,7,
804925,735492,7,
870054,738900,7,
818932,728481,7,
853692,746285,7,
807072,687932,7,
750459,800215,7,
823959,737866,7,
835804,710711,7,
790206,747165,7,
813092,739043,7,
801810,728106,7,
825404,733788,7,
820947,730529,7,
827081,694553,7,
822664,720677,7,
768565,762193,7,
823113,733720,7,
821079,800206,7,
828531,731300,7,
820757,738235,7,
781260,737962,7,
819438,662327,7,
833504,744564,7,
789552,731946,7,
822843,763117,7,
775555,719683,7,
865084,713697,7,
820455,729132,7,
849547,738979,7,
762269,792243,7,
821464,700760,7,
824013,753991,7,
803369,698753,7,
823589,728083,7,
796353,710294,7,
820083,728310,7,
829133,735488,7,
823455,747394,7,
818542,740451,7,
809623,734937,7,
841762,777572,7,
802184,751958,7,
803874,675499,7,
830065,739162,7,
824140,729074,7,
852730,769968,7,
866760,753547,7,
811031,703822,7,
825414,734466,7,
816615,770855,7,
786227,765634,7,
817269,733788,7,
809453,736879,7,
757421,774445,7,
818251,731938,7,
788020,765562,7,
823618,734216,7,
812295,728049,7,
837545,696979,7,
797918,694723,7,
822224,742716,7,
821895,732158,7,
797233,713358,7,
800258,733812,7,
813319,737376,7,
860951,162251,8,
860387,157731,8,
857363,154639,8,
863391,126214,8,
839094,159543,8,
849248,164090,8,
875990,133950,8,
905936,150106,8,
895835,123485,8,
818079,108536,8,
898976,198452,8,
869087,153957,8,
849653,143827,8,
834293,161575,8,
844234,153197,8,
835128,212354,8,
828179,155649,8,
875410,128878,8,
850965,156224,8,
800816,176612,8,
832621,150748,8,
876863,176593,8,
826192,172906,8,
862679,188399,8,
839974,154358,8,
854338,135067,8,
855233,141357,8,
850538,160159,8,
868442,160118,8,
888714,205560,8,
864185,161232,8,
851280,156049,8,
875825,204959,8,
840375,155757,8,
892340,149050,8,
873527,126426,8,
836433,200181,8,
826499,142732,8,
854922,159650,8,
883537,210648,8,
807420,168787,8,
840299,118907,8,
834602,213597,8,
864053,139325,8,
856454,117143,8,
857972,160214,8,
850046,108829,8,
804936,148980,8,
864374,150149,8,
858587,150101,8,
870247,121460,8,
855656,162100,8,
850176,127908,8,
850057,157848,8,
828005,145089,8,
861994,160156,8,
849537,157510,8,
867125,168762,8,
838142,156770,8,
847644,164348,8,
856349,158150,8,
860606,152843,8,
869288,168662,8,
838328,185708,8,
860986,140320,8,
829229,143653,8,
866051,172932,8,
871556,194747,8,
865489,161762,8,
851840,110475,8,
846256,154064,8,
836081,178429,8,
859707,202806,8,
849938,156042,8,
894124,202052,8,
864325,170593,8,
848108,161786,8,
817619,181929,8,
858058,196183,8,
861242,161722,8,
885793,172115,8,
850577,157049,8,
877125,161227,8,
883864,111281,8,
891699,170415,8,
802394,87835,-1,
862759,157988,8,
824185,167369,8,
813124,157130,8,
840335,164912,8,
858042,178196,8,
846257,145306,8,
858516,151301,8,
851282,153750,8,
905005,164126,8,
857309,139276,8,
845589,192916,8,
895245,150977,8,
863995,150435,8,
862642,159379,8,
861631,169376,8,
858934,162874,8,
912023,160368,8,
842824,177832,8,
824560,133679,8,
842281,175525,8,
860845,155375,8,
841096,188742,8,
821428,153468,8,
840357,169437,8,
827802,189078,8,
844734,164570,8,
847812,114745,8,
887269,166179,8,
830159,134329,8,
850925,157811,8,
847276,121785,8,
870599,149782,8,
780153,136449,8,
814379,132655,8,
834483,173379,8,
852423,159874,8,
854012,157449,8,
883375,158482,8,
850219,110573,8,
836450,151205,8,
881217,172320,8,
813239,139752,8,
871255,140340,8,
789356,159383,8,
873690,156226,8,
858834,149259,8,
778867,140736,8,
872057,122354,8,
882097,161493,8,
787336,144875,8,
849751,167033,8,
843833,170416,8,
850663,157840,8,
812240,177846,8,
838609,140215,8,
850959,157920,8,
859703,156782,8,
854753,190254,8,
895723,126593,8,
857833,170565,8,
850200,164752,8,
845303,150476,8,
877422,134877,8,
850153,155701,8,
819256,201704,8,
871689,155981,8,
818014,140185,8,
815298,167390,8,
864088,171351,8,
902529,162041,8,
908069,146564,8,
799326,106384,8,
854996,81095,-1,
843813,182032,8,
888504,147016,8,
877964,242679,-1,
851866,156896,8,
821361,175823,8,
810775,160434,8,
843150,156573,8,
844088,150085,8,
830620,117906,8,
835790,127898,8,
819541,117296,8,
858703,157931,8,
857846,153281,8,
876408,183646,8,
842576,153072,8,
848974,199427,8,
862925,243856,-1,
856561,128799,8,
834171,189042,8,
872516,217570,8,
869167,105039,8,
819670,183364,8,
846575,159002,8,
895127,152283,8,
830445,186055,8,
792179,148539,8,
852410,187705,8,
853554,158012,8,
927170,250593,-1,
825605,167750,8,
846731,162515,8,
878170,123364,8,
884966,133900,8,
866987,154415,8,
846284,113820,8,
873474,159567,8,
878258,158631,8,
882306,173836,8,
856924,169071,8,
794260,129843,8,
851568,114049,8,
868736,179354,8,
925732,210388,-1,
868375,161990,8,
855593,161003,8,
849599,157084,8,
868317,177001,8,
800304,163436,8,
823740,169808,8,
856202,158811,8,
883929,121705,8,
851010,157593,8,
872506,157517,8,
850533,160136,8,
816393,185056,8,
850911,157772,8,
812942,85345,-1,
835581,147664,8,
913298,162009,8,
858172,137586,8,
872781,154295,8,
871597,185239,8,
923120,170161,8,
837019,215527,8,
835702,176502,8,
837017,154170,8,
859177,143273,8,
866851,129505,8,
855852,134834,8,
924289,171369,8,
860154,113364,8,
836739,162321,8,
850775,162968,8,
884750,154317,8,
849681,125345,8,
854463,159977,8,
883567,161769,8,
848137,87922,-1,
823676,152154,8,
848135,130674,8,
844400,150812,8,
864494,136669,8,
878157,210496,8,
851088,157432,8,
786528,104976,-1,
860106,157080,8,
861412,205239,8,
820675,168154,8,
834036,144156,8,
842907,133992,8,
846720,162060,8,
871544,144135,8,
849003,115373,8,
856753,145184,8,
839757,190518,8,
865113,161302,8,
846936,161313,8,
845802,172285,8,
844357,163402,8,
881106,105566,8,
877835,151890,8,
839445,149778,8,
866560,165110,8,
845798,213118,8,
818668,120458,8,
831446,182864,8,
900955,185733,8,
836647,167267,8,
874672,104851,8,
849126,121710,8,
889142,154467,8,
855993,225023,8,
854095,158510,8,
850787,125678,8,
859298,139834,8,
829216,121494,8,
837676,148639,8,
851919,127963,8,
841353,125628,8,
848563,117708,8,
893106,176595,8,
852503,146551,8,
848290,143184,8,
825541,151495,8,
883231,232031,8,
864667,143614,8,
805089,96540,8,
854909,149938,8,
847097,176660,8,
910435,171155,8,
878749,188759,8,
871780,158486,8,
841292,155620,8,
846011,160034,8,
855969,193497,8,
860927,110775,8,
808069,134402,8,
848413,183717,8,
791722,162000,8,
852104,134678,8,
806567,140259,8,
847423,161535,8,
867993,162841,8,
828038,149181,8,
849404,170474,8,
841967,150890,8,
850945,161669,8,
888697,143969,8,
813868,188928,8,
864991,159874,8,
881109,152198,8,
811694,188374,8,
900360,153622,8,
885764,151791,8,
814553,164190,8,
895623,178393,8,
829790,205695,8,
865170,173755,8,
850453,155432,8,
864211,216526,8,
848770,111076,8,
791199,164843,8,
834165,140684,8,
843905,219401,8,
857328,143692,8,
838146,159541,8,
340693,569371,9,
315965,587160,9,
405652,622938,9,
359831,554975,9,
349296,557688,9,
289423,559134,9,
408689,562521,9,
321312,574721,9,
286568,547471,9,
370259,585265,9,
339967,562602,9,
410917,614521,9,
283570,563726,9,
347197,591316,9,
342064,570045,9,
317331,556086,9,
335792,541310,9,
330455,568758,9,
366794,582584,9,
378697,591764,9,
339981,565418,9,
338342,566864,9,
338474,563350,9,
432052,613723,-1,
340064,550509,9,
334354,578047,9,
296775,572432,9,
353335,592567,9,
334016,562797,9,
328438,532686,9,
365927,571713,9,
343247,564376,9,
325057,581121,9,
330881,579058,9,
378648,579579,9,
339115,566863,9,
333299,597586,9,
367048,553451,9,
345840,561591,9,
366934,581294,9,
358793,547046,9,
393570,579641,9,
304399,545221,9,
353979,578923,9,
337002,589527,9,
327738,559624,9,
334549,579199,9,
297110,556485,9,
327403,548875,9,
413894,564459,9,
326043,553772,9,
337811,558454,9,
333901,532836,9,
340545,568654,9,
358483,554925,9,
318065,581616,9,
367751,578289,9,
331667,570387,9,
321519,561045,9,
299578,572052,9,
339632,536577,9,
339993,544064,9,
268672,508874,9,
332960,569308,9,
345042,566973,9,
352220,602793,9,
333934,537464,9,
312386,555195,9,
334182,558498,9,
335328,562880,9,
303637,570253,9,
353145,580916,9,
325118,556212,9,
294310,563522,9,
371563,547746,9,
373894,555347,9,
407040,577739,9,
337298,565486,9,
357813,572855,9,
304157,566007,9,
335918,566525,9,
330127,570072,9,
339212,538693,9,
357275,551101,9,
334785,565575,9,
326152,563230,9,
345903,561314,9,
238748,551038,9,
331175,551842,9,
352520,566829,9,
341675,560197,9,
354746,552404,9,
412500,594675,9,
277027,536847,9,
322209,547247,9,
375619,553791,9,
288068,561932,9,
344770,570309,9,
284031,566654,9,
324442,567881,9,
356246,549756,9,
404420,577532,9,
336829,562228,9,
293591,522132,9,
342963,582232,9,
338860,561151,9,
324055,590810,9,
328331,541094,9,
357737,597104,9,
392534,593343,9,
298665,568245,9,
343376,575709,9,
338863,563107,9,
361370,552483,9,
338935,567577,9,
350117,535859,9,
371000,555062,9,
368617,554066,9,
331795,529654,9,
344237,573700,9,
280110,522025,9,
328657,564864,9,
452457,597461,-1,
333669,542228,9,
320628,564596,9,
316642,553340,9,
340712,563178,9,
349955,535578,9,
261538,525920,9,
411008,607342,9,
317136,563479,9,
297022,574097,9,
319927,524637,9,
359772,568428,9,
344791,578536,9,
324093,580491,9,
373907,558472,9,
321905,573147,9,
341721,576427,9,
386373,606623,9,
338588,543875,9,
341578,558672,9,
371616,570648,9,
331987,568997,9,
341329,565571,9,
334350,556417,9,
330482,571217,9,
338950,572545,9,
289087,565427,9,
343997,585193,9,
225786,529417,10,
365567,547606,9,
320827,519618,9,
286990,529505,9,
321517,569562,9,
388806,569524,9,
411796,581307,9,
331440,551885,9,
325958,573367,9,
348171,569251,9,
344239,530765,9,
419151,577335,9,
321309,569996,9,
386377,574187,9,
342099,561508,9,
366688,562413,9,
321657,538660,9,
403004,613466,9,
363304,553764,9,
384922,582877,9,
304556,568584,9,
336787,538925,9,
327998,571265,9,
303269,531608,9,
313649,523765,9,
337889,558031,9,
360165,553303,9,
340032,561740,9,
338634,564414,9,
351459,565704,9,
412767,593558,9,
283474,532727,9,
336928,557412,9,
366478,594677,9,
343450,570659,9,
331616,565089,9,
354529,573677,9,
276703,559740,9,
282066,560178,9,
331366,567311,9,
321910,573825,9,
290107,571927,9,
281979,518199,9,
374695,563163,9,
340191,567638,9,
338583,563529,9,
358312,559466,9,
338474,564151,9,
338205,566246,9,
342901,582886,9,
265815,540385,9,
304086,576100,9,
347966,563506,9,
346144,560472,9,
352381,592377,9,
318681,528806,9,
369366,561201,9,
310041,533285,9,
344314,595915,9,
363956,609339,9,
328586,551385,9,
330767,552963,9,
312558,520650,9,
315850,573154,9,
379388,567285,9,
329905,579935,9,
352209,548608,9,
357679,548036,9,
339288,588052,9,
330335,568221,9,
341559,562163,9,
341925,569393,9,
327695,543105,9,
335999,549795,9,
302359,534317,9,
332586,566187,9,
330750,561657,9,
400380,588221,9,
337910,562252,9,
336549,565597,9,
343717,559909,9,
332116,594868,9,
358384,556361,9,
415881,584352,9,
345164,579614,9,
316395,537403,9,
340970,564831,9,
340383,600071,9,
326627,534442,9,
356865,545785,9,
306298,551902,9,
347575,565576,9,
302583,571881,9,
352424,557574,9,
279008,521035,9,
335029,553213,9,
338753,563384,9,
324032,577807,9,
327973,534972,9,
321924,527106,9,
345495,579864,9,
385091,599401,9,
361138,551307,9,
332884,533990,9,
269126,508814,9,
350056,566657,9,
374117,546122,9,
350283,559840,9,
335525,567445,9,
350798,535657,9,
289002,520678,9,
324516,522674,9,
364844,571623,9,
351815,574947,9,
275524,559548,9,
348773,583528,9,
308966,523409,9,
316313,570785,9,
341966,561987,9,
341446,538787,9,
318823,565345,9,
347522,587567,9,
293746,544468,9,
334983,572690,9,
325125,564342,9,
330145,546705,9,
336336,563145,9,
302353,545544,9,
321216,569834,9,
285152,520229,9,
335027,565050,9,
332270,556288,9,
341016,545280,9,
339640,561426,9,
338633,563504,9,
324952,565867,9,
353583,554147,9,
385183,556284,9,
292636,520371,9,
289176,571435,9,
310944,559497,9,
336974,563207,9,
337173,557853,9,
396903,591235,9,
324440,567074,9,
333378,557892,9,
300366,565761,9,
344437,529492,9,
325871,558965,9,
367641,556309,9,
344552,554676,9,
297212,546223,9,
355924,577596,9,
331340,524203,9,
292932,558293,9,
306346,523584,9,
341966,586266,9,
282430,560217,9,
326251,549298,9,
335201,585318,9,
351564,573155,9,
322365,530808,9,
405542,600089,9,
296763,528676,9,
221233,538472,10,
338084,560295,9,
345674,579033,9,
325883,560492,9,
345123,577788,9,
329859,564384,9,
353939,570931,9,
409616,575024,9,
365058,545456,9,
404782,557913,9,
368724,598412,9,
344096,575522,9,
182618,346663,11,
171461,348130,11,
186536,330019,11,
177241,292639,11,
248683,383412,-1,
174057,358906,11,
215243,289985,11,
170688,343596,11,
144502,345417,11,
165689,356983,11,
168443,367928,11,
165158,343946,11,
159711,352701,11,
175781,341039,11,
233480,289069,11,
189029,366740,11,
168573,350387,11,
170271,306395,11,
192775,350028,11,
152054,345632,11,
139299,314046,11,
202053,322650,11,
134695,350397,11,
159654,381778,11,
188093,324040,11,
183236,338163,11,
156984,430950,11,
182751,435819,11,
198908,372797,11,
198517,325721,11,
161345,350804,11,
210497,359835,11,
141993,331189,11,
170788,373545,11,
166449,363036,11,
155479,345893,11,
186380,363938,11,
129332,360811,11,
224225,376975,-1,
165945,345849,11,
223550,323197,11,
122755,434879,-1,
166584,349245,11,
179472,342273,11,
148749,359845,11,
177505,332053,11,
160222,380591,11,
178869,370161,11,
170002,370000,11,
164354,347671,11,
169966,368623,11,
145867,363616,11,
181561,358111,11,
164915,350360,11,
166973,341636,11,
153181,277968,11,
155505,355581,11,
160835,347784,11,
211265,396792,-1,
203254,362605,11,
137967,354539,11,
174064,357989,11,
179609,408365,11,
176506,351827,11,
172879,347028,11,
180506,330980,11,
185966,359964,11,
146070,316860,11,
152957,321354,11,
163190,331719,11,
186914,361706,11,
159191,309314,11,
170425,316185,11,
162040,316797,11,
195000,354829,11,
126702,351222,11,
213064,290947,11,
140612,350010,11,
172885,352621,11,
170155,343568,11,
186806,334070,11,
146072,288800,11,
169293,348686,11,
169502,411323,11,
152861,407965,11,
156041,295117,11,
117585,391892,11,
163981,344090,11,
158664,310765,11,
141113,351050,11,
163796,345091,11,
160369,353500,11,
235671,300234,11,
140876,334435,11,
108232,373112,11,
192460,388323,11,
133744,308918,11,
216209,437830,-1,
156945,339397,11,
199859,316334,11,
159496,331641,11,
167845,341409,11,
182435,365508,11,
133795,360518,11,
169628,365003,11,
167262,399527,11,
177728,352687,11,
130683,363204,11,
198197,344933,11,
197735,355477,11,
172020,342883,11,
185561,342784,11,
202011,337353,11,
157394,346500,11,
182050,424341,11,
129664,341196,11,
173188,355248,11,
182499,310438,11,
170384,339979,11,
182093,321311,11,
185696,338006,11,
102221,374657,11,
165881,364469,11,
164875,349007,11,
159120,340829,11,
168274,374689,11,
178495,373915,11,
179811,342089,11,
162606,363185,11,
173908,362098,11,
133580,348602,11,
190634,357254,11,
186503,369651,11,
127134,379827,11,
169145,355279,11,
140121,346875,11,
141860,324304,11,
200251,306215,11,
174373,363552,11,
170022,347877,11,
165657,338722,11,
186361,351075,11,
213022,338238,11,
155228,357729,11,
171614,435530,11,
175586,365049,11,
187858,381077,11,
171074,293610,11,
153738,360530,11,
199043,270173,11,
165886,348709,11,
159428,300364,11,
197463,378513,11,
161273,347538,11,
186082,330058,11,
143732,279724,11,
142899,329415,11,
156977,424622,11,
174878,362329,11,
148915,338914,11,
187324,377187,11,
175766,380534,11,
185071,362905,11,
158550,354818,11,
174672,345849,11,
169880,343122,11,
109090,326101,11,
187854,354777,11,
153903,353738,11,
190241,329582,11,
102983,382712,11,
143117,345163,11,
188985,367645,11,
174834,411644,11,
144228,344974,11,
146821,297434,11,
171848,343242,11,
94382,320888,11,
154412,310120,11,
176490,344679,11,
170616,352610,11,
81648,360080,11,
153607,379395,11,
183970,355973,11,
105444,361358,11,
158571,361986,11,
177579,319865,11,
198892,322470,11,
216975,296647,11,
166654,350678,11,
189102,333074,11,
198712,303299,11,
137098,384889,11,
144306,328086,11,
142455,343512,11,
178319,318244,11,
168886,353913,11,
174656,393278,11,
130805,354417,11,
176433,350561,11,
142252,329183,11,
165476,377389,11,
210102,333312,11,
129453,321221,11,
144705,375936,11,
206687,342276,11,
153583,352282,11,
189499,356601,11,
159392,351000,11,
181463,326571,11,
162975,335389,11,
157691,334886,11,
154167,353183,11,
165607,362883,11,
182239,333302,11,
176982,354631,11,
183516,374212,11,
191099,341570,11,
184570,360446,11,
207804,354938,11,
198493,326704,11,
149269,341445,11,
184798,392233,11,
174438,319075,11,
107124,325984,11,
76052,360840,-1,
159302,337993,11,
140101,341028,11,
168149,345638,11,
150009,371014,11,
157193,350343,11,
111476,358647,11,
151164,332239,11,
171318,373473,11,
175169,349454,11,
162600,392531,11,
168067,340249,11,
170102,323164,11,
124132,340448,11,
149863,284721,11,
168079,347343,11,
128953,304971,11,
169228,364545,11,
198415,321418,11,
183610,321788,11,
220869,407358,-1,
159472,372246,11,
170837,353968,11,
165653,317602,11,
135537,356169,11,
166973,334724,11,
158750,312102,11,
161448,373412,11,
158713,379013,11,
180493,319750,11,
125715,302114,11,
194033,340466,11,
158871,312380,11,
161387,343617,11,
169121,347594,11,
167653,352074,11,
125902,318850,11,
217686,296514,11,
171986,429306,11,
211360,279794,11,
157181,346842,11,
188909,341194,11,
140128,325904,11,
117874,389929,11,
162921,317643,11,
173978,346514,11,
98533,355691,11,
194956,372256,11,
164847,287064,11,
174410,372064,11,
149092,352682,11,
166323,352927,11,
178515,370287,11,
169337,348605,11,
122986,334382,11,
145282,391482,11,
185919,363092,11,
180519,368284,11,
181227,347052,11,
168284,309036,11,
198251,335402,11,
160922,347681,11,
141861,328909,11,
147911,328024,11,
178264,330827,11,
178235,346006,11,
195151,317753,11,
122360,357480,11,
167330,332452,11,
115363,305575,11,
185661,404482,11,
177858,352255,11,
113068,317574,11,
125675,360158,11,
172842,351663,11,
124724,459999,-1,
169069,348929,11,
185253,344152,11,
155625,262321,11,
158201,315944,11,
171277,361020,11,
209553,326461,11,
160165,362858,11,
190725,336160,11,
169994,409806,11,
179463,361279,11,
172662,388185,11,
165284,425978,11,
160206,303063,11,
155690,368375,11,
124516,325289,11,
179326,321160,11,
165573,305517,11,
155508,372355,11,
166799,318482,11,
161780,324523,11,
168805,351913,11,
206519,355629,11,
163091,350167,11,
176144,353300,11,
179483,359645,11,
213951,352868,11,
164046,346109,11,
169569,346955,11,
225356,318394,11,
214966,358837,11,
159253,343477,11,
219779,330969,11,
169876,340860,11,
669118,354195,2,
613682,399434,2,
617399,392653,2,
629247,364078,2,
641070,424917,2,
609532,388425,2,
629369,398359,2,
605911,379990,2,
622550,391601,2,
607905,403460,2,
679465,399014,2,
608711,373665,2,
623498,399288,2,
601212,370698,2,
574989,407228,2,
563517,391159,2,
687717,379483,2,
616040,330855,2,
653024,367312,2,
607440,403119,2,
620240,397022,2,
599215,391457,2,
587478,424878,2,
613921,394043,2,
624328,392133,2,
635887,384511,2,
559877,401053,2,
617755,401065,2,
693265,388552,2,
559933,403956,2,
655859,416496,2,
625919,402984,2,
595215,391491,2,
617493,379303,2,
598657,442558,2,
601644,436831,2,
617118,374098,2,
591051,389443,2,
617296,386864,2,
616468,394118,2,
630384,376295,2,
558770,390646,2,
637332,414017,2,
556780,409205,2,
577473,384210,2,
650054,432740,2,
595063,328609,2,
714443,433876,-1,
603566,410391,2,
562356,383175,2,
546166,423311,2,
626539,394908,2,
663820,416308,2,
710910,464586,-1,
624310,398408,2,
632546,389750,2,
667249,417107,2,
608309,377530,2,
611357,393577,2,
658219,436184,2,
615032,402225,2,
628131,406850,2,
632390,363198,2,
575116,345564,2,
625784,441883,2,
618893,419740,2,
579564,428498,2,
686324,364237,2,
586242,396484,2,
623248,399928,2,
609219,362804,2,
537211,376777,2,
605310,394011,2,
634973,450542,2,
595411,413706,2,
613037,419086,2,
617444,397675,2,
633304,366062,2,
592620,446156,2,
631633,337973,2,
619637,395224,2,
620330,398630,2,
621964,409409,2,
618446,372298,2,
629789,426313,2,
608687,374928,2,
680646,375662,2,
591831,438997,2,
550086,442382,2,
620330,396776,2,
551236,401856,2,
617178,414525,2,
584938,344365,2,
622636,456843,2,
649987,408293,2,
613719,382828,2,
576987,392508,2,
599766,409755,2,
584077,398498,2,
695514,321521,-1,
561388,355834,2,
691600,397893,2,
610676,449688,2,
600114,413216,2,
626811,372435,2,
636291,360636,2,
570384,393553,2,
626700,401688,2,
624106,398619,2,
523329,404632,-1,
611954,360938,2,
613536,395801,2,
576488,397913,2,
652745,406585,2,
603193,371867,2,
610026,444858,2,
629725,405117,2,
648429,422590,2,
562772,382904,2,
638823,411764,2,
617764,397102,2,
579922,379009,2,
610698,396326,2,
642607,374702,2,
621629,397208,2,
659321,404555,2,
576235,462612,2,
598628,425191,2,
623502,420376,2,
665965,449273,2,
608923,385575,2,
611579,407670,2,
617573,386848,2,
589862,418742,2,
653325,396810,2,
605073,372055,2,
623137,408209,2,
499262,398424,-1,
619339,401624,2,
619295,397643,2,
578878,420108,2,
533577,355107,-1,
615934,426539,2,
690195,475150,-1,
673514,390760,2,
657120,386782,2,
549945,372313,2,
675858,410545,2,
626586,415166,2,
618449,404599,2,
638783,399478,2,
578113,395458,2,
622557,361134,2,
635324,420555,2,
666135,430421,2,
689725,465685,-1,
593601,445149,2,
615094,383077,2,
624599,417673,2,
573969,434110,2,
642881,403147,2,
634383,422065,2,
582389,428200,2,
617330,369828,2,
621989,394856,2,
651828,468138,2,
612936,398723,2,
613351,407952,2,
562777,437516,2,
533212,366954,2,
618113,400002,2,
609344,448128,2,
615342,413931,2,
623989,368662,2,
620187,400168,2,
687638,439257,-1,
573925,449341,2,
547270,403384,2,
619318,361696,2,
588432,446279,2,
592924,393730,2,
615325,383841,2,
611875,422910,2,
681941,370225,2,
620818,396967,2,
662154,385013,2,
554938,347875,2,
628655,321099,2,
619628,399433,2,
660333,393215,2,
618391,348381,2,
565829,395454,2,
617689,397001,2,
604554,393193,2,
572417,403906,2,
659193,384523,2,
632060,367800,2,
633894,404424,2,
620610,395343,2,
615175,397627,2,
624293,333944,2,
593689,316888,-1,
617319,374666,2,
572244,349463,2,
619239,400025,2,
621622,390298,2,
622101,371771,2,
630205,338054,2,
654147,407182,2,
637594,420311,2,
629004,392271,2,
585207,336451,2,
618349,397614,2,
650157,402991,2,
638966,486628,-1,
655201,411873,2,
602335,433298,2,
630706,388370,2,
617428,397343,2,
621537,390372,2,
631365,450732,2,
618406,404239,2,
601390,453925,2,
603945,361794,2,
619427,396945,2,
660103,414557,2,
700340,335010,-1,
608182,416637,2,
661166,404325,2,
620939,385731,2,
626371,349696,2,
614683,367259,2,
619332,401992,2,
587453,401098,2,
652349,321291,-1,
617954,395504,2,
636807,424537,2,
533889,333741,-1,
623386,387031,2,
632952,385722,2,
695010,449565,-1,
626843,367696,2,
488205,420586,15,
611547,411952,2,
621241,368090,2,
581240,362971,2,
608747,363132,2,
662177,420431,2,
615665,405490,2,
617447,366176,2,
560393,389490,2,
685785,409913,2,
623433,400160,2,
609091,437020,2,
624343,403629,2,
668879,388617,2,
567105,437623,2,
657450,365008,2,
591955,378142,2,
588952,437524,2,
607665,447516,2,
608601,418450,2,
662830,420955,2,
605891,428146,2,
615239,317684,2,
588933,366439,2,
618053,357534,2,
577773,434308,2,
606558,458285,2,
620955,389692,2,
738190,371970,-1,
634661,446187,2,
571692,449353,2,
605650,447537,2,
639502,371440,2,
684568,380640,2,
658735,399039,2,
618157,384990,2,
618869,398187,2,
603388,403039,2,
585255,415823,2,
639507,438534,2,
594112,399331,2,
619475,400592,2,
571570,375257,2,
659297,373975,2,
603285,449307,2,
610199,394579,2,
590500,418472,2,
630904,404643,2,
591725,406549,2,
621560,397789,2,
563182,367521,2,
593879,444161,2,
616054,371666,2,
627679,395601,2,
608195,447380,2,
616737,397973,2,
650120,324477,-1,
616926,398697,2,
650859,460072,2,
642157,345545,2,
601369,411415,2,
604703,392288,2,
721905,378957,-1,
619415,397644,2,
571043,347389,2,
659191,459637,2,
629978,400626,2,
688487,383589,2,
598053,438963,2,
635242,356290,2,
605899,412428,2,
656642,407213,2,
619924,406713,2,
630067,372798,2,
600007,377908,2,
589164,386733,2,
630491,379017,2,
618676,377015,2,
639613,388524,2,
669409,415893,2,
681608,436537,2,
649968,371445,2,
629000,417990,2,
658884,390135,2,
605407,427914,2,
629891,414975,2,
621778,364695,2,
610722,418243,2,
601599,388540,2,
615649,429323,2,
627206,402647,2,
643965,366316,2,
614877,402442,2,
606486,420054,2,
668482,358452,2,
628715,434772,2,
196462,887983,12,
335970,846828,-1,
272394,837600,12,
211165,825505,12,
226433,837646,12,
219686,859997,12,
242087,844255,12,
213558,873714,12,
245144,845719,12,
247997,878582,12,
283576,809069,12,
224676,859348,12,
298214,820903,12,
245468,859425,12,
222704,824909,12,
250921,819639,12,
249209,801933,12,
230591,874855,12,
234091,876039,12,
286769,862152,12,
224789,866804,12,
245023,849247,12,
263626,851699,12,
250198,825417,12,
231263,863308,12,
307605,840195,12,
276635,875623,12,
230399,842538,12,
274070,798617,12,
247939,831010,12,
209922,850026,12,
300726,862728,12,
222727,770963,-1,
239505,885057,12,
291561,845450,12,
221122,832810,12,
194258,914691,-1,
228928,855040,12,
264627,808661,12,
225916,843329,12,
240221,843932,12,
276600,823311,12,
204854,810013,12,
278326,829095,12,
246047,846189,12,
251032,876118,12,
285258,848668,12,
260943,889692,12,
245928,867228,12,
221002,870506,12,
292872,896822,12,
261896,897475,12,
269723,849664,12,
243941,843256,12,
249370,872804,12,
237120,856814,12,
257472,849587,12,
253703,834676,12,
238080,830689,12,
225991,869734,12,
231781,799444,12,
296892,901182,12,
234604,822462,12,
241473,860854,12,
219864,842635,12,
235901,856563,12,
207217,878249,12,
256949,820470,12,
204597,863162,12,
325275,866433,12,
239344,814789,12,
187894,871219,12,
259973,862559,12,
189752,865463,12,
245707,844466,12,
188480,870646,12,
305915,854818,12,
242443,851797,12,
227138,824372,12,
229970,878786,12,
281971,825246,12,
241166,845204,12,
225846,874086,12,
284077,905181,12,
258975,837353,12,
241972,840749,12,
245602,857160,12,
227363,836593,12,
257926,936947,-1,
237689,839510,12,
267799,847911,12,
207552,772091,-1,
201567,881003,12,
265125,820661,12,
273165,852766,12,
290210,818593,12,
256487,868899,12,
271395,862063,12,
251958,886571,12,
249253,856047,12,
268289,878265,12,
295375,861990,12,
256316,818886,12,
246470,842932,12,
314666,849163,12,
298979,774144,-1,
192885,887667,12,
227819,900986,12,
250003,859517,12,
249857,844975,12,
218369,851387,12,
252586,806474,12,
283017,850861,12,
228095,843338,12,
266980,825990,12,
241381,844402,12,
294053,878220,12,
253339,750941,-1,
241413,845029,12,
294326,807584,12,
257856,846423,12,
248210,886338,12,
216846,737568,-1,
244743,830888,12,
277055,860813,12,
279923,805957,12,
235041,823732,12,
238524,842928,12,
246453,883061,12,
260590,827955,12,
274554,845338,12,
245254,907991,12,
299821,866288,12,
261120,804153,12,
246729,879602,12,
240308,844341,12,
220620,819091,12,
268926,813783,12,
234219,845270,12,
188424,849785,12,
240171,843940,12,
163766,859386,12,
191257,802651,12,
224852,934148,12,
261093,844962,12,
228711,848090,12,
183478,851724,12,
201080,823689,12,
118590,857150,-1,
264798,767716,12,
313609,860065,12,
232246,844226,12,
237757,834092,12,
222682,806314,12,
243331,844022,12,
197362,870337,12,
229857,843917,12,
244257,776516,12,
224083,852922,12,
309399,838744,12,
271205,817620,12,
242247,864253,12,
235337,831592,12,
232357,810798,12,
252199,828023,12,
267049,950249,-1,
245678,821691,12,
241138,844374,12,
246182,840370,12,
264175,824349,12,
266977,887963,12,
274685,883097,12,
244260,847060,12,
256073,917590,12,
258416,835432,12,
241687,844256,12,
282603,846165,12,
228032,893055,12,
226949,889283,12,
264274,813041,12,
139601,914203,-1,
229131,842806,12,
236274,861302,12,
261819,863523,12,
200005,825237,12,
310591,841778,12,
244049,817710,12,
235022,911236,12,
256512,837094,12,
236495,861569,12,
256889,880721,12,
258528,856273,12,
233284,860085,12,
257480,849037,12,
269354,811847,12,
222445,891438,12,
222356,840843,12,
236207,886769,12,
174371,864697,12,
159683,838958,12,
237750,837381,12,
241545,838673,12,
256082,831969,12,
246468,838071,12,
205919,844377,12,
266111,813259,12,
244246,847589,12,
244899,812192,12,
219316,898830,12,
251866,864044,12,
238308,790723,12,
209264,836661,12,
242519,845811,12,
351883,890475,-1,
278929,842054,12,
244027,850132,12,
248570,843156,12,
224681,858432,12,
210276,824826,12,
220884,916718,12,
240846,841609,12,
257093,801567,12,
236749,813868,12,
332237,911313,-1,
288954,846991,12,
238084,844799,12,
236431,844100,12,
299772,828655,12,
241633,846949,12,
230107,858332,12,
256216,903741,12,
258135,880184,12,
232331,872896,12,
183583,787453,-1,
264293,890923,12,
213208,833959,12,
224288,931476,12,
261622,869706,12,
297183,841456,12,
241849,815141,12,
308616,811021,12,
220931,876605,12,
289719,866638,12,
233931,838374,12,
224694,848663,12,
240645,855514,12,
229567,855332,12,
247613,815836,12,
239387,847822,12,
257788,880587,12,
245532,846331,12,
224241,828996,12,
227582,856861,12,
244618,845420,12,
213775,841758,12,
243511,830743,12,
244799,841688,12,
216061,848623,12,
294492,832336,12,
248931,844960,12,
267478,894783,12,
228715,837572,12,
269483,848608,12,
248276,844455,12,
236987,881080,12,
223732,826580,12,
230149,886583,12,
265299,859533,12,
181803,799487,12,
247210,859012,12,
261633,773355,12,
262370,891499,12,
250394,847577,12,
222019,839774,12,
238328,770068,12,
208941,860169,12,
238714,858826,12,
241005,825301,12,
270742,847836,12,
238492,833394,12,
312726,853829,12,
286663,846902,12,
261796,819395,12,
253890,807676,12,
242415,844335,12,
134134,842630,-1,
163956,833732,12,
250359,849451,12,
295357,842293,12,
218942,848326,12,
205466,778884,-1,
253899,862843,12,
244966,841126,12,
208494,850615,12,
221126,837878,12,
271093,861412,12,
216543,842952,12,
255185,825960,12,
251070,877802,12,
264565,859237,12,
228611,836717,12,
228517,837056,12,
198583,860431,12,
215976,836025,12,
254411,848090,12,
168036,807011,-1,
292194,906490,12,
243951,865415,12,
260922,785987,12,
245740,814541,12,
317675,838127,12,
274505,864723,12,
230049,865536,12,
235084,818866,12,
172690,847721,12,
221706,875060,12,
236740,853169,12,
298800,824277,12,
265246,889333,12,
219498,851932,12,
247484,846372,12,
288675,919879,12,
229280,813483,12,
282622,879222,12,
307300,836132,12,
238260,882489,12,
219049,825171,12,
219321,848396,12,
240028,849354,12,
212009,864463,12,
246857,852483,12,
245118,811283,12,
247855,794626,12,
253655,821946,12,
241475,850889,12,
210162,860529,12,
204922,854068,12,
225567,853078,12,
245258,799882,12,
257134,845851,12,
187314,815820,12,
294275,174786,13,
329428,66056,-1,
325938,164475,13,
253129,154296,13,
319838,170383,13,
240213,118409,-1,
283784,178305,13,
376613,159699,13,
338717,181582,13,
304283,183656,13,
314519,146787,13,
270899,175377,13,
291228,101272,13,
291170,110147,13,
321522,163852,13,
202627,179376,-1,
307913,91419,13,
311093,169734,13,
321775,164846,13,
294832,124284,13,
295537,91032,13,
383044,180418,13,
338570,192256,13,
337894,175289,13,
359796,165920,13,
316263,163806,13,
320972,170417,13,
277860,111893,13,
367806,123963,13,
359352,162962,13,
350964,149159,13,
332201,181702,13,
287966,150135,13,
346942,152780,13,
232784,169847,13,
292492,99170,13,
334529,166765,13,
363208,238649,13,
196795,190277,-1,
353333,113156,13,
373191,88470,-1,
333789,151168,13,
339732,163158,13,
321822,187102,13,
276792,141848,13,
308044,164482,13,
311328,159477,13,
383052,89061,-1,
316820,150304,13,
314479,178821,13,
310824,144943,13,
333143,200298,13,
300672,175844,13,
339482,151261,13,
319208,164182,13,
321645,164662,13,
308763,166511,13,
308066,145825,13,
360143,155270,13,
348893,195430,13,
319283,158983,13,
332284,194186,13,
292402,184441,13,
361227,221878,13,
313573,109221,13,
310693,154278,13,
344482,215846,13,
358652,186358,13,
330533,214555,13,
320400,160020,13,
267662,127175,13,
396583,82842,-1,
292193,125417,13,
324121,96346,13,
321344,166633,13,
234837,151054,13,
368060,76739,-1,
347050,150472,13,
245783,109229,13,
400550,144359,13,
343217,153037,13,
315488,160339,13,
347406,155708,13,
336845,172750,13,
357014,148222,13,
331862,169092,13,
322140,165212,13,
363075,162238,13,
318738,182134,13,
346717,178180,13,
311819,140674,13,
332032,157725,13,
301983,173386,13,
321556,163352,13,
315830,102777,13,
312275,145173,13,
325861,203058,13,
360703,150999,13,
345976,148333,13,
320210,191459,13,
318665,158107,13,
425563,163524,14,
264427,188193,13,
348177,179526,13,
265430,151883,13,
320718,158610,13,
380609,185976,13,
345234,188822,13,
362027,150348,13,
300294,178772,13,
315963,174031,13,
333787,189423,13,
337343,156614,13,
334812,137431,13,
347492,153416,13,
324518,167369,13,
353991,193997,13,
274321,219665,13,
335476,183897,13,
300021,159185,13,
384591,137729,13,
320000,162605,13,
268938,211870,13,
366146,196571,13,
356280,185198,13,
325767,164095,13,
350480,214608,13,
314791,163370,13,
302582,134124,13,
328851,147002,13,
347039,195468,13,
289531,145743,13,
343018,239960,13,
271123,163465,13,
326959,154655,13,
332307,189590,13,
310529,141617,13,
380281,205779,13,
411606,137378,13,
348191,165419,13,
305292,175260,13,
256120,141529,13,
390934,170420,13,
358562,112650,13,
355499,224982,13,
363437,77975,-1,
232043,177614,13,
246753,175170,13,
327204,152871,13,
371685,151612,13,
291723,177824,13,
324488,180658,13,
340048,131847,13,
295311,115000,13,
239495,163949,13,
267521,119941,13,
401396,125431,13,
260930,184935,13,
336085,170252,13,
291782,159562,13,
307616,207295,13,
352910,145624,13,
294653,104623,13,
372883,222824,13,
318707,160697,13,
281548,175184,13,
307747,128551,13,
336991,217448,13,
270233,195701,13,
433100,134861,14,
311433,134432,13,
375353,117180,13,
315146,160782,13,
311163,166821,13,
305333,171939,13,
332470,161202,13,
302266,185591,13,
370775,144355,13,
314552,151035,13,
343145,172236,13,
331212,162496,13,
299460,144708,13,
383894,179880,13,
345703,149860,13,
331381,162660,13,
344364,213940,13,
378347,144880,13,
322789,137560,13,
328425,159826,13,
341137,78287,-1,
317771,154916,13,
336266,148507,13,
342066,119083,13,
297177,88467,13,
280519,165350,13,
305901,166656,13,
284757,175853,13,
281732,221764,13,
321262,178491,13,
344710,213543,13,
311408,168232,13,
356500,188114,13,
304376,222294,13,
278116,185472,13,
247892,115217,13,
306326,164202,13,
311516,94189,13,
323747,163351,13,
321778,158339,13,
309501,166931,13,
333942,143344,13,
339393,209145,13,
340996,170964,13,
315333,144566,13,
332853,168141,13,
290958,168323,13,
297731,175876,13,
280274,182662,13,
306540,193434,13,
319155,159850,13,
355168,114823,13,
270201,236813,13,
347630,120931,13,
446538,180119,14,
371052,147369,13,
403365,215735,-1,
258201,153095,13,
335121,214149,13,
283786,133973,13,
353951,133923,13,
345069,165968,13,
367079,183232,13,
363932,228249,13,
354132,161850,13,
390538,157197,13,
333805,148479,13,
325344,159885,13,
323905,168029,13,
274495,182470,13,
309684,150076,13,
381617,157000,13,
322841,169735,13,
359520,132845,13,
249616,144446,13,
321620,169950,13,
415495,116126,-1,
335742,196692,13,
271424,251323,-1,
340066,152500,13,
327734,163585,13,
346079,220993,13,
276741,143844,13,
377042,182019,13,
400055,131725,13,
332246,172932,13,
310386,171068,13,
327569,158418,13,
324444,166910,13,
317217,163896,13,
270404,183080,13,
277512,151920,13,
324966,170021,13,
306421,145493,13,
382419,110392,13,
318266,171979,13,
321245,141627,13,
318192,170844,13,
320821,165455,13,
329029,204399,13,
311065,219934,13,
287127,192494,13,
283571,109326,13,
308748,199866,13,
369490,164369,13,
270729,67329,-1,
279010,181792,13,
282957,179982,13,
308489,145929,13,
327927,168535,13,
327022,161396,13,
376557,109320,13,
248427,146381,13,
321182,150806,13,
312337,154488,13,
268518,181514,13,
285865,167818,13,
279251,184486,13,
306042,66361,-1,
318215,180010,13,
293978,197091,13,
338044,233264,13,
293864,241877,-1,
344380,183817,13,
316257,171544,13,
248779,111087,13,
313783,177198,13,
415534,110526,-1,
296164,96874,13,
315670,160928,13,
339137,160334,13,
290700,196285,13,
307107,174760,13,
325279,168587,13,
328423,161604,13,
333883,276840,-1,
308555,134011,13,
322101,164171,13,
306357,123397,13,
292931,125341,13,
284378,223470,13,
335003,151395,13,
267212,158699,13,
343851,193618,13,
296627,93375,13,
334980,143900,13,
335235,180161,13,
360945,167952,13,
257841,193878,13,
275288,212315,13,
331798,143962,13,
333937,51121,-1,
328775,156501,13,
319829,168353,13,
293201,192871,13,
327608,177638,13,
332562,174699,13,
348815,150017,13,
312227,159417,13,
324337,162686,13,
323329,93955,13,
291973,127483,13,
258779,106777,13,
325360,134919,13,
267264,153034,13,
312421,170617,13,
293350,175997,13,
275459,190178,13,
244344,185382,13,
252845,181181,13,
357923,192120,13,
382720,263255,-1,
326040,156509,13,
165104,543395,10,
139903,592241,10,
132705,557674,10,
114311,601605,10,
102460,533057,10,
185935,554627,10,
123441,594415,10,
97216,564094,10,
110948,539533,10,
101553,517715,10,
133023,574572,10,
144570,573936,10,
136531,557658,10,
173576,507309,10,
179189,536028,10,
141238,557986,10,
156430,615117,10,
69169,631490,-1,
31842,565765,-1,
144620,575370,10,
155899,561715,10,
137451,555339,10,
68388,574380,10,
166290,521714,10,
210499,526471,10,
148319,584541,10,
135336,552552,10,
136606,562296,10,
136301,569544,10,
119386,620549,10,
139212,557713,10,
84501,604671,10,
176602,574552,10,
105945,528795,10,
140989,537156,10,
138449,555969,10,
128669,574591,10,
95749,602775,10,
139460,557260,10,
130440,562623,10,
147885,527813,10,
58190,608304,-1,
151701,574146,10,
148385,538149,10,
142668,544976,10,
145251,553486,10,
142265,546135,10,
202913,525966,10,
192564,547558,10,
179240,577011,10,
182840,584262,10,
144242,557674,10,
135849,550612,10,
101427,615890,10,
143265,548387,10,
112379,547679,10,
137347,622867,10,
139146,569516,10,
125756,579609,10,
77109,512651,10,
138073,556272,10,
202547,601240,10,
19835,570290,-1,
118137,579149,10,
201324,574588,10,
113259,568684,10,
139052,610320,10,
177246,571940,10,
107972,601191,10,
138199,541774,10,
220156,589643,10,
137787,566189,10,
138122,557230,10,
93136,613387,10,
154620,576738,10,
131523,568207,10,
136967,565662,10,
142886,556511,10,
125005,540340,10,
138965,558201,10,
139474,569485,10,
171471,576787,10,
157138,565993,10,
198294,552987,10,
136078,547418,10,
140164,531093,10,
156003,502860,10,
67867,545392,10,
133780,533275,10,
116142,550919,10,
148510,579793,10,
179224,584189,10,
149906,546909,10,
29760,557873,-1,
115287,602637,10,
206561,574789,10,
108651,521409,10,
115905,560139,10,
127373,549518,10,
141699,530028,10,
141641,557376,10,
111855,531542,10,
136580,553967,10,
137516,556818,10,
179793,483378,-1,
105568,584102,10,
125840,520239,10,
117212,565692,10,
140717,554093,10,
139033,593287,10,
172882,571145,10,
104862,608089,10,
158366,537970,10,
138525,534268,10,
69565,599820,10,
94571,528963,10,
153185,562792,10,
147599,513563,10,
223226,546198,10,
143879,536650,10,
151099,518008,10,
109317,531425,10,
127202,525948,10,
137740,618961,10,
138734,557713,10,
109912,565003,10,
158060,525533,10,
260096,530550,9,
134449,557556,10,
121650,599844,10,
188992,563992,10,
207218,589497,10,
179830,547383,10,
152331,529689,10,
112184,530469,10,
166904,503121,10,
183026,545377,10,
152658,569277,10,
172116,513383,10,
95899,530846,10,
144325,538991,10,
166597,572855,10,
105193,596017,10,
166840,562425,10,
117089,561455,10,
141718,549576,10,
117959,536156,10,
125351,529954,10,
140706,547367,10,
138012,558263,10,
135284,555664,10,
142663,556520,10,
112673,516997,10,
137657,611252,10,
119237,591137,10,
186380,487625,-1,
113099,546732,10,
176278,550602,10,
158773,588778,10,
140962,518168,10,
144856,551807,10,
155943,576199,10,
152584,564548,10,
165356,570715,10,
127858,609681,10,
257984,555707,9,
149758,564768,10,
129550,560106,10,
159271,568953,10,
151374,538387,10,
129030,588495,10,
155430,549012,10,
172756,612694,10,
93459,514032,10,
99569,523174,10,
148080,544056,10,
169322,577938,10,
173847,514665,10,
136418,562926,10,
140047,540043,10,
74519,527539,10,
146681,562995,10,
110877,562558,10,
95071,503965,10,
136232,576477,10,
146120,576624,10,
259173,548593,9,
107965,535173,10,
103153,601002,10,
158283,570550,10,
206219,604081,10,
116492,509399,10,
97430,598804,10,
193275,538687,10,
116860,550810,10,
179834,541387,10,
143226,522375,10,
111174,539350,10,
94933,588147,10,
139434,557410,10,
131532,536658,10,
38179,532155,-1,
113321,606322,10,
123905,508486,10,
201753,569116,10,
206660,575002,10,
138884,529162,10,
139636,565984,10,
110479,594587,10,
76253,529394,10,
160280,493497,10,
161475,587507,10,
149054,556986,10,
223408,520131,10,
158596,562634,10,
141991,539522,10,
137172,523482,10,
161154,538355,10,
130157,581286,10,
142000,554964,10,
86243,559135,10,
130883,557824,10,
127964,538935,10,
122130,568886,10,
210597,589836,10,
139847,552015,10,
147664,559632,10,
167716,562762,10,
130657,555545,10,
165382,518876,10,
221994,575146,10,
87236,607429,10,
154268,542573,10,
197367,535989,10,
133094,557996,10,
155274,552551,10,
139911,561185,10,
146924,565933,10,
146183,622188,10,
176092,531921,10,
184402,546549,10,
139641,557503,10,
170816,547069,10,
156474,570384,10,
146678,558942,10,
136569,532130,10,
162124,500069,10,
127503,623654,10,
182854,534283,10,
141222,572556,10,
177665,557923,10,
201907,516078,10,
130249,579307,10,
166560,559687,10,
138220,560056,10,
134725,537440,10,
127940,590467,10,
143592,606949,10,
64979,538104,10,
94061,576129,10,
79285,554817,10,
103192,550021,10,
198823,538624,10,
145758,562414,10,
211584,591058,10,
139451,549580,10,
220224,592068,10,
150404,539885,10,
142767,538646,10,
143912,595772,10,
184412,537050,10,
55359,623076,-1,
137197,556522,10,
138461,558771,10,
80673,566893,10,
203667,577260,10,
94249,600812,10,
145244,561042,10,
94458,533883,10,
130201,562734,10,
98675,580608,10,
134422,544300,10,
141771,551655,10,
141924,558399,10,
137316,562151,10,
143363,551365,10,
197849,575524,10,
134261,519275,10,
129997,568115,10,
170494,560892,10,
164453,544085,10,
128788,546091,10,
88703,577217,10,
131109,568012,10,
95074,570002,10,
232047,522748,10,
125548,552424,10,
142563,560090,10,
118391,553625,10,
132497,593125,10,
162713,586568,10,
122296,566921,10,
56907,586609,-1,
48143,523870,-1,
104489,542515,10,
130582,565948,10,
180633,570302,10,
241485,523039,10,
178005,594957,10,
211266,534538,10,
137680,555667,10,
144401,565666,10,
101722,535117,10,
115781,594942,10,
107160,530936,10,
139978,587153,10,
179931,536588,10,
105353,589239,10,
119496,543146,10,
142575,517378,10,
76661,531044,10,
137699,556769,10,
154964,554923,10,
142516,559062,10,
98525,579761,10,
163925,576666,10,
153326,558408,10,
262846,559590,9,
102898,592834,10,
138349,554238,10,
193502,557364,10,
202175,495076,-1,
154162,536416,10,
77875,516899,10,
163477,561507,10,
131874,552586,10,
120357,560737,10,
119535,551857,10,
114108,540537,10,
136059,558213,10,
121786,564225,10,
233105,591646,10,
149760,577278,10,
139237,548782,10,
34795,606311,-1,
147663,555514,10,
108512,525986,10,
509279,180548,14,
495165,163113,14,
474652,193224,14,
507786,199578,14,
566666,195255,14,
506012,178372,14,
541435,206637,14,
507311,177795,14,
461701,188438,14,
506069,169723,14,
477155,161019,14,
505044,180646,14,
467697,168082,14,
511868,170991,14,
500225,177559,14,
460616,174810,14,
573755,218049,14,
543616,144788,14,
509804,175714,14,
542311,161882,14,
475944,189337,14,
517750,199025,14,
520952,169184,14,
559076,190770,14,
416763,96639,-1,
549384,208450,14,
549147,171454,14,
520880,200955,14,
484348,202813,14,
487472,166999,14,
504728,174541,14,
465734,114090,14,
570266,188032,14,
505584,176135,14,
514739,189624,14,
500589,181466,14,
504096,192493,14,
553118,165472,14,
502511,205121,14,
551798,221411,14,
502737,174437,14,
513181,177419,14,
513010,141058,14,
535564,177248,14,
514551,176526,14,
450030,169537,14,
521152,152439,14,
505512,203857,14,
509928,184873,14,
490271,216725,14,
529931,180136,14,
508228,220433,14,
534461,178056,14,
508551,174306,14,
545365,210090,14,
510414,142485,14,
507895,177445,14,
506288,177990,14,
512560,224816,14,
454160,102568,14,
437116,148591,14,
519003,160741,14,
509173,178051,14,
507674,147431,14,
513562,229098,14,
473361,185066,14,
517580,170329,14,
509285,174620,14,
510496,174308,14,
438860,114065,14,
534702,244239,14,
504755,150226,14,
474135,199330,14,
508907,173787,14,
509651,149290,14,
490956,124550,14,
499637,194036,14,
515856,148316,14,
482568,159010,14,
522728,184704,14,
493070,189771,14,
483807,198925,14,
469656,153741,14,
470041,102049,14,
576965,187481,14,
515230,149567,14,
469470,189347,14,
484678,123623,14,
509554,186931,14,
480787,147737,14,
523036,123677,14,
508144,167733,14,
515450,173220,14,
489378,172861,14,
497406,125809,14,
514173,139330,14,
520809,176718,14,
499009,205823,14,
509773,148899,14,
505117,141877,14,
494698,176711,14,
501334,163002,14,
502500,176532,14,
546565,151576,14,
520878,209094,14,
486891,175164,14,
512241,169240,14,
569692,182365,14,
491382,122267,14,
457033,127590,14,
535453,200970,14,
436641,55171,-1,
520845,176291,14,
496130,178113,14,
507473,227670,14,
507092,175151,14,
493714,173387,14,
528826,154067,14,
509951,176794,14,
505400,160422,14,
473316,162622,14,
489504,146224,14,
516888,152451,14,
505128,175022,14,
520819,181586,14,
506812,167031,14,
495032,203929,14,
508789,174256,14,
502302,210265,14,
511106,122518,14,
486997,164803,14,
535787,199735,14,
540364,163758,14,
496006,191010,14,
497454,172375,14,
488330,173837,14,
547076,156969,14,
509956,141698,14,
516084,178725,14,
535034,172649,14,
529858,213114,14,
496384,166644,14,
519201,139101,14,
575022,213534,14,
469404,181944,14,
464672,193513,14,
491609,180519,14,
470314,178936,14,
481067,172555,14,
508797,176269,14,
491145,206344,14,
485361,169229,14,
474527,107596,14,
499643,171625,14,
514722,190943,14,
474641,81263,-1,
495995,160032,14,
516963,174184,14,
521006,163218,14,
434581,123267,-1,
514876,182995,14,
501416,172980,14,
513991,165072,14,
512900,219252,14,
510739,121103,14,
509522,174376,14,
507862,172954,14,
512716,181316,14,
483423,111797,14,
505603,147517,14,
482628,171320,14,
541790,172616,14,
473649,178184,14,
520763,250478,14,
494000,189403,14,
533931,173291,14,
485110,150541,14,
528679,199079,14,
545699,174099,14,
517495,186329,14,
520461,173217,14,
456821,105575,14,
495388,156422,14,
514934,219169,14,
508989,168995,14,
500474,169746,14,
504511,149234,14,
467144,147308,14,
512733,174091,14,
452791,156805,14,
488800,197919,14,
593887,210595,14,
561725,168220,14,
528011,201615,14,
514428,222503,14,
512051,145220,14,
472054,129986,14,
507959,166780,14,
518068,137556,14,
561110,219865,14,
563315,215613,14,
523779,163905,14,
490037,164357,14,
519421,154681,14,
504373,165819,14,
513957,139202,14,
486422,178919,14,
533351,147778,14,
511030,221292,14,
496069,102201,14,
496491,171534,14,
497254,171940,14,
518892,165875,14,
481083,151953,14,
507741,178883,14,
486224,196184,14,
509039,173839,14,
462658,75167,-1,
519680,208378,14,
499676,196897,14,
480876,160465,14,
521032,177084,14,
486034,196122,14,
505225,158750,14,
485968,123023,14,
478442,125560,14,
502355,164119,14,
502915,183059,14,
497211,174121,14,
537174,194410,14,
505293,194591,14,
491442,116195,14,
473202,140745,14,
505079,219082,14,
541455,223176,14,
528938,174372,14,
528094,178343,14,
520759,184923,14,
538994,179328,14,
507832,181513,14,
493897,189627,14,
514408,173338,14,
514391,156592,14,
513362,223841,14,
443618,157237,14,
477746,163845,14,
480571,204150,14,
486326,174643,14,
505384,174535,14,
541220,177840,14,
522869,176818,14,
497255,188783,14,
545240,221008,14,
512291,169608,14,
576158,210283,14,
508099,175066,14,
545455,182232,14,
537836,177165,14,
508597,173640,14,
507445,193647,14,
524397,239456,14,
527753,213985,14,
528766,239937,14,
481356,162127,14,
541498,192746,14,
506142,170513,14,
494574,198972,14,
477901,173288,14,
509223,177592,14,
532010,176195,14,
541006,175198,14,
490355,153464,14,
566524,179796,14,
550216,184337,14,
516085,195504,14,
523796,219588,14,
511118,175212,14,
445043,152257,14,
497582,190801,14,
514622,206979,14,
479631,178459,14,
496476,140337,14,
498389,178069,14,
506361,225237,14,
519396,177174,14,
529409,157228,14,
501111,157402,14,
514219,167014,14,
558307,203307,14,
545957,196749,14,
508080,175697,14,
589900,217899,14,
509383,167302,14,
474516,189144,14,
498730,183037,14,
473093,188791,14,
471328,176297,14,
510901,175806,14,
559809,162597,14,
499272,168413,14,
514981,172608,14,
511289,183247,14,
455460,153040,14,
519962,175210,14,
532549,172894,14,
516128,178722,14,
519113,194925,14,
502877,192740,14,
520782,134308,14,
574369,207483,14,
515494,188459,14,
486870,146947,14,
484395,107291,14,
504243,237336,14,
483776,213021,14,
536623,213083,14,
544539,180391,14,
502002,166223,14,
500801,185558,14,
525670,184762,14,
481841,209337,14,
494317,170837,14,
521153,242968,14,
473933,191767,14,
524502,248106,14,
487952,168607,14,
460133,173081,14,
453261,148432,14,
491792,214464,14,
497815,165151,14,
515348,184750,14,
598908,254032,-1,
558478,213316,14,
538228,168834,14,
464634,173867,14,
518675,175686,14,
533566,214619,14,
540196,180312,14,
500360,213540,14,
517882,175467,14,
549642,157506,14,
511368,173673,14,
506815,173387,14,
500192,192292,14,
533775,163036,14,
511484,160453,14,
489062,200329,14,
537514,179689,14,
551867,170425,14,
406184,394506,15,
417996,408162,15,
428667,451233,15,
425386,379634,15,
388202,405780,15,
370955,325071,-1,
353749,391896,15,
398629,401626,15,
393402,401018,15,
465599,383470,15,
400257,404936,15,
444610,400247,15,
392046,391220,15,
410506,395586,15,
508805,429073,-1,
424782,449687,15,
384467,407359,15,
397399,403186,15,
449683,388863,15,
387756,435588,15,
451753,383440,15,
414448,429790,15,
394599,409068,15,
387330,409037,15,
402109,430185,15,
393825,453067,15,
412111,418466,15,
397213,377839,15,
361159,436327,15,
383075,447616,15,
383832,340506,15,
402227,414685,15,
411957,397796,15,
377408,395123,15,
417231,381303,15,
442915,420573,15,
415394,396940,15,
420792,430901,15,
397791,444527,15,
385804,393101,15,
384572,388523,15,
402069,434868,15,
414997,432597,15,
392919,405103,15,
396150,430329,15,
439145,407748,15,
401240,354085,15,
424228,442208,15,
336023,416862,15,
351352,362910,15,
413549,408517,15,
341775,425156,15,
424811,413300,15,
402677,412615,15,
419118,421655,15,
354601,358760,15,
410682,349328,15,
399020,404042,15,
392258,405478,15,
353941,399967,15,
411471,446824,15,
397158,370362,15,
431117,394746,15,
395246,392783,15,
400468,405703,15,
354094,424230,15,
352429,359750,15,
358830,431609,15,
387039,365758,15,
395013,387179,15,
400545,404212,15,
435067,403802,15,
394436,450912,15,
376444,371957,15,
433463,410297,15,
426625,475977,15,
424241,452915,15,
396520,405610,15,
347638,429109,15,
374797,407601,15,
451670,388347,15,
373684,418326,15,
412615,403902,15,
392428,402295,15,
389868,410718,15,
383022,409854,15,
468350,395883,15,
373339,398565,15,
383878,376230,15,
434815,388041,15,
368864,411216,15,
321050,422497,15,
276794,384458,-1,
383197,409869,15,
381340,409680,15,
415521,368125,15,
404288,349685,15,
367922,415238,15,
422056,382193,15,
407334,445969,15,
373917,427628,15,
422261,374345,15,
392728,411341,15,
336585,420977,15,
401730,354294,15,
401854,402867,15,
401330,395538,15,
393903,387227,15,
399188,402459,15,
389510,370897,15,
399858,403574,15,
343651,438750,15,
388743,388465,15,
398246,406245,15,
400727,396769,15,
399077,403968,15,
402071,427626,15,
405902,394724,15,
383992,398245,15,
372230,412488,15,
418086,394699,15,
400305,466024,15,
380458,329635,15,
338347,337961,-1,
411171,426853,15,
392447,408539,15,
375233,399429,15,
385338,440797,15,
397764,406712,15,
414290,393146,15,
394846,407130,15,
402252,414628,15,
332913,385678,15,
396517,394572,15,
388479,343648,15,
405569,411933,15,
444816,409502,15,
393659,439272,15,
415222,434798,15,
396621,381952,15,
416893,347737,15,
398980,407667,15,
404273,429948,15,
397851,400846,15,
447192,359893,15,
350428,392503,15,
451853,420873,15,
402566,415798,15,
362753,369848,15,
407188,396576,15,
380139,434251,15,
409167,449719,15,
405470,392374,15,
359036,365793,15,
398617,402424,15,
408714,391412,15,
382222,441817,15,
403751,385539,15,
400548,402390,15,
393828,404314,15,
373943,376926,15,
390182,360941,15,
391776,409868,15,
342501,336320,-1,
401923,417123,15,
342400,426090,15,
405325,407466,15,
369480,377148,15,
416110,374296,15,
401162,412142,15,
442931,430123,15,
478361,409520,15,
401313,405195,15,
357466,354094,15,
417617,414816,15,
417281,410881,15,
470047,410943,15,
378824,430343,15,
369227,397853,15,
397918,462032,15,
397331,407010,15,
427810,400178,15,
401708,409924,15,
426172,363147,15,
401411,414503,15,
409823,412908,15,
386068,422517,15,
398255,405428,15,
346358,384801,15,
397735,448097,15,
348847,425164,15,
394761,461494,15,
357253,388075,15,
402267,410395,15,
415233,441297,15,
404445,402466,15,
408224,399767,15,
369044,371649,15,
343119,382074,15,
416750,435776,15,
387103,401925,15,
368200,364844,15,
393758,439738,15,
418623,404382,15,
402660,406054,15,
427749,457110,15,
405356,391545,15,
432184,395118,15,
322936,368566,15,
402710,424367,15,
456025,389630,15,
395450,407822,15,
377941,403683,15,
407576,434017,15,
348263,386451,15,
391966,387214,15,
392576,406460,15,
380236,460907,15,
398153,407081,15,
399942,385908,15,
398795,472619,15,
467535,416014,15,
377758,413906,15,
398724,404179,15,
396710,378698,15,
377588,402670,15,
408992,462226,15,
423371,373970,15,
412861,434751,15,
403160,392159,15,
395168,404189,15,
399346,423786,15,
409244,460295,15,
429515,393708,15,
370602,353215,15,
356739,417826,15,
408147,436628,15,
436362,379677,15,
399291,386712,15,
396081,396707,15,
419200,403389,15,
383855,390984,15,
370252,347498,15,
460198,402706,15,
418046,358461,15,
408500,393942,15,
397618,404912,15,
392660,395873,15,
406739,400918,15,
439048,403700,15,
392424,375266,15,
379128,418858,15,
391970,419802,15,
389279,424006,15,
468907,448885,-1,
410601,410653,15,
396556,406492,15,
417795,405673,15,
375971,427549,15,
414374,439977,15,
368363,409733,15,
402081,407514,15,
399753,404222,15,
424840,479570,-1,
381863,416651,15,
394606,401451,15,
389520,406500,15,
418140,415328,15,
387461,394402,15,
391384,413273,15,
391439,399819,15,
365223,422531,15,
407189,437102,15,
415933,422485,15,
402031,426039,15,
428513,456990,15,
382396,405483,15,
368166,429422,15,
418636,440000,15,
411674,402377,15,
424365,371987,15,
394159,411676,15,
371548,414612,15,
460628,434107,15,
399717,403257,15,
361875,448199,15,
393424,399084,15,
333682,401078,15,
377870,377550,15,
405117,364266,15,
452398,378671,15,
397889,398501,15,
424089,352640,15,
417494,392231,15,
402851,395579,15,
376493,366302,15,
460684,371809,15,
449571,387141,15,
405322,414743,15,
420489,448078,15,
377975,461076,15,
492551,434649,-1,
477323,384551,15,
359740,379592,15,
429653,438596,15,
361814,411086,15,
400660,404811,15,
410418,409414,15,
392162,355397,15,
376145,414107,15,
371464,328177,15,
379593,380662,15,
448231,384406,15,
404157,406324,15,
420616,401526,15,
398985,413427,15,
400538,407020,15,
391530,398743,15,
408182,408351,15,
435926,408504,15,
411090,435389,15,
398311,383357,15,
409291,431539,15,
399460,399410,15,
400473,408327,15,
399693,395271,15,
431437,436764,15,
312123,419763,-1,
411053,432808,15,
401616,404245,15,
364455,436191,15,
407833,402474,15,
367864,442851,15,
437870,375761,15,
308726,371721,-1,
418996,389541,15,
371498,393120,15,
407429,399155,15,
380749,403860,15,
399997,411205,15,
377215,418429,15,
380202,396671,15,
436034,385951,15,
395210,357805,15,
415136,446807,15,
315013,318367,-1,
372424,413163,15,
340966,420480,15,
354767,417464,15,
387165,404027,15,
854654,549222,5,
889260,541423,5,
870826,524625,5,
868025,569296,5,
861364,598127,5,
825141,535997,5,
906640,587296,5,
906396,535803,5,
887896,558572,5,
817776,525600,5,
844066,546029,5,
848976,558706,5,
897131,604582,5,
845120,549830,5,
872241,556733,5,
857818,534525,5,
794265,594573,5,
857126,548151,5,
842786,614034,5,
889975,589361,5,
841130,529745,5,
813561,583156,5,
855603,542414,5,
887556,531797,5,
837032,509264,5,
852037,649724,7,
793791,581315,5,
904450,533427,5,
879722,550246,5,
839088,528460,5,
869369,536868,5,
871873,509094,5,
900991,497149,5,
919544,541255,5,
860520,544023,5,
863042,557890,5,
889805,522039,5,
879031,489881,5,
852918,552112,5,
903840,586229,5,
932662,537069,5,
908506,549611,5,
867533,542290,5,
844617,499013,5,
862002,534006,5,
883981,607581,5,
864265,549505,5,
883062,547498,5,
860870,546516,5,
895565,501871,5,
843344,604964,5,
864059,545894,5,
830888,544022,5,
858819,544904,5,
853562,531620,5,
873791,606643,5,
859213,538040,5,
841843,503359,5,
842719,506205,5,
847904,574114,5,
863859,546898,5,
888919,535805,5,
855045,547633,5,
863102,545783,5,
829747,530312,5,
850607,565348,5,
810277,520837,5,
879104,595389,5,
840406,538772,5,
838367,536676,5,
837457,518745,5,
861519,531277,5,
816056,542574,5,
862534,547936,5,
808555,600511,5,
862571,550965,5,
832010,554080,5,
882403,534710,5,
840020,568424,5,
865030,541150,5,
846594,522941,5,
890223,556874,5,
873136,513309,5,
846622,553552,5,
905770,531812,5,
803216,577565,5,
914183,620056,5,
877510,555087,5,
861193,573954,5,
840994,578455,5,
875640,561262,5,
876782,536438,5,
849501,552769,5,
866973,550375,5,
906382,534459,5,
822722,553764,5,
861656,545794,5,
856991,546255,5,
865081,551012,5,
895680,609341,5,
867801,548156,5,
846324,557586,5,
840059,534876,5,
860473,545982,5,
937823,540173,5,
886532,500026,5,
904133,534915,5,
880545,506175,5,
833499,504718,5,
854979,539793,5,
818739,545052,5,
825596,639465,7,
838036,542999,5,
846216,528037,5,
850790,525740,5,
864040,538985,5,
869818,543227,5,
879309,561548,5,
860563,534839,5,
846082,541026,5,
860151,543055,5,
847292,559228,5,
838239,576018,5,
837307,548214,5,
853093,586321,5,
884326,479802,5,
838978,622330,5,
842903,567914,5,
832490,450680,-1,
844948,563321,5,
859577,544625,5,
908409,591215,5,
819843,570485,5,
875625,599766,5,
887780,536497,5,
884613,507507,5,
849858,524682,5,
846741,539481,5,
870630,516603,5,
843111,581603,5,
869718,536928,5,
857648,511640,5,
881571,532467,5,
860230,528054,5,
861966,562885,5,
898736,548642,5,
961951,577029,-1,
866878,501919,5,
874791,559085,5,
874239,594786,5,
915504,527751,5,
758172,608152,-1,
859515,505303,5,
861033,507671,5,
837880,444574,-1,
827672,545966,5,
869960,562146,5,
858151,548242,5,
877440,529137,5,
821835,564313,5,
846371,578530,5,
829482,475863,-1,
860507,526669,5,
878696,530134,5,
837312,572687,5,
886773,509047,5,
879805,547494,5,
859679,541785,5,
910683,612854,5,
860863,546060,5,
874110,541972,5,
790149,565157,5,
873984,580836,5,
873742,448214,-1,
894785,440382,-1,
874312,574582,5,
879902,518647,5,
851462,526597,5,
839012,550376,5,
808097,502521,5,
879500,590791,5,
864721,548447,5,
866044,584750,5,
876151,582116,5,
819250,517655,5,
807278,566392,5,
872033,558924,5,
894268,532597,5,
846752,613846,5,
850478,566230,5,
849777,531138,5,
823584,568458,5,
823202,619103,5,
843715,568319,5,
861023,545953,5,
889743,560547,5,
862785,579661,5,
880833,537039,5,
854374,550707,5,
842616,515205,5,
860721,547751,5,
831024,505776,5,
829240,591428,5,
860384,555572,5,
853348,525893,5,
849118,571562,5,
856167,542249,5,
853874,560250,5,
838808,524944,5,
814561,575281,5,
773292,531652,-1,
891515,520429,5,
805884,549492,5,
833437,556713,5,
843432,490725,5,
791355,529644,-1,
865157,562132,5,
920249,551171,5,
808777,512952,5,
898916,630099,5,
863706,491401,5,
857231,551055,5,
877413,541536,5,
838821,563842,5,
854037,528890,5,
824475,518063,5,
857360,562228,5,
856437,532452,5,
862117,600081,5,
839280,539324,5,
885379,603686,5,
859185,553000,5,
865020,550686,5,
882007,593653,5,
861027,546004,5,
846772,509036,5,
844627,556401,5,
861069,548327,5,
854342,541611,5,
844086,531300,5,
923996,594948,5,
832154,559403,5,
803202,549001,5,
856619,544008,5,
897286,558004,5,
851216,516166,5,
858537,548576,5,
828001,524067,5,
849327,548496,5,
858278,544519,5,
793875,473793,-1,
766617,548142,-1,
847728,576707,5,
858418,546935,5,
816840,539239,5,
852687,540692,5,
861927,562723,5,
892382,513991,5,
811745,461099,-1,
800152,576217,5,
870139,566584,5,
859492,572224,5,
830226,483466,5,
850674,533083,5,
834632,541216,5,
899052,526048,5,
925485,596955,5,
893145,551400,5,
839493,521150,5,
883434,581923,5,
873380,495161,5,
765011,607246,-1,
898578,612291,5,
906772,510158,5,
858325,586062,5,
795909,462864,-1,
812634,554848,5,
846841,533595,5,
810817,509540,5,
826192,577784,5,
856552,545271,5,
848628,503773,5,
784291,581417,5,
890613,567037,5,
870936,575427,5,
851166,532382,5,
871544,592403,5,
870337,534303,5,
819580,545900,5,
912649,498734,5,
870214,556246,5,
853279,560714,5,
857319,543529,5,
878519,606677,5,
858057,542933,5,
860375,544804,5,
888111,525539,5,
892877,544283,5,
788776,582930,5,
875311,542259,5,
875248,462524,5,
835831,555864,5,
885828,586348,5,
916704,609548,5,
893991,544467,5,
866352,535933,5,
872247,494281,5,
832372,600070,5,
902302,514170,5,
877298,565604,5,
873636,510687,5,
854818,554389,5,
915666,506439,5,
905849,524809,5,
862062,545736,5,
871981,649086,7,
900829,590250,5,
859419,546754,5,
855983,534803,5,
916082,517633,5,
874877,535143,5,
885963,528959,5,
853439,518568,5,
855177,626376,5,
814249,488483,5,
857283,548467,5,
865489,548920,5,
913686,576892,5,
880275,564545,5,
861381,546835,5,
880958,588608,5,
868979,528502,5,
872237,555834,5,
861868,549168,5,
836951,546244,5,
836874,555991,5,
769546,554722,-1,
855074,542557,5,
868128,568529,5,
878859,540155,5,
852267,498220,5,
874125,543036,5,
846646,548548,5,
851517,541076,5,
806888,492319,5,
831779,577161,5,
860259,545444,5,
892423,530999,5,
838442,506780,5,
853291,557685,5,
730887,825972,-1,
645233,927201,16,
645563,819480,16,
573324,878802,-1,
693699,822637,16,
649412,856993,16,
684558,878573,16,
656658,854609,16,
651506,856097,16,
618405,842859,16,
667280,765619,-1,
600996,890782,-1,
674463,862486,16,
676694,851597,16,
620685,880813,16,
716590,874975,16,
721401,951880,17,
657094,857640,16,
644693,867371,16,
633601,861482,16,
673646,857346,16,
657184,855509,16,
708244,871834,16,
659081,860560,16,
657811,885904,16,
642843,909185,16,
709303,897538,16,
610505,851476,16,
612648,772280,-1,
673196,812941,16,
673267,883727,16,
694451,863981,16,
678869,902492,16,
690018,819280,16,
677983,890077,16,
639997,865965,16,
709254,847444,16,
679799,858680,16,
664355,831472,16,
659166,861665,16,
692386,863386,16,
688076,833905,16,
680506,840053,16,
641840,886745,16,
673292,857105,16,
622212,860015,16,
736557,897961,16,
668234,886696,16,
675013,876331,16,
675902,853961,16,
695092,820091,16,
730287,897070,16,
691716,873426,16,
722404,952207,17,
678606,878004,16,
664156,846474,16,
688118,911574,16,
674492,861230,16,
675382,836312,16,
664639,925795,16,
626334,852383,16,
669690,842110,16,
653177,819935,16,
674265,861435,16,
677404,883871,16,
672212,860894,16,
715956,900724,16,
674236,877152,16,
679818,860064,16,
578509,923881,-1,
680381,823757,16,
720629,816515,-1,
640210,902029,16,
671772,860357,16,
618009,867493,16,
672628,882986,16,
680261,863401,16,
682100,853708,16,
681049,846975,16,
668567,856554,16,
656957,871011,16,
662293,872590,16,
673953,835926,16,
718544,888401,16,
648590,917839,16,
699124,824089,16,
668367,855686,16,
675866,868784,16,
700098,894685,16,
683156,877209,16,
661357,801817,16,
789095,895634,-1,
673332,857517,16,
627452,835854,16,
672059,860501,16,
665048,854911,16,
683580,872374,16,
668839,882598,16,
682510,905902,16,
671235,856653,16,
680228,843225,16,
662249,918050,16,
674961,865594,16,
679211,886670,16,
676220,858214,16,
567861,856582,-1,
668228,858122,16,
682241,850176,16,
712262,856869,16,
671325,856592,16,
680592,858526,16,
683098,847245,16,
646816,829778,16,
675633,863416,16,
677551,860007,16,
683656,842406,16,
678195,860537,16,
700747,821557,16,
679054,898217,16,
676360,866112,16,
665308,868551,16,
665775,845662,16,
660459,860658,16,
670119,859029,16,
672068,874862,16,
644301,925034,16,
704574,866263,16,
665660,828338,16,
680579,836946,16,
682053,853410,16,
672544,859978,16,
713088,880834,16,
680969,838864,16,
674151,853540,16,
664903,839150,16,
641902,755287,-1,
683610,910782,16,
676962,897430,16,
594720,848457,16,
658748,777680,-1,
700341,869730,16,
640432,837036,16,
668519,860048,16,
672668,861428,16,
638004,837697,16,
673071,856021,16,
668772,858570,16,
636871,929410,16,
599612,859210,16,
739318,810528,-1,
654937,781879,-1,
663095,949045,16,
658734,883214,16,
647968,877873,16,
682699,851115,16,
684739,884934,16,
667620,855461,16,
616281,845406,16,
697161,840318,16,
679237,862389,16,
664260,859029,16,
674121,858589,16,
700962,927047,17,
723397,859761,16,
648230,857418,16,
677896,867053,16,
680828,839011,16,
680757,826912,16,
673826,880137,16,
694897,834591,16,
683585,905984,16,
671609,815681,16,
669748,863109,16,
674659,860894,16,
659734,844127,16,
656156,868643,16,
653258,860766,16,
684131,898331,16,
666516,859837,16,
655237,871554,16,
653592,959882,-1,
659280,845579,16,
646422,900526,16,
627580,840406,16,
604546,847329,16,
631316,837043,16,
705518,925936,17,
662898,884734,16,
718088,852181,16,
666315,872311,16,
710082,881600,16,
674433,860605,16,
685821,816579,16,
678856,850293,16,
669427,846395,16,
687043,806921,16,
657981,866945,16,
676480,860779,16,
704065,832648,16,
669178,866011,16,
693783,860206,16,
683027,876064,16,
670957,810768,16,
674134,908464,16,
637665,858741,16,
664325,877878,16,
664025,801796,16,
672800,874378,16,
685124,873363,16,
674496,870664,16,
684602,823981,16,
677769,841641,16,
651576,865180,16,
650720,817440,16,
674472,860330,16,
673028,860593,16,
683413,861559,16,
669638,842011,16,
674365,860819,16,
687360,862438,16,
662684,813662,16,
673242,886958,16,
674311,859933,16,
595580,798572,-1,
636769,854047,16,
685551,798742,16,
663945,828490,16,
717187,883275,16,
706906,885612,16,
675988,841317,16,
671976,864630,16,
669366,869654,16,
651216,815098,16,
676767,832479,16,
657879,857942,16,
665828,868934,16,
674905,876286,16,
640000,863831,16,
672818,881943,16,
634800,823669,16,
658590,886551,16,
639463,847461,16,
625416,868848,16,
672266,862875,16,
723173,872525,16,
688098,908495,16,
673410,863889,16,
679788,889464,16,
615826,863168,16,
598671,854219,16,
753254,840123,-1,
669430,905798,16,
726847,875488,16,
648443,845340,16,
674114,970756,-1,
675551,956849,-1,
677459,896720,16,
634004,895206,16,
653745,809028,16,
682420,846881,16,
666636,858686,16,
682481,879399,16,
656834,885944,16,
718257,857481,16,
672598,856928,16,
693997,774817,-1,
612392,916853,-1,
671444,860206,16,
671404,857240,16,
689628,868984,16,
704570,845515,16,
652233,886054,16,
705929,851313,16,
682315,843851,16,
667131,849230,16,
707894,904500,16,
649345,864613,16,
629998,877765,16,
659542,840985,16,
621278,888326,16,
682304,876841,16,
679747,860939,16,
663049,843538,16,
672876,844123,16,
689948,850548,16,
696257,894819,16,
629377,853726,16,
658034,897179,16,
696808,866039,16,
699668,863774,16,
669697,859388,16,
606506,766728,-1,
672474,868765,16,
697011,856357,16,
708262,945359,17,
653181,886417,16,
674521,861127,16,
729194,856897,16,
663168,859429,16,
644843,838626,16,
672797,843231,16,
680677,868629,16,
614497,830844,16,
646671,857872,16,
679242,853941,16,
665697,929571,16,
749941,916922,-1,
602365,916673,-1,
684537,843821,16,
694308,904062,16,
731712,878998,16,
667713,847241,16,
730383,879136,16,
689363,817577,16,
728743,850843,16,
683941,915579,16,
722463,882675,16,
670519,870010,16,
683252,858182,16,
669288,860515,16,
675357,870850,16,
673449,860643,16,
687325,883004,16,
603472,894573,16,
669713,851017,16,
693362,837786,16,
605535,925341,-1,
687078,791051,16,
672387,800443,16,
683048,937776,16,
713579,879202,16,
571669,873544,-1,
695260,824882,16,
702654,841548,16,
601619,825604,16,
564416,878492,-1,
703773,870419,16,
674931,870112,16,
673140,864863,16,
681053,892766,16,
683321,873932,16,
701017,931252,17,
645677,814395,16,
677362,853471,16,
659046,930099,16,
665426,853940,16,
691827,863963,16,
650661,861267,16,
599647,858702,16,
684091,842566,16,
