664159,550946,1,
665845,557965,1,
597173,575538,1,
618600,551446,1,
635690,608046,1,
588100,557588,1,
582015,546191,1,
604678,574577,1,
572029,518313,-1,
604737,574591,1,
577728,587566,1,
602013,574722,1,
627968,574625,1,
607269,536961,1,
603145,574795,1,
671919,571761,1,
612184,570393,1,
600032,575310,1,
627912,593892,1,
601967,604428,1,
591851,569051,1,
601444,572693,1,
629718,558104,1,
661430,603567,-1,
597551,556737,1,
601182,582584,1,
562704,570596,1,
605107,563429,1,
607214,575069,1,
568824,570203,1,
612485,518009,1,
589244,573777,1,
625579,551084,1,
560237,500154,-1,
626224,569687,1,
610666,551701,1,
597428,569940,1,
600582,599535,1,
604168,555003,1,
613871,550423,1,
617310,551945,1,
625728,579460,1,
606300,566708,1,
638559,558807,1,
582176,630383,1,
544056,577786,1,
631297,578351,1,
561574,621747,-1,
604973,574773,1,
605284,556134,1,
617910,592293,1,
555904,640401,-1,
526559,509417,-1,
603849,572396,1,
598634,619900,1,
603359,589262,1,
657455,567754,1,
614279,599251,1,
578496,631434,1,
645171,595209,1,
688015,533535,-1,
656477,573007,1,
540029,563888,1,
597418,538362,1,
613545,574733,1,
628696,542447,1,
604157,574191,1,
603126,497987,-1,
605850,533310,1,
596179,529556,1,
610330,552628,1,
598184,531473,1,
620438,511694,1,
600202,622079,1,
603021,577991,1,
515612,540643,-1,
606548,574376,1,
593490,623110,1,
607084,595500,1,
583728,563146,1,
616044,533807,1,
624452,584622,1,
604438,574666,1,
625709,660145,-1,
601376,579831,1,
565148,557305,1,
639418,537903,1,
612799,537497,1,
583653,652182,1,
599808,596484,1,
605250,573272,1,
606738,601356,1,
611044,571814,1,
575440,568511,1,
616329,529516,1,
605927,572533,1,
609286,586782,1,
647354,579190,1,
606929,571420,1,
562920,559223,1,
680357,620811,-1,
707100,601463,-1,
604294,574368,1,
614917,600946,1,
611508,503220,1,
603789,574474,1,
551740,588768,1,
546031,570429,1,
569197,559307,1,
688712,568754,-1,
604067,574091,1,
606809,572101,1,
588597,622592,1,
613840,534167,1,
576263,547239,1,
597077,568196,1,
601339,571609,1,
606011,569426,1,
593398,559764,1,
593166,622725,1,
609796,532982,1,
712648,607541,-1,
585048,505097,-1,
525967,565687,-1,
660327,585901,1,
607604,573951,1,
604001,573587,1,
591484,571087,1,
613868,585089,1,
645464,660478,-1,
538571,654649,-1,
555429,604551,-1,
597620,586226,1,
586097,567445,1,
545235,539822,-1,
649088,575733,1,
599123,616977,1,
563763,559454,1,
617717,613939,1,
618869,577243,1,
567188,560044,1,
636628,533309,1,
560362,567914,1,
595014,632844,1,
605876,550640,1,
604352,573425,1,
600679,599545,1,
596891,579476,1,
614943,540976,1,
604415,571400,1,
603698,573585,1,
658199,568743,1,
598759,582942,1,
671269,590258,1,
593317,534085,1,
657985,453405,-1,
608557,590278,1,
623004,508050,1,
601900,569391,1,
641031,593074,1,
589658,640498,1,
567565,573952,1,
559078,570088,1,
639431,588155,1,
566609,537592,1,
568570,579335,1,
660650,615038,-1,
667639,571164,1,
596796,529933,1,
606111,617846,1,
616060,590779,1,
602873,527864,1,
571334,594145,1,
602167,543919,1,
605100,573307,1,
546640,560043,1,
585195,555011,1,
651740,589474,1,
589112,536573,1,
582057,543124,1,
690968,555952,-1,
609030,552436,1,
632125,541413,1,
603445,630598,1,
628264,616214,-1,
577242,574073,1,
604090,574392,1,
607911,576556,1,
600665,638890,1,
600117,539079,1,
631182,565466,1,
695646,652231,-1,
619445,567491,1,
613191,571942,1,
567428,580005,1,
590583,623314,1,
606289,670243,-1,
585175,574133,1,
634967,579020,1,
614615,574437,1,
593061,579188,1,
606933,576409,1,
606587,573873,1,
594084,629464,1,
683697,581516,1,
601530,577183,1,
603055,589818,1,
616561,619007,1,
607463,477085,-1,
611581,572630,1,
579712,568354,1,
602887,595245,1,
600039,557139,1,
605913,579526,1,
579773,568698,1,
606324,544357,1,
605958,573728,1,
606144,575076,1,
667472,570571,1,
580048,565009,1,
597802,576113,1,
610263,574422,1,
603855,575180,1,
624369,532153,1,
599870,591110,1,
577167,617095,1,
658403,611332,-1,
563460,480559,-1,
610980,522819,1,
569422,567790,1,
627727,578737,1,
592804,584539,1,
540783,626497,-1,
591823,639096,1,
637323,549567,1,
638078,629421,-1,
611315,560757,1,
647103,573853,1,
522993,595581,-1,
601187,531825,1,
533799,564377,1,
649034,528813,-1,
620975,564344,1,
622407,583192,1,
597026,642918,1,
551291,576721,1,
608768,610525,1,
697959,614701,-1,
658281,582264,1,
546632,599204,-1,
672565,564468,1,
636500,587401,1,
696144,548705,-1,
533551,582247,-1,
526802,551524,-1,
553038,606418,-1,
696601,603624,-1,
588964,597435,1,
716139,621721,-1,
608529,586311,1,
557378,567033,1,
589994,610890,1,
589344,563119,1,
624415,515911,1,
565483,551512,1,
584895,574666,1,
582777,542670,1,
639394,576728,1,
608298,573748,1,
663578,586265,1,
628080,562986,1,
597421,554767,1,
595193,576508,1,
658103,572250,1,
659529,498474,-1,
606415,581386,1,
641976,577433,1,
587466,564953,1,
589180,595099,1,
601885,573083,1,
580561,528916,1,
621726,578003,1,
558817,576255,1,
620213,574468,1,
594010,570095,1,
541976,512639,-1,
593840,578685,1,
602667,575857,1,
631446,561156,1,
596481,567449,1,
611318,581584,1,
568546,564911,1,
593865,572987,1,
597017,575588,1,
578804,573582,1,
673750,594081,1,
592714,553958,1,
594029,586701,1,
668502,563937,1,
629533,537542,1,
801539,318482,2,
801667,318542,2,
814045,332998,2,
800479,321640,2,
757470,224976,-1,
844536,424646,-1,
797105,316002,2,
779956,271501,2,
797205,313318,2,
801323,316240,2,
783666,262902,2,
806131,312752,2,
830658,368694,2,
802482,335269,2,
801910,325434,2,
808062,337340,2,
789833,304422,2,
803603,327255,2,
800865,312968,2,
802237,318526,2,
803959,315173,2,
800123,312312,2,
780927,285057,2,
797242,324588,2,
801551,320544,2,
809182,319115,2,
801931,317202,2,
870801,476330,3,
820327,352701,2,
801093,317509,2,
798523,324500,2,
805237,318655,2,
803375,311620,2,
801441,323812,2,
797313,317527,2,
788220,301915,2,
790395,300024,2,
817135,349925,2,
797787,301470,2,
804630,332333,2,
808710,330379,2,
802111,320817,2,
796375,309563,2,
819768,346596,2,
814605,354382,2,
800565,319364,2,
802089,313456,2,
814401,341234,2,
796609,319691,2,
776131,248465,2,
803464,329093,2,
802646,317894,2,
809550,327365,2,
795322,311178,2,
830450,393096,2,
778414,260729,2,
800041,318331,2,
802814,320130,2,
802738,312234,2,
823913,369439,2,
803386,318982,2,
812869,346251,2,
798904,324420,2,
800447,331643,2,
807446,342555,2,
804251,329956,2,
797594,302109,2,
803448,314797,2,
765502,240340,2,
795527,315510,2,
794640,313497,2,
808717,335740,2,
790932,305223,2,
816852,352965,2,
826228,376658,2,
795299,312036,2,
808686,332209,2,
809594,344872,2,
799275,324108,2,
878184,487392,3,
798472,322218,2,
824822,367091,2,
746769,205186,-1,
756701,207223,-1,
795489,287279,2,
800483,320713,2,
783491,288029,2,
797162,306135,2,
800272,316170,2,
806827,324616,2,
802853,314938,2,
800804,316615,2,
813173,354777,2,
801588,319814,2,
797400,315778,2,
823840,368410,2,
811391,343836,2,
801055,321833,2,
804038,306622,2,
803780,334441,2,
834173,386159,2,
802784,313853,2,
807293,347456,2,
817119,336333,2,
786635,269352,2,
824624,381716,2,
797415,319840,2,
800772,325023,2,
806626,318966,2,
800845,311838,2,
769386,259892,2,
797272,324228,2,
807409,325526,2,
795836,291870,2,
798321,319665,2,
805372,313397,2,
790738,308028,2,
800667,315995,2,
795205,316433,2,
809054,345541,2,
808452,320117,2,
779897,279572,2,
782642,275308,2,
797569,321799,2,
801751,318110,2,
787644,297715,2,
807401,314610,2,
800677,310656,2,
800394,301473,2,
795571,310093,2,
814158,335578,2,
811913,325091,2,
806982,316680,2,
775604,274485,2,
800133,327081,2,
806511,313841,2,
803796,314893,2,
802012,318315,2,
826789,377676,2,
814108,344096,2,
804354,309671,2,
807017,330432,2,
803774,334756,2,
817410,346944,2,
841928,398948,2,
816145,349032,2,
818622,370753,2,
786245,292352,2,
784164,285702,2,
805390,319676,2,
790774,303642,2,
803277,319525,2,
833182,379714,2,
773023,251826,2,
801609,320399,2,
778965,282290,2,
814317,333112,2,
805080,323708,2,
801080,318049,2,
799724,318884,2,
798059,316113,2,
806176,320301,2,
769876,257669,2,
825716,373098,2,
791983,298565,2,
801386,313545,2,
804871,317801,2,
810903,332925,2,
838276,395673,2,
810543,341180,2,
777978,252419,2,
820258,351165,2,
801997,319385,2,
779437,281959,2,
810253,323873,2,
794826,309589,2,
814280,344223,2,
832651,373469,2,
794142,306704,2,
802041,319504,2,
804190,320706,2,
798983,325682,2,
840462,402858,2,
799912,323363,2,
804119,328544,2,
804358,320802,2,
803057,331037,2,
803031,325811,2,
784151,283760,2,
800444,311497,2,
802004,317772,2,
803470,319069,2,
811277,335577,2,
803332,315488,2,
800037,317963,2,
813436,360446,2,
800694,316789,2,
838129,404012,2,
764997,249477,2,
800316,311699,2,
806848,320541,2,
805462,317833,2,
798308,312788,2,
802655,316263,2,
801456,320080,2,
801309,318213,2,
840886,397888,2,
829529,375007,2,
830805,370801,2,
804979,334141,2,
804013,316083,2,
808489,317021,2,
770113,241615,2,
804332,319006,2,
833661,389733,2,
797834,297329,2,
794956,309980,2,
801232,307078,2,
809552,342258,2,
794615,305632,2,
809259,345634,2,
811502,355939,2,
801301,316893,2,
803370,318247,2,
804702,315881,2,
797009,293194,2,
813791,334609,2,
812965,330224,2,
826048,374236,2,
800959,322309,2,
803405,317316,2,
802254,320673,2,
783116,265635,2,
798633,317300,2,
801482,327644,2,
798612,326404,2,
799001,302014,2,
802537,312497,2,
799794,315080,2,
793892,313943,2,
804691,332987,2,
793855,298525,2,
796952,318633,2,
800655,320227,2,
801780,318992,2,
805977,320805,2,
796916,323332,2,
820904,351763,2,
808405,318841,2,
765283,249459,2,
824212,363776,2,
798981,311092,2,
797178,310439,2,
800582,316980,2,
803839,310353,2,
796283,315582,2,
801145,317601,2,
801662,318423,2,
801782,318281,2,
803377,319212,2,
803932,318781,2,
806192,337849,2,
789583,287700,2,
801586,318947,2,
804251,331304,2,
799667,316830,2,
759789,229116,2,
799021,326404,2,
793684,312065,2,
806320,315242,2,
786234,267976,2,
821151,366545,2,
801903,312794,2,
782506,279930,2,
803627,319323,2,
794991,291216,2,
794667,315069,2,
799291,317500,2,
798243,324160,2,
804408,337683,2,
818119,348676,2,
810502,336169,2,
793560,285392,2,
801326,315779,2,
808644,326320,2,
813645,328765,2,
800966,317165,2,
797111,302781,2,
802431,322048,2,
811061,333595,2,
786719,283364,2,
773955,239849,2,
803701,321815,2,
783110,289805,2,
800235,316652,2,
807421,317527,2,
797947,319734,2,
805035,317469,2,
801166,322298,2,
846693,429031,-1,
801493,322249,2,
806087,326636,2,
810657,329468,2,
801313,300606,2,
800390,309948,2,
801634,318965,2,
799197,314215,2,
795254,296488,2,
807696,320548,2,
800461,326821,2,
801174,320442,2,
809781,326904,2,
826585,366934,2,
804429,312164,2,
788005,292268,2,
801183,316191,2,
378274,816341,4,
406233,813072,4,
401478,785370,4,
448651,847994,-1,
434440,822866,4,
369199,734895,-1,
413241,771595,4,
369418,733394,-1,
378563,789670,4,
424190,780052,4,
415993,776671,4,
421352,799127,4,
432656,783776,4,
383032,788008,4,
414377,771258,4,
425260,773661,4,
469139,810971,4,
442979,803024,4,
347079,803582,4,
412797,803180,4,
352874,807952,4,
442286,755194,4,
416433,786159,4,
419700,793447,4,
422961,821595,4,
400008,789447,4,
429586,775621,4,
457561,788245,4,
415417,785827,4,
389552,750700,4,
415598,786499,4,
443447,783977,4,
404792,749210,4,
389392,730768,4,
473485,847098,-1,
491614,778997,4,
437483,785130,4,
452570,848127,-1,
417197,778243,4,
405986,787439,4,
437568,794323,4,
420319,794333,4,
418963,746595,4,
469422,822619,4,
397688,762902,4,
418149,790096,4,
407289,798870,4,
360319,778673,4,
473799,795167,4,
445199,763833,4,
446537,828924,4,
410019,732704,4,
396540,815936,4,
407694,718592,4,
417091,792545,4,
442260,754050,4,
411526,784658,4,
407814,765816,4,
394022,803914,4,
481133,781413,4,
396118,794614,4,
458538,786673,4,
419721,789724,4,
424476,781552,4,
377720,727349,-1,
448336,789445,4,
412227,787450,4,
408745,824896,4,
417016,774869,4,
395274,786698,4,
412541,806622,4,
412109,735920,4,
407023,787385,4,
376660,815936,4,
396548,784388,4,
508535,830710,-1,
414014,816460,4,
440782,782395,4,
436951,814456,4,
393758,750953,4,
418410,795929,4,
425991,787029,4,
414562,787355,4,
408712,803987,4,
377858,811790,4,
417169,792321,4,
460371,780609,4,
388873,746909,4,
395641,808571,4,
386436,791388,4,
440667,768761,4,
438437,730300,4,
370839,727884,-1,
422917,781112,4,
391555,789079,4,
402666,814060,4,
474368,812039,4,
406176,760860,4,
463768,793154,4,
446307,796523,4,
402309,786873,4,
413946,786971,4,
425053,790566,4,
416926,785113,4,
424023,737453,4,
417447,782955,4,
415672,787824,4,
416019,787562,4,
417515,787648,4,
459230,803720,4,
447833,819282,4,
418199,851439,4,
417393,771537,4,
441415,780207,4,
399634,751940,4,
373360,784232,4,
419227,779215,4,
434717,808225,4,
397669,792218,4,
412028,773494,4,
407504,803363,4,
365147,790525,4,
459328,805961,4,
429472,860855,-1,
480128,785580,4,
344915,702496,-1,
410969,770451,4,
407460,791404,4,
420476,750495,4,
397747,792207,4,
408428,771823,4,
397806,749559,4,
426040,825049,4,
407565,766203,4,
414317,828815,4,
410610,765111,4,
412388,784064,4,
406337,750353,4,
422419,754048,4,
416039,730594,4,
414512,793966,4,
398478,822297,4,
424375,721868,4,
403890,792420,4,
400902,772920,4,
402367,782997,4,
472917,830363,4,
418621,840463,4,
329002,727685,-1,
418618,811618,4,
425356,745471,4,
470922,770669,4,
400598,790903,4,
412851,774986,4,
492415,829655,-1,
400079,749617,4,
417673,785965,4,
424720,768456,4,
386415,801444,4,
426689,788562,4,
430747,776261,4,
405714,781619,4,
429220,787348,4,
427850,762201,4,
434080,785264,4,
473514,788780,4,
412386,777312,4,
430686,844506,4,
409142,811927,4,
422198,724557,4,
392185,713763,-1,
412677,786951,4,
399149,784376,4,
382693,749680,4,
527515,831478,-1,
448519,805219,4,
430779,770145,4,
413556,758080,4,
392140,769924,4,
416855,794023,4,
389713,772742,4,
398498,776720,4,
473727,807244,4,
389410,788256,4,
377230,790154,4,
415564,784464,4,
456799,844976,-1,
444336,820061,4,
404359,783919,4,
453154,776082,4,
425019,759577,4,
415895,775793,4,
420083,787815,4,
506612,858859,-1,
436648,859634,-1,
403522,785432,4,
401407,759648,4,
403852,792473,4,
367398,701756,-1,
412453,784453,4,
382124,786262,4,
416884,786845,4,
448865,836781,-1,
383821,808301,4,
414249,796590,4,
457338,789952,4,
396276,785999,4,
390282,789593,4,
409417,758123,4,
397561,815245,4,
397137,742547,4,
402891,801910,4,
385257,791581,4,
409628,833942,4,
369249,797068,4,
460942,779073,4,
423146,737571,4,
420509,788730,4,
422736,790806,4,
401492,790336,4,
394018,799506,4,
385140,796221,4,
430243,781020,4,
416775,806826,4,
425796,795608,4,
411488,837715,4,
433989,765343,4,
415806,783594,4,
417023,771194,4,
415270,775605,4,
391163,811977,4,
405350,762342,4,
414860,773921,4,
371779,814715,4,
415631,805010,4,
387951,813315,4,
472691,802678,4,
471930,844046,-1,
432892,815223,4,
366654,802105,4,
411721,717873,4,
426115,814461,4,
375997,806621,4,
385561,718324,-1,
375573,809249,4,
437958,784801,4,
363857,784086,4,
430138,818594,4,
435085,791564,4,
414036,742189,4,
425611,793420,4,
439793,740773,4,
467107,817914,4,
387631,749416,4,
430001,765803,4,
384225,784381,4,
417146,822655,4,
427371,819417,4,
399587,792459,4,
474648,778810,4,
345692,788190,4,
409515,756149,4,
469782,780552,4,
468229,827985,4,
414951,852935,4,
409701,750741,4,
442826,795974,4,
459556,818479,4,
423311,813081,4,
476144,772131,4,
391976,789416,4,
448649,813885,4,
496658,816784,-1,
410336,767856,4,
430167,811490,4,
357467,797530,4,
404220,785798,4,
446368,763341,4,
439514,758221,4,
424145,743433,4,
470062,771204,4,
421187,779726,4,
396617,801039,4,
394708,739061,4,
394912,755947,4,
425950,788228,4,
408283,806161,4,
419520,778231,4,
441950,785934,4,
409814,836083,4,
395817,788858,4,
422776,808328,4,
363959,810632,4,
422943,804253,4,
407626,771304,4,
347933,797148,4,
457554,795861,4,
394274,837428,4,
445674,768552,4,
416359,786189,4,
419485,804779,4,
376176,795539,4,
349378,805118,4,
456566,743012,-1,
484407,809641,4,
403329,717870,-1,
392795,817694,4,
372621,772258,4,
461751,817277,4,
489182,773934,4,
427388,815258,4,
418155,819422,4,
437035,755506,4,
416444,783624,4,
777811,751059,5,
823974,725025,5,
749723,781756,-1,
875160,698897,5,
828194,742074,5,
800913,749332,5,
831165,783383,5,
793019,764859,5,
810467,706465,5,
803540,754792,5,
844662,654835,-1,
803962,731228,5,
823065,733789,5,
822156,732296,5,
811389,723618,5,
779936,774397,5,
854769,713941,5,
803457,735855,5,
790712,745884,5,
815652,733433,5,
841289,701474,5,
832054,751330,5,
786032,701427,5,
824835,704997,5,
832886,781206,5,
818063,797960,5,
857620,709386,5,
828589,652430,-1,
836727,737798,5,
776000,780347,5,
824098,714042,5,
830583,710990,5,
862189,735684,5,
815131,704478,5,
828478,655405,-1,
784838,771499,5,
880362,706363,5,
767482,727417,-1,
825070,734215,5,
813781,738344,5,
840863,737972,5,
840943,739611,5,
828276,762021,5,
822883,728314,5,
854886,769396,5,
829623,732301,5,
835428,731189,5,
818338,800932,5,
823417,701523,5,
812152,689907,5,
829969,699565,5,
861563,661642,-1,
816955,747629,5,
774526,757135,5,
803577,712231,5,
798056,714380,5,
881789,727577,5,
858867,700187,5,
834996,728517,5,
839121,736259,5,
841045,738224,5,
840100,728839,5,
874544,686096,5,
862334,747768,5,
820253,714625,5,
817862,732248,5,
844729,682981,5,
846484,719360,5,
793669,724513,5,
821906,732848,5,
826465,646980,-1,
820350,748217,5,
814540,707227,5,
838223,766380,5,
869471,745767,5,
816054,733183,5,
801177,737548,5,
848783,748980,5,
814105,723255,5,
838036,749612,5,
840270,725456,5,
789601,714058,5,
827169,708345,5,
789448,738035,5,
835030,668528,-1,
848151,741869,5,
816091,747764,5,
801511,761094,5,
822670,689090,5,
873672,734440,5,
808153,737136,5,
755829,751858,-1,
814697,729209,5,
832758,707452,5,
848264,762550,5,
799903,784535,-1,
802674,727804,5,
828147,808738,5,
820707,705318,5,
824594,741664,5,
804474,747122,5,
823108,733302,5,
839514,728923,5,
827711,732798,5,
851644,721350,5,
816390,711340,5,
798007,723995,5,
790612,738038,5,
821909,728448,5,
865754,723314,5,
735295,814058,-1,
877711,703850,5,
792990,685472,5,
809917,762429,5,
789388,712210,5,
879221,655497,-1,
876935,684572,5,
819439,735945,5,
807929,730950,5,
850451,764015,5,
811748,766105,5,
824765,761114,5,
848586,789052,5,
812231,739235,5,
873532,712802,5,
842590,716861,5,
832798,734777,5,
817640,730018,5,
824322,744720,5,
777697,798253,-1,
868493,677155,-1,
805658,698630,5,
840349,790707,5,
796953,726378,5,
832589,782799,5,
817441,709397,5,
856029,730586,5,
805089,762512,5,
854628,773470,5,
846090,651306,-1,
796943,674692,-1,
827192,785316,5,
818209,719382,5,
795200,786424,-1,
817777,724927,5,
846512,683647,-1,
825080,746712,5,
824674,806300,5,
822616,735941,5,
805391,732659,5,
823250,732088,5,
850376,739749,5,
821337,733356,5,
796786,724615,5,
862425,741010,5,
825690,703854,5,
800872,672603,-1,
825395,715780,5,
843911,730036,5,
820238,732928,5,
848570,703697,5,
825515,738284,5,
820367,732364,5,
822025,749214,5,
837718,761480,5,
871723,685520,5,
850904,720163,5,
816775,739989,5,
822103,732911,5,
815455,755486,5,
835648,756631,5,
868626,737331,5,
825997,730652,5,
817252,730254,5,
877906,722361,5,
808440,729985,5,
791470,751113,5,
841654,764836,5,
825429,732758,5,
751215,828365,-1,
804706,788001,-1,
820194,734233,5,
869991,705259,5,
809779,663654,-1,
822078,711840,5,
866139,717138,5,
829379,718721,5,
837582,763266,5,
783999,732487,5,
800231,732106,5,
862569,719773,5,
838764,652792,-1,
849343,713993,5,
828297,715480,5,
821259,750089,5,
874643,729921,5,
819058,729125,5,
817018,729596,5,
797804,715342,5,
838515,768484,5,
829398,724900,5,
754841,796342,-1,
878690,739021,5,
821908,732077,5,
786495,759000,5,
823987,687499,5,
787988,741203,5,
839339,726322,5,
822425,727248,5,
854412,725575,5,
788351,737539,5,
838587,700545,5,
840425,762290,5,
817395,734126,5,
807913,737341,5,
872285,750708,5,
788166,702817,5,
836225,709204,5,
822293,786837,5,
888892,702505,5,
822623,745025,5,
795124,696429,5,
832238,725434,5,
815593,689874,5,
843572,784897,5,
833716,758772,5,
822474,780882,5,
801102,759330,5,
841752,731595,5,
808779,732990,5,
822533,758955,5,
817807,715863,5,
837977,728814,5,
801204,755177,5,
819628,810748,5,
814732,734183,5,
832086,716249,5,
876503,659112,-1,
823856,749355,5,
819737,737829,5,
818756,743887,5,
811971,664520,-1,
801526,705057,5,
827031,734324,5,
843891,721571,5,
810460,735109,5,
782368,759352,5,
801172,715857,5,
866928,716961,5,
829673,730398,5,
850888,736810,5,
786935,732999,5,
769656,721159,-1,
804925,735492,5,
870054,738900,5,
818932,728481,5,
853692,746285,5,
807072,687932,5,
750459,800215,-1,
823959,737866,5,
835804,710711,5,
790206,747165,5,
813092,739043,5,
801810,728106,5,
825404,733788,5,
820947,730529,5,
827081,694553,5,
822664,720677,5,
768565,762193,5,
823113,733720,5,
821079,800206,5,
828531,731300,5,
820757,738235,5,
781260,737962,5,
819438,662327,-1,
833504,744564,5,
789552,731946,5,
822843,763117,5,
775555,719683,5,
865084,713697,5,
820455,729132,5,
849547,738979,5,
762269,792243,-1,
821464,700760,5,
824013,753991,5,
803369,698753,5,
823589,728083,5,
796353,710294,5,
820083,728310,5,
829133,735488,5,
823455,747394,5,
818542,740451,5,
809623,734937,5,
841762,777572,5,
802184,751958,5,
803874,675499,5,
830065,739162,5,
824140,729074,5,
852730,769968,5,
866760,753547,5,
811031,703822,5,
825414,734466,5,
816615,770855,5,
786227,765634,5,
817269,733788,5,
809453,736879,5,
757421,774445,-1,
818251,731938,5,
788020,765562,5,
823618,734216,5,
812295,728049,5,
837545,696979,5,
797918,694723,5,
822224,742716,5,
821895,732158,5,
797233,713358,5,
800258,733812,5,
813319,737376,5,
860951,162251,6,
860387,157731,6,
857363,154639,6,
863391,126214,6,
839094,159543,6,
849248,164090,6,
875990,133950,6,
905936,150106,6,
895835,123485,6,
818079,108536,6,
898976,198452,-1,
869087,153957,6,
849653,143827,6,
834293,161575,6,
844234,153197,6,
835128,212354,6,
828179,155649,6,
875410,128878,6,
850965,156224,6,
800816,176612,6,
832621,150748,6,
876863,176593,6,
826192,172906,6,
862679,188399,6,
839974,154358,6,
854338,135067,6,
855233,141357,6,
850538,160159,6,
868442,160118,6,
888714,205560,-1,
864185,161232,6,
851280,156049,6,
875825,204959,6,
840375,155757,6,
892340,149050,6,
873527,126426,6,
836433,200181,6,
826499,142732,6,
854922,159650,6,
883537,210648,-1,
807420,168787,6,
840299,118907,6,
834602,213597,6,
864053,139325,6,
856454,117143,6,
857972,160214,6,
850046,108829,6,
804936,148980,6,
864374,150149,6,
858587,150101,6,
870247,121460,6,
855656,162100,6,
850176,127908,6,
850057,157848,6,
828005,145089,6,
861994,160156,6,
849537,157510,6,
867125,168762,6,
838142,156770,6,
847644,164348,6,
856349,158150,6,
860606,152843,6,
869288,168662,6,
838328,185708,6,
860986,140320,6,
829229,143653,6,
866051,172932,6,
871556,194747,6,
865489,161762,6,
851840,110475,6,
846256,154064,6,
836081,178429,6,
859707,202806,6,
849938,156042,6,
894124,202052,-1,
864325,170593,6,
848108,161786,6,
817619,181929,6,
858058,196183,6,
861242,161722,6,
885793,172115,6,
850577,157049,6,
877125,161227,6,
883864,111281,6,
891699,170415,6,
802394,87835,-1,
862759,157988,6,
824185,167369,6,
813124,157130,6,
840335,164912,6,
858042,178196,6,
846257,145306,6,
858516,151301,6,
851282,153750,6,
905005,164126,6,
857309,139276,6,
845589,192916,6,
895245,150977,6,
863995,150435,6,
862642,159379,6,
861631,169376,6,
858934,162874,6,
912023,160368,6,
842824,177832,6,
824560,133679,6,
842281,175525,6,
860845,155375,6,
841096,188742,6,
821428,153468,6,
840357,169437,6,
827802,189078,6,
844734,164570,6,
847812,114745,6,
887269,166179,6,
830159,134329,6,
850925,157811,6,
847276,121785,6,
870599,149782,6,
780153,136449,-1,
814379,132655,6,
834483,173379,6,
852423,159874,6,
854012,157449,6,
883375,158482,6,
850219,110573,6,
836450,151205,6,
881217,172320,6,
813239,139752,6,
871255,140340,6,
789356,159383,6,
873690,156226,6,
858834,149259,6,
778867,140736,-1,
872057,122354,6,
882097,161493,6,
787336,144875,-1,
849751,167033,6,
843833,170416,6,
850663,157840,6,
812240,177846,6,
838609,140215,6,
850959,157920,6,
859703,156782,6,
854753,190254,6,
895723,126593,6,
857833,170565,6,
850200,164752,6,
845303,150476,6,
877422,134877,6,
850153,155701,6,
819256,201704,6,
871689,155981,6,
818014,140185,6,
815298,167390,6,
864088,171351,6,
902529,162041,6,
908069,146564,6,
799326,106384,-1,
854996,81095,-1,
843813,182032,6,
888504,147016,6,
877964,242679,-1,
851866,156896,6,
821361,175823,6,
810775,160434,6,
843150,156573,6,
844088,150085,6,
830620,117906,6,
835790,127898,6,
819541,117296,6,
858703,157931,6,
857846,153281,6,
876408,183646,6,
842576,153072,6,
848974,199427,6,
862925,243856,-1,
856561,128799,6,
834171,189042,6,
872516,217570,-1,
869167,105039,6,
819670,183364,6,
846575,159002,6,
895127,152283,6,
830445,186055,6,
792179,148539,6,
852410,187705,6,
853554,158012,6,
927170,250593,-1,
825605,167750,6,
846731,162515,6,
878170,123364,6,
884966,133900,6,
866987,154415,6,
846284,113820,6,
873474,159567,6,
878258,158631,6,
882306,173836,6,
856924,169071,6,
794260,129843,-1,
851568,114049,6,
868736,179354,6,
925732,210388,-1,
868375,161990,6,
855593,161003,6,
849599,157084,6,
868317,177001,6,
800304,163436,6,
823740,169808,6,
856202,158811,6,
883929,121705,6,
851010,157593,6,
872506,157517,6,
850533,160136,6,
816393,185056,6,
850911,157772,6,
812942,85345,-1,
835581,147664,6,
913298,162009,6,
858172,137586,6,
872781,154295,6,
871597,185239,6,
923120,170161,6,
837019,215527,6,
835702,176502,6,
837017,154170,6,
859177,143273,6,
866851,129505,6,
855852,134834,6,
924289,171369,6,
860154,113364,6,
836739,162321,6,
850775,162968,6,
884750,154317,6,
849681,125345,6,
854463,159977,6,
883567,161769,6,
848137,87922,-1,
823676,152154,6,
848135,130674,6,
844400,150812,6,
864494,136669,6,
878157,210496,-1,
851088,157432,6,
786528,104976,-1,
860106,157080,6,
861412,205239,6,
820675,168154,6,
834036,144156,6,
842907,133992,6,
846720,162060,6,
871544,144135,6,
849003,115373,6,
856753,145184,6,
839757,190518,6,
865113,161302,6,
846936,161313,6,
845802,172285,6,
844357,163402,6,
881106,105566,-1,
877835,151890,6,
839445,149778,6,
866560,165110,6,
845798,213118,6,
818668,120458,6,
831446,182864,6,
900955,185733,6,
836647,167267,6,
874672,104851,6,
849126,121710,6,
889142,154467,6,
855993,225023,6,
854095,158510,6,
850787,125678,6,
859298,139834,6,
829216,121494,6,
837676,148639,6,
851919,127963,6,
841353,125628,6,
848563,117708,6,
893106,176595,6,
852503,146551,6,
848290,143184,6,
825541,151495,6,
883231,232031,-1,
864667,143614,6,
805089,96540,-1,
854909,149938,6,
847097,176660,6,
910435,171155,6,
878749,188759,6,
871780,158486,6,
841292,155620,6,
846011,160034,6,
855969,193497,6,
860927,110775,6,
808069,134402,6,
848413,183717,6,
791722,162000,6,
852104,134678,6,
806567,140259,6,
847423,161535,6,
867993,162841,6,
828038,149181,6,
849404,170474,6,
841967,150890,6,
850945,161669,6,
888697,143969,6,
813868,188928,6,
864991,159874,6,
881109,152198,6,
811694,188374,6,
900360,153622,6,
885764,151791,6,
814553,164190,6,
895623,178393,6,
829790,205695,6,
865170,173755,6,
850453,155432,6,
864211,216526,6,
848770,111076,6,
791199,164843,6,
834165,140684,6,
843905,219401,6,
857328,143692,6,
838146,159541,6,
340693,569371,7,
315965,587160,7,
405652,622938,-1,
359831,554975,7,
349296,557688,7,
289423,559134,7,
408689,562521,7,
321312,574721,7,
286568,547471,7,
370259,585265,7,
339967,562602,7,
410917,614521,7,
283570,563726,7,
347197,591316,7,
342064,570045,7,
317331,556086,7,
335792,541310,7,
330455,568758,7,
366794,582584,7,
378697,591764,7,
339981,565418,7,
338342,566864,7,
338474,563350,7,
432052,613723,-1,
340064,550509,7,
334354,578047,7,
296775,572432,7,
353335,592567,7,
334016,562797,7,
328438,532686,7,
365927,571713,7,
343247,564376,7,
325057,581121,7,
330881,579058,7,
378648,579579,7,
339115,566863,7,
333299,597586,7,
367048,553451,7,
345840,561591,7,
366934,581294,7,
358793,547046,7,
393570,579641,7,
304399,545221,7,
353979,578923,7,
337002,589527,7,
327738,559624,7,
334549,579199,7,
297110,556485,7,
327403,548875,7,
413894,564459,7,
326043,553772,7,
337811,558454,7,
333901,532836,7,
340545,568654,7,
358483,554925,7,
318065,581616,7,
367751,578289,7,
331667,570387,7,
321519,561045,7,
299578,572052,7,
339632,536577,7,
339993,544064,7,
268672,508874,7,
332960,569308,7,
345042,566973,7,
352220,602793,7,
333934,537464,7,
312386,555195,7,
334182,558498,7,
335328,562880,7,
303637,570253,7,
353145,580916,7,
325118,556212,7,
294310,563522,7,
371563,547746,7,
373894,555347,7,
407040,577739,7,
337298,565486,7,
357813,572855,7,
304157,566007,7,
335918,566525,7,
330127,570072,7,
339212,538693,7,
357275,551101,7,
334785,565575,7,
326152,563230,7,
345903,561314,7,
238748,551038,-1,
331175,551842,7,
352520,566829,7,
341675,560197,7,
354746,552404,7,
412500,594675,7,
277027,536847,7,
322209,547247,7,
375619,553791,7,
288068,561932,7,
344770,570309,7,
284031,566654,7,
324442,567881,7,
356246,549756,7,
404420,577532,7,
336829,562228,7,
293591,522132,7,
342963,582232,7,
338860,561151,7,
324055,590810,7,
328331,541094,7,
357737,597104,7,
392534,593343,7,
298665,568245,7,
343376,575709,7,
338863,563107,7,
361370,552483,7,
338935,567577,7,
350117,535859,7,
371000,555062,7,
368617,554066,7,
331795,529654,7,
344237,573700,7,
280110,522025,7,
328657,564864,7,
452457,597461,-1,
333669,542228,7,
320628,564596,7,
316642,553340,7,
340712,563178,7,
349955,535578,7,
261538,525920,-1,
411008,607342,7,
317136,563479,7,
297022,574097,7,
319927,524637,7,
359772,568428,7,
344791,578536,7,
324093,580491,7,
373907,558472,7,
321905,573147,7,
341721,576427,7,
386373,606623,7,
338588,543875,7,
341578,558672,7,
371616,570648,7,
331987,568997,7,
341329,565571,7,
334350,556417,7,
330482,571217,7,
338950,572545,7,
289087,565427,7,
343997,585193,7,
225786,529417,-1,
365567,547606,7,
320827,519618,7,
286990,529505,7,
321517,569562,7,
388806,569524,7,
411796,581307,7,
331440,551885,7,
325958,573367,7,
348171,569251,7,
344239,530765,7,
419151,577335,7,
321309,569996,7,
386377,574187,7,
342099,561508,7,
366688,562413,7,
321657,538660,7,
403004,613466,7,
363304,553764,7,
384922,582877,7,
304556,568584,7,
336787,538925,7,
327998,571265,7,
303269,531608,7,
313649,523765,7,
337889,558031,7,
360165,553303,7,
340032,561740,7,
338634,564414,7,
351459,565704,7,
412767,593558,7,
283474,532727,7,
336928,557412,7,
366478,594677,7,
343450,570659,7,
331616,565089,7,
354529,573677,7,
276703,559740,7,
282066,560178,7,
331366,567311,7,
321910,573825,7,
290107,571927,7,
281979,518199,7,
374695,563163,7,
340191,567638,7,
338583,563529,7,
358312,559466,7,
338474,564151,7,
338205,566246,7,
342901,582886,7,
265815,540385,-1,
304086,576100,7,
347966,563506,7,
346144,560472,7,
352381,592377,7,
318681,528806,7,
369366,561201,7,
310041,533285,7,
344314,595915,7,
363956,609339,7,
328586,551385,7,
330767,552963,7,
312558,520650,7,
315850,573154,7,
379388,567285,7,
329905,579935,7,
352209,548608,7,
357679,548036,7,
339288,588052,7,
330335,568221,7,
341559,562163,7,
341925,569393,7,
327695,543105,7,
335999,549795,7,
302359,534317,7,
332586,566187,7,
330750,561657,7,
400380,588221,7,
337910,562252,7,
336549,565597,7,
343717,559909,7,
332116,594868,7,
358384,556361,7,
415881,584352,7,
345164,579614,7,
316395,537403,7,
340970,564831,7,
340383,600071,7,
326627,534442,7,
356865,545785,7,
306298,551902,7,
347575,565576,7,
302583,571881,7,
352424,557574,7,
279008,521035,7,
335029,553213,7,
338753,563384,7,
324032,577807,7,
327973,534972,7,
321924,527106,7,
345495,579864,7,
385091,599401,7,
361138,551307,7,
332884,533990,7,
269126,508814,7,
350056,566657,7,
374117,546122,7,
350283,559840,7,
335525,567445,7,
350798,535657,7,
289002,520678,7,
324516,522674,7,
364844,571623,7,
351815,574947,7,
275524,559548,7,
348773,583528,7,
308966,523409,7,
316313,570785,7,
341966,561987,7,
341446,538787,7,
318823,565345,7,
347522,587567,7,
293746,544468,7,
334983,572690,7,
325125,564342,7,
330145,546705,7,
336336,563145,7,
302353,545544,7,
321216,569834,7,
285152,520229,7,
335027,565050,7,
332270,556288,7,
341016,545280,7,
339640,561426,7,
338633,563504,7,
324952,565867,7,
353583,554147,7,
385183,556284,7,
292636,520371,7,
289176,571435,7,
310944,559497,7,
336974,563207,7,
337173,557853,7,
396903,591235,7,
324440,567074,7,
333378,557892,7,
300366,565761,7,
344437,529492,7,
325871,558965,7,
367641,556309,7,
344552,554676,7,
297212,546223,7,
355924,577596,7,
331340,524203,7,
292932,558293,7,
306346,523584,7,
341966,586266,7,
282430,560217,7,
326251,549298,7,
335201,585318,7,
351564,573155,7,
322365,530808,7,
405542,600089,7,
296763,528676,7,
221233,538472,-1,
338084,560295,7,
345674,579033,7,
325883,560492,7,
345123,577788,7,
329859,564384,7,
353939,570931,7,
409616,575024,7,
365058,545456,7,
404782,557913,-1,
368724,598412,7,
344096,575522,7,
182618,346663,8,
171461,348130,8,
186536,330019,8,
177241,292639,8,
248683,383412,-1,
174057,358906,8,
215243,289985,-1,
170688,343596,8,
144502,345417,8,
165689,356983,8,
168443,367928,8,
165158,343946,8,
159711,352701,8,
175781,341039,8,
233480,289069,-1,
189029,366740,8,
168573,350387,8,
170271,306395,8,
192775,350028,8,
152054,345632,8,
139299,314046,8,
202053,322650,8,
134695,350397,8,
159654,381778,8,
188093,324040,8,
183236,338163,8,
156984,430950,-1,
182751,435819,-1,
198908,372797,8,
198517,325721,8,
161345,350804,8,
210497,359835,8,
141993,331189,8,
170788,373545,8,
166449,363036,8,
155479,345893,8,
186380,363938,8,
129332,360811,8,
224225,376975,-1,
165945,345849,8,
223550,323197,8,
122755,434879,-1,
166584,349245,8,
179472,342273,8,
148749,359845,8,
177505,332053,8,
160222,380591,8,
178869,370161,8,
170002,370000,8,
164354,347671,8,
169966,368623,8,
145867,363616,8,
181561,358111,8,
164915,350360,8,
166973,341636,8,
153181,277968,-1,
155505,355581,8,
160835,347784,8,
211265,396792,-1,
203254,362605,8,
137967,354539,8,
174064,357989,8,
179609,408365,8,
176506,351827,8,
172879,347028,8,
180506,330980,8,
185966,359964,8,
146070,316860,8,
152957,321354,8,
163190,331719,8,
186914,361706,8,
159191,309314,8,
170425,316185,8,
162040,316797,8,
195000,354829,8,
126702,351222,8,
213064,290947,-1,
140612,350010,8,
172885,352621,8,
170155,343568,8,
186806,334070,8,
146072,288800,8,
169293,348686,8,
169502,411323,8,
152861,407965,-1,
156041,295117,8,
117585,391892,-1,
163981,344090,8,
158664,310765,8,
141113,351050,8,
163796,345091,8,
160369,353500,8,
235671,300234,-1,
140876,334435,8,
108232,373112,-1,
192460,388323,8,
133744,308918,8,
216209,437830,-1,
156945,339397,8,
199859,316334,8,
159496,331641,8,
167845,341409,8,
182435,365508,8,
133795,360518,8,
169628,365003,8,
167262,399527,8,
177728,352687,8,
130683,363204,8,
198197,344933,8,
197735,355477,8,
172020,342883,8,
185561,342784,8,
202011,337353,8,
157394,346500,8,
182050,424341,-1,
129664,341196,8,
173188,355248,8,
182499,310438,8,
170384,339979,8,
182093,321311,8,
185696,338006,8,
102221,374657,-1,
165881,364469,8,
164875,349007,8,
159120,340829,8,
168274,374689,8,
178495,373915,8,
179811,342089,8,
162606,363185,8,
173908,362098,8,
133580,348602,8,
190634,357254,8,
186503,369651,8,
127134,379827,-1,
169145,355279,8,
140121,346875,8,
141860,324304,8,
200251,306215,8,
174373,363552,8,
170022,347877,8,
165657,338722,8,
186361,351075,8,
213022,338238,8,
155228,357729,8,
171614,435530,-1,
175586,365049,8,
187858,381077,8,
171074,293610,8,
153738,360530,8,
199043,270173,-1,
165886,348709,8,
159428,300364,8,
197463,378513,8,
161273,347538,8,
186082,330058,8,
143732,279724,-1,
142899,329415,8,
156977,424622,-1,
174878,362329,8,
148915,338914,8,
187324,377187,8,
175766,380534,8,
185071,362905,8,
158550,354818,8,
174672,345849,8,
169880,343122,8,
109090,326101,8,
187854,354777,8,
153903,353738,8,
190241,329582,8,
102983,382712,-1,
143117,345163,8,
188985,367645,8,
174834,411644,8,
144228,344974,8,
146821,297434,8,
171848,343242,8,
94382,320888,-1,
154412,310120,8,
176490,344679,8,
170616,352610,8,
81648,360080,-1,
153607,379395,8,
183970,355973,8,
105444,361358,-1,
158571,361986,8,
177579,319865,8,
198892,322470,8,
216975,296647,-1,
166654,350678,8,
189102,333074,8,
198712,303299,8,
137098,384889,8,
144306,328086,8,
142455,343512,8,
178319,318244,8,
168886,353913,8,
174656,393278,8,
130805,354417,8,
176433,350561,8,
142252,329183,8,
165476,377389,8,
210102,333312,8,
129453,321221,8,
144705,375936,8,
206687,342276,8,
153583,352282,8,
189499,356601,8,
159392,351000,8,
181463,326571,8,
162975,335389,8,
157691,334886,8,
154167,353183,8,
165607,362883,8,
182239,333302,8,
176982,354631,8,
183516,374212,8,
191099,341570,8,
184570,360446,8,
207804,354938,8,
198493,326704,8,
149269,341445,8,
184798,392233,8,
174438,319075,8,
107124,325984,-1,
76052,360840,-1,
159302,337993,8,
140101,341028,8,
168149,345638,8,
150009,371014,8,
157193,350343,8,
111476,358647,8,
151164,332239,8,
171318,373473,8,
175169,349454,8,
162600,392531,8,
168067,340249,8,
170102,323164,8,
124132,340448,8,
149863,284721,8,
168079,347343,8,
128953,304971,8,
169228,364545,8,
198415,321418,8,
183610,321788,8,
220869,407358,-1,
159472,372246,8,
170837,353968,8,
165653,317602,8,
135537,356169,8,
166973,334724,8,
158750,312102,8,
161448,373412,8,
158713,379013,8,
180493,319750,8,
125715,302114,-1,
194033,340466,8,
158871,312380,8,
161387,343617,8,
169121,347594,8,
167653,352074,8,
125902,318850,8,
217686,296514,-1,
171986,429306,-1,
211360,279794,-1,
157181,346842,8,
188909,341194,8,
140128,325904,8,
117874,389929,-1,
162921,317643,8,
173978,346514,8,
98533,355691,-1,
194956,372256,8,
164847,287064,8,
174410,372064,8,
149092,352682,8,
166323,352927,8,
178515,370287,8,
169337,348605,8,
122986,334382,8,
145282,391482,8,
185919,363092,8,
180519,368284,8,
181227,347052,8,
168284,309036,8,
198251,335402,8,
160922,347681,8,
141861,328909,8,
147911,328024,8,
178264,330827,8,
178235,346006,8,
195151,317753,8,
122360,357480,8,
167330,332452,8,
115363,305575,-1,
185661,404482,8,
177858,352255,8,
113068,317574,8,
125675,360158,8,
172842,351663,8,
124724,459999,-1,
169069,348929,8,
185253,344152,8,
155625,262321,-1,
158201,315944,8,
171277,361020,8,
209553,326461,8,
160165,362858,8,
190725,336160,8,
169994,409806,8,
179463,361279,8,
172662,388185,8,
165284,425978,-1,
160206,303063,8,
155690,368375,8,
124516,325289,8,
179326,321160,8,
165573,305517,8,
155508,372355,8,
166799,318482,8,
161780,324523,8,
168805,351913,8,
206519,355629,8,
163091,350167,8,
176144,353300,8,
179483,359645,8,
213951,352868,8,
164046,346109,8,
169569,346955,8,
225356,318394,-1,
214966,358837,8,
159253,343477,8,
219779,330969,8,
169876,340860,8,
669118,354195,-1,
613682,399434,9,
617399,392653,9,
629247,364078,9,
641070,424917,9,
609532,388425,9,
629369,398359,9,
605911,379990,9,
622550,391601,9,
607905,403460,9,
679465,399014,9,
608711,373665,9,
623498,399288,9,
601212,370698,9,
574989,407228,9,
563517,391159,9,
687717,379483,-1,
616040,330855,-1,
653024,367312,9,
607440,403119,9,
620240,397022,9,
599215,391457,9,
587478,424878,9,
613921,394043,9,
624328,392133,9,
635887,384511,9,
559877,401053,9,
617755,401065,9,
693265,388552,-1,
559933,403956,9,
655859,416496,9,
625919,402984,9,
595215,391491,9,
617493,379303,9,
598657,442558,9,
601644,436831,9,
617118,374098,9,
591051,389443,9,
617296,386864,9,
616468,394118,9,
630384,376295,9,
558770,390646,9,
637332,414017,9,
556780,409205,9,
577473,384210,9,
650054,432740,9,
595063,328609,-1,
714443,433876,-1,
603566,410391,9,
562356,383175,9,
546166,423311,-1,
626539,394908,9,
663820,416308,9,
710910,464586,-1,
624310,398408,9,
632546,389750,9,
667249,417107,9,
608309,377530,9,
611357,393577,9,
658219,436184,9,
615032,402225,9,
628131,406850,9,
632390,363198,9,
575116,345564,-1,
625784,441883,9,
618893,419740,9,
579564,428498,9,
686324,364237,-1,
586242,396484,9,
623248,399928,9,
609219,362804,9,
537211,376777,-1,
605310,394011,9,
634973,450542,9,
595411,413706,9,
613037,419086,9,
617444,397675,9,
633304,366062,9,
592620,446156,9,
631633,337973,9,
619637,395224,9,
620330,398630,9,
621964,409409,9,
618446,372298,9,
629789,426313,9,
608687,374928,9,
680646,375662,-1,
591831,438997,9,
550086,442382,-1,
620330,396776,9,
551236,401856,9,
617178,414525,9,
584938,344365,-1,
622636,456843,9,
649987,408293,9,
613719,382828,9,
576987,392508,9,
599766,409755,9,
584077,398498,9,
695514,321521,-1,
561388,355834,-1,
691600,397893,-1,
610676,449688,9,
600114,413216,9,
626811,372435,9,
636291,360636,9,
570384,393553,9,
626700,401688,9,
624106,398619,9,
523329,404632,-1,
611954,360938,9,
613536,395801,9,
576488,397913,9,
652745,406585,9,
603193,371867,9,
610026,444858,9,
629725,405117,9,
648429,422590,9,
562772,382904,9,
638823,411764,9,
617764,397102,9,
579922,379009,9,
610698,396326,9,
642607,374702,9,
621629,397208,9,
659321,404555,9,
576235,462612,-1,
598628,425191,9,
623502,420376,9,
665965,449273,-1,
608923,385575,9,
611579,407670,9,
617573,386848,9,
589862,418742,9,
653325,396810,9,
605073,372055,9,
623137,408209,9,
499262,398424,-1,
619339,401624,9,
619295,397643,9,
578878,420108,9,
533577,355107,-1,
615934,426539,9,
690195,475150,-1,
673514,390760,9,
657120,386782,9,
549945,372313,-1,
675858,410545,9,
626586,415166,9,
618449,404599,9,
638783,399478,9,
578113,395458,9,
622557,361134,9,
635324,420555,9,
666135,430421,9,
689725,465685,-1,
593601,445149,9,
615094,383077,9,
624599,417673,9,
573969,434110,9,
642881,403147,9,
634383,422065,9,
582389,428200,9,
617330,369828,9,
621989,394856,9,
651828,468138,-1,
612936,398723,9,
613351,407952,9,
562777,437516,9,
533212,366954,-1,
618113,400002,9,
609344,448128,9,
615342,413931,9,
623989,368662,9,
620187,400168,9,
687638,439257,-1,
573925,449341,9,
547270,403384,9,
619318,361696,9,
588432,446279,9,
592924,393730,9,
615325,383841,9,
611875,422910,9,
681941,370225,-1,
620818,396967,9,
662154,385013,9,
554938,347875,-1,
628655,321099,-1,
619628,399433,9,
660333,393215,9,
618391,348381,9,
565829,395454,9,
617689,397001,9,
604554,393193,9,
572417,403906,9,
659193,384523,9,
632060,367800,9,
633894,404424,9,
620610,395343,9,
615175,397627,9,
624293,333944,9,
593689,316888,-1,
617319,374666,9,
572244,349463,-1,
619239,400025,9,
621622,390298,9,
622101,371771,9,
630205,338054,9,
654147,407182,9,
637594,420311,9,
629004,392271,9,
585207,336451,-1,
618349,397614,9,
650157,402991,9,
638966,486628,-1,
655201,411873,9,
602335,433298,9,
630706,388370,9,
617428,397343,9,
621537,390372,9,
631365,450732,9,
618406,404239,9,
601390,453925,9,
603945,361794,9,
619427,396945,9,
660103,414557,9,
700340,335010,-1,
608182,416637,9,
661166,404325,9,
620939,385731,9,
626371,349696,9,
614683,367259,9,
619332,401992,9,
587453,401098,9,
652349,321291,-1,
617954,395504,9,
636807,424537,9,
533889,333741,-1,
623386,387031,9,
632952,385722,9,
695010,449565,-1,
626843,367696,9,
488205,420586,-1,
611547,411952,9,
621241,368090,9,
581240,362971,9,
608747,363132,9,
662177,420431,9,
615665,405490,9,
617447,366176,9,
560393,389490,9,
685785,409913,-1,
623433,400160,9,
609091,437020,9,
624343,403629,9,
668879,388617,9,
567105,437623,9,
657450,365008,9,
591955,378142,9,
588952,437524,9,
607665,447516,9,
608601,418450,9,
662830,420955,9,
605891,428146,9,
615239,317684,-1,
588933,366439,9,
618053,357534,9,
577773,434308,9,
606558,458285,9,
620955,389692,9,
738190,371970,-1,
634661,446187,9,
571692,449353,9,
605650,447537,9,
639502,371440,9,
684568,380640,9,
658735,399039,9,
618157,384990,9,
618869,398187,9,
603388,403039,9,
585255,415823,9,
639507,438534,9,
594112,399331,9,
619475,400592,9,
571570,375257,9,
659297,373975,9,
603285,449307,9,
610199,394579,9,
590500,418472,9,
630904,404643,9,
591725,406549,9,
621560,397789,9,
563182,367521,9,
593879,444161,9,
616054,371666,9,
627679,395601,9,
608195,447380,9,
616737,397973,9,
650120,324477,-1,
616926,398697,9,
650859,460072,-1,
642157,345545,9,
601369,411415,9,
604703,392288,9,
721905,378957,-1,
619415,397644,9,
571043,347389,-1,
659191,459637,-1,
629978,400626,9,
688487,383589,-1,
598053,438963,9,
635242,356290,9,
605899,412428,9,
656642,407213,9,
619924,406713,9,
630067,372798,9,
600007,377908,9,
589164,386733,9,
630491,379017,9,
618676,377015,9,
639613,388524,9,
669409,415893,9,
681608,436537,-1,
649968,371445,9,
629000,417990,9,
658884,390135,9,
605407,427914,9,
629891,414975,9,
621778,364695,9,
610722,418243,9,
601599,388540,9,
615649,429323,9,
627206,402647,9,
643965,366316,9,
614877,402442,9,
606486,420054,9,
668482,358452,-1,
628715,434772,9,
196462,887983,10,
335970,846828,-1,
272394,837600,10,
211165,825505,10,
226433,837646,10,
219686,859997,10,
242087,844255,10,
213558,873714,10,
245144,845719,10,
247997,878582,10,
283576,809069,10,
224676,859348,10,
298214,820903,10,
245468,859425,10,
222704,824909,10,
250921,819639,10,
249209,801933,10,
230591,874855,10,
234091,876039,10,
286769,862152,10,
224789,866804,10,
245023,849247,10,
263626,851699,10,
250198,825417,10,
231263,863308,10,
307605,840195,10,
276635,875623,10,
230399,842538,10,
274070,798617,10,
247939,831010,10,
209922,850026,10,
300726,862728,10,
222727,770963,-1,
239505,885057,10,
291561,845450,10,
221122,832810,10,
194258,914691,-1,
228928,855040,10,
264627,808661,10,
225916,843329,10,
240221,843932,10,
276600,823311,10,
204854,810013,10,
278326,829095,10,
246047,846189,10,
251032,876118,10,
285258,848668,10,
260943,889692,10,
245928,867228,10,
221002,870506,10,
292872,896822,-1,
261896,897475,10,
269723,849664,10,
243941,843256,10,
249370,872804,10,
237120,856814,10,
257472,849587,10,
253703,834676,10,
238080,830689,10,
225991,869734,10,
231781,799444,10,
296892,901182,-1,
234604,822462,10,
241473,860854,10,
219864,842635,10,
235901,856563,10,
207217,878249,10,
256949,820470,10,
204597,863162,10,
325275,866433,-1,
239344,814789,10,
187894,871219,10,
259973,862559,10,
189752,865463,10,
245707,844466,10,
188480,870646,10,
305915,854818,10,
242443,851797,10,
227138,824372,10,
229970,878786,10,
281971,825246,10,
241166,845204,10,
225846,874086,10,
284077,905181,-1,
258975,837353,10,
241972,840749,10,
245602,857160,10,
227363,836593,10,
257926,936947,-1,
237689,839510,10,
267799,847911,10,
207552,772091,-1,
201567,881003,10,
265125,820661,10,
273165,852766,10,
290210,818593,10,
256487,868899,10,
271395,862063,10,
251958,886571,10,
249253,856047,10,
268289,878265,10,
295375,861990,10,
256316,818886,10,
246470,842932,10,
314666,849163,10,
298979,774144,-1,
192885,887667,-1,
227819,900986,10,
250003,859517,10,
249857,844975,10,
218369,851387,10,
252586,806474,10,
283017,850861,10,
228095,843338,10,
266980,825990,10,
241381,844402,10,
294053,878220,10,
253339,750941,-1,
241413,845029,10,
294326,807584,10,
257856,846423,10,
248210,886338,10,
216846,737568,-1,
244743,830888,10,
277055,860813,10,
279923,805957,10,
235041,823732,10,
238524,842928,10,
246453,883061,10,
260590,827955,10,
274554,845338,10,
245254,907991,10,
299821,866288,10,
261120,804153,10,
246729,879602,10,
240308,844341,10,
220620,819091,10,
268926,813783,10,
234219,845270,10,
188424,849785,10,
240171,843940,10,
163766,859386,-1,
191257,802651,-1,
224852,934148,-1,
261093,844962,10,
228711,848090,10,
183478,851724,10,
201080,823689,10,
118590,857150,-1,
264798,767716,-1,
313609,860065,10,
232246,844226,10,
237757,834092,10,
222682,806314,10,
243331,844022,10,
197362,870337,10,
229857,843917,10,
244257,776516,-1,
224083,852922,10,
309399,838744,10,
271205,817620,10,
242247,864253,10,
235337,831592,10,
232357,810798,10,
252199,828023,10,
267049,950249,-1,
245678,821691,10,
241138,844374,10,
246182,840370,10,
264175,824349,10,
266977,887963,10,
274685,883097,10,
244260,847060,10,
256073,917590,10,
258416,835432,10,
241687,844256,10,
282603,846165,10,
228032,893055,10,
226949,889283,10,
264274,813041,10,
139601,914203,-1,
229131,842806,10,
236274,861302,10,
261819,863523,10,
200005,825237,10,
310591,841778,10,
244049,817710,10,
235022,911236,-1,
256512,837094,10,
236495,861569,10,
256889,880721,10,
258528,856273,10,
233284,860085,10,
257480,849037,10,
269354,811847,10,
222445,891438,10,
222356,840843,10,
236207,886769,10,
174371,864697,10,
159683,838958,-1,
237750,837381,10,
241545,838673,10,
256082,831969,10,
246468,838071,10,
205919,844377,10,
266111,813259,10,
244246,847589,10,
244899,812192,10,
219316,898830,10,
251866,864044,10,
238308,790723,10,
209264,836661,10,
242519,845811,10,
351883,890475,-1,
278929,842054,10,
244027,850132,10,
248570,843156,10,
224681,858432,10,
210276,824826,10,
220884,916718,-1,
240846,841609,10,
257093,801567,10,
236749,813868,10,
332237,911313,-1,
288954,846991,10,
238084,844799,10,
236431,844100,10,
299772,828655,10,
241633,846949,10,
230107,858332,10,
256216,903741,10,
258135,880184,10,
232331,872896,10,
183583,787453,-1,
264293,890923,10,
213208,833959,10,
224288,931476,-1,
261622,869706,10,
297183,841456,10,
241849,815141,10,
308616,811021,-1,
220931,876605,10,
289719,866638,10,
233931,838374,10,
224694,848663,10,
240645,855514,10,
229567,855332,10,
247613,815836,10,
239387,847822,10,
257788,880587,10,
245532,846331,10,
224241,828996,10,
227582,856861,10,
244618,845420,10,
213775,841758,10,
243511,830743,10,
244799,841688,10,
216061,848623,10,
294492,832336,10,
248931,844960,10,
267478,894783,10,
228715,837572,10,
269483,848608,10,
248276,844455,10,
236987,881080,10,
223732,826580,10,
230149,886583,10,
265299,859533,10,
181803,799487,-1,
247210,859012,10,
261633,773355,-1,
262370,891499,10,
250394,847577,10,
222019,839774,10,
238328,770068,-1,
208941,860169,10,
238714,858826,10,
241005,825301,10,
270742,847836,10,
238492,833394,10,
312726,853829,10,
286663,846902,10,
261796,819395,10,
253890,807676,10,
242415,844335,10,
134134,842630,-1,
163956,833732,-1,
250359,849451,10,
295357,842293,10,
218942,848326,10,
205466,778884,-1,
253899,862843,10,
244966,841126,10,
208494,850615,10,
221126,837878,10,
271093,861412,10,
216543,842952,10,
255185,825960,10,
251070,877802,10,
264565,859237,10,
228611,836717,10,
228517,837056,10,
198583,860431,10,
215976,836025,10,
254411,848090,10,
168036,807011,-1,
292194,906490,-1,
243951,865415,10,
260922,785987,10,
245740,814541,10,
317675,838127,10,
274505,864723,10,
230049,865536,10,
235084,818866,10,
172690,847721,-1,
221706,875060,10,
236740,853169,10,
298800,824277,10,
265246,889333,10,
219498,851932,10,
247484,846372,10,
288675,919879,-1,
229280,813483,10,
282622,879222,10,
307300,836132,10,
238260,882489,10,
219049,825171,10,
219321,848396,10,
240028,849354,10,
212009,864463,10,
246857,852483,10,
245118,811283,10,
247855,794626,10,
253655,821946,10,
241475,850889,10,
210162,860529,10,
204922,854068,10,
225567,853078,10,
245258,799882,10,
257134,845851,10,
187314,815820,10,
294275,174786,11,
329428,66056,-1,
325938,164475,11,
253129,154296,11,
319838,170383,11,
240213,118409,-1,
283784,178305,11,
376613,159699,11,
338717,181582,11,
304283,183656,11,
314519,146787,11,
270899,175377,11,
291228,101272,11,
291170,110147,11,
321522,163852,11,
202627,179376,-1,
307913,91419,11,
311093,169734,11,
321775,164846,11,
294832,124284,11,
295537,91032,11,
383044,180418,-1,
338570,192256,11,
337894,175289,11,
359796,165920,11,
316263,163806,11,
320972,170417,11,
277860,111893,11,
367806,123963,-1,
359352,162962,11,
350964,149159,11,
332201,181702,11,
287966,150135,11,
346942,152780,11,
232784,169847,-1,
292492,99170,11,
334529,166765,11,
363208,238649,11,
196795,190277,-1,
353333,113156,-1,
373191,88470,-1,
333789,151168,11,
339732,163158,11,
321822,187102,11,
276792,141848,11,
308044,164482,11,
311328,159477,11,
383052,89061,-1,
316820,150304,11,
314479,178821,11,
310824,144943,11,
333143,200298,11,
300672,175844,11,
339482,151261,11,
319208,164182,11,
321645,164662,11,
308763,166511,11,
308066,145825,11,
360143,155270,11,
348893,195430,11,
319283,158983,11,
332284,194186,11,
292402,184441,11,
361227,221878,11,
313573,109221,11,
310693,154278,11,
344482,215846,11,
358652,186358,11,
330533,214555,11,
320400,160020,11,
267662,127175,-1,
396583,82842,-1,
292193,125417,11,
324121,96346,11,
321344,166633,11,
234837,151054,-1,
368060,76739,-1,
347050,150472,11,
245783,109229,-1,
400550,144359,-1,
343217,153037,11,
315488,160339,11,
347406,155708,11,
336845,172750,11,
357014,148222,11,
331862,169092,11,
322140,165212,11,
363075,162238,11,
318738,182134,11,
346717,178180,11,
311819,140674,11,
332032,157725,11,
301983,173386,11,
321556,163352,11,
315830,102777,11,
312275,145173,11,
325861,203058,11,
360703,150999,11,
345976,148333,11,
320210,191459,11,
318665,158107,11,
425563,163524,-1,
264427,188193,11,
348177,179526,11,
265430,151883,11,
320718,158610,11,
380609,185976,11,
345234,188822,11,
362027,150348,11,
300294,178772,11,
315963,174031,11,
333787,189423,11,
337343,156614,11,
334812,137431,11,
347492,153416,11,
324518,167369,11,
353991,193997,11,
274321,219665,-1,
335476,183897,11,
300021,159185,11,
384591,137729,11,
320000,162605,11,
268938,211870,-1,
366146,196571,11,
356280,185198,11,
325767,164095,11,
350480,214608,11,
314791,163370,11,
302582,134124,11,
328851,147002,11,
347039,195468,11,
289531,145743,11,
343018,239960,-1,
271123,163465,11,
326959,154655,11,
332307,189590,11,
310529,141617,11,
380281,205779,-1,
411606,137378,-1,
348191,165419,11,
305292,175260,11,
256120,141529,11,
390934,170420,-1,
358562,112650,-1,
355499,224982,11,
363437,77975,-1,
232043,177614,-1,
246753,175170,-1,
327204,152871,11,
371685,151612,11,
291723,177824,11,
324488,180658,11,
340048,131847,11,
295311,115000,11,
239495,163949,-1,
267521,119941,-1,
401396,125431,-1,
260930,184935,11,
336085,170252,11,
291782,159562,11,
307616,207295,11,
352910,145624,11,
294653,104623,11,
372883,222824,-1,
318707,160697,11,
281548,175184,11,
307747,128551,11,
336991,217448,11,
270233,195701,11,
433100,134861,-1,
311433,134432,11,
375353,117180,-1,
315146,160782,11,
311163,166821,11,
305333,171939,11,
332470,161202,11,
302266,185591,11,
370775,144355,11,
314552,151035,11,
343145,172236,11,
331212,162496,11,
299460,144708,11,
383894,179880,-1,
345703,149860,11,
331381,162660,11,
344364,213940,11,
378347,144880,11,
322789,137560,11,
328425,159826,11,
341137,78287,-1,
317771,154916,11,
336266,148507,11,
342066,119083,11,
297177,88467,11,
280519,165350,11,
305901,166656,11,
284757,175853,11,
281732,221764,-1,
321262,178491,11,
344710,213543,11,
311408,168232,11,
356500,188114,11,
304376,222294,-1,
278116,185472,11,
247892,115217,-1,
306326,164202,11,
311516,94189,11,
323747,163351,11,
321778,158339,11,
309501,166931,11,
333942,143344,11,
339393,209145,11,
340996,170964,11,
315333,144566,11,
332853,168141,11,
290958,168323,11,
297731,175876,11,
280274,182662,11,
306540,193434,11,
319155,159850,11,
355168,114823,-1,
270201,236813,-1,
347630,120931,11,
446538,180119,13,
371052,147369,11,
403365,215735,-1,
258201,153095,11,
335121,214149,11,
283786,133973,11,
353951,133923,11,
345069,165968,11,
367079,183232,11,
363932,228249,11,
354132,161850,11,
390538,157197,11,
333805,148479,11,
325344,159885,11,
323905,168029,11,
274495,182470,11,
309684,150076,11,
381617,157000,11,
322841,169735,11,
359520,132845,11,
249616,144446,11,
321620,169950,11,
415495,116126,-1,
335742,196692,11,
271424,251323,-1,
340066,152500,11,
327734,163585,11,
346079,220993,11,
276741,143844,11,
377042,182019,11,
400055,131725,-1,
332246,172932,11,
310386,171068,11,
327569,158418,11,
324444,166910,11,
317217,163896,11,
270404,183080,11,
277512,151920,11,
324966,170021,11,
306421,145493,11,
382419,110392,-1,
318266,171979,11,
321245,141627,11,
318192,170844,11,
320821,165455,11,
329029,204399,11,
311065,219934,-1,
287127,192494,11,
283571,109326,11,
308748,199866,11,
369490,164369,11,
270729,67329,-1,
279010,181792,11,
282957,179982,11,
308489,145929,11,
327927,168535,11,
327022,161396,11,
376557,109320,-1,
248427,146381,11,
321182,150806,11,
312337,154488,11,
268518,181514,11,
285865,167818,11,
279251,184486,11,
306042,66361,-1,
318215,180010,11,
293978,197091,11,
338044,233264,11,
293864,241877,-1,
344380,183817,11,
316257,171544,11,
248779,111087,-1,
313783,177198,11,
415534,110526,-1,
296164,96874,11,
315670,160928,11,
339137,160334,11,
290700,196285,11,
307107,174760,11,
325279,168587,11,
328423,161604,11,
333883,276840,-1,
308555,134011,11,
322101,164171,11,
306357,123397,11,
292931,125341,11,
284378,223470,-1,
335003,151395,11,
267212,158699,11,
343851,193618,11,
296627,93375,11,
334980,143900,11,
335235,180161,11,
360945,167952,11,
257841,193878,11,
275288,212315,-1,
331798,143962,11,
333937,51121,-1,
328775,156501,11,
319829,168353,11,
293201,192871,11,
327608,177638,11,
332562,174699,11,
348815,150017,11,
312227,159417,11,
324337,162686,11,
323329,93955,11,
291973,127483,11,
258779,106777,-1,
325360,134919,11,
267264,153034,11,
312421,170617,11,
293350,175997,11,
275459,190178,11,
244344,185382,-1,
252845,181181,11,
357923,192120,11,
382720,263255,-1,
326040,156509,11,
165104,543395,12,
139903,592241,12,
132705,557674,12,
114311,601605,12,
102460,533057,12,
185935,554627,12,
123441,594415,12,
97216,564094,12,
110948,539533,12,
101553,517715,12,
133023,574572,12,
144570,573936,12,
136531,557658,12,
173576,507309,12,
179189,536028,12,
141238,557986,12,
156430,615117,12,
69169,631490,-1,
31842,565765,-1,
144620,575370,12,
155899,561715,12,
137451,555339,12,
68388,574380,-1,
166290,521714,12,
210499,526471,-1,
148319,584541,12,
135336,552552,12,
136606,562296,12,
136301,569544,12,
119386,620549,12,
139212,557713,12,
84501,604671,12,
176602,574552,12,
105945,528795,12,
140989,537156,12,
138449,555969,12,
128669,574591,12,
95749,602775,12,
139460,557260,12,
130440,562623,12,
147885,527813,12,
58190,608304,-1,
151701,574146,12,
148385,538149,12,
142668,544976,12,
145251,553486,12,
142265,546135,12,
202913,525966,12,
192564,547558,12,
179240,577011,12,
182840,584262,12,
144242,557674,12,
135849,550612,12,
101427,615890,12,
143265,548387,12,
112379,547679,12,
137347,622867,12,
139146,569516,12,
125756,579609,12,
77109,512651,-1,
138073,556272,12,
202547,601240,12,
19835,570290,-1,
118137,579149,12,
201324,574588,12,
113259,568684,12,
139052,610320,12,
177246,571940,12,
107972,601191,12,
138199,541774,12,
220156,589643,12,
137787,566189,12,
138122,557230,12,
93136,613387,12,
154620,576738,12,
131523,568207,12,
136967,565662,12,
142886,556511,12,
125005,540340,12,
138965,558201,12,
139474,569485,12,
171471,576787,12,
157138,565993,12,
198294,552987,12,
136078,547418,12,
140164,531093,12,
156003,502860,12,
67867,545392,-1,
133780,533275,12,
116142,550919,12,
148510,579793,12,
179224,584189,12,
149906,546909,12,
29760,557873,-1,
115287,602637,12,
206561,574789,12,
108651,521409,12,
115905,560139,12,
127373,549518,12,
141699,530028,12,
141641,557376,12,
111855,531542,12,
136580,553967,12,
137516,556818,12,
179793,483378,-1,
105568,584102,12,
125840,520239,12,
117212,565692,12,
140717,554093,12,
139033,593287,12,
172882,571145,12,
104862,608089,12,
158366,537970,12,
138525,534268,12,
69565,599820,-1,
94571,528963,12,
153185,562792,12,
147599,513563,12,
223226,546198,-1,
143879,536650,12,
151099,518008,12,
109317,531425,12,
127202,525948,12,
137740,618961,12,
138734,557713,12,
109912,565003,12,
158060,525533,12,
260096,530550,-1,
134449,557556,12,
121650,599844,12,
188992,563992,12,
207218,589497,12,
179830,547383,12,
152331,529689,12,
112184,530469,12,
166904,503121,12,
183026,545377,12,
152658,569277,12,
172116,513383,12,
95899,530846,12,
144325,538991,12,
166597,572855,12,
105193,596017,12,
166840,562425,12,
117089,561455,12,
141718,549576,12,
117959,536156,12,
125351,529954,12,
140706,547367,12,
138012,558263,12,
135284,555664,12,
142663,556520,12,
112673,516997,12,
137657,611252,12,
119237,591137,12,
186380,487625,-1,
113099,546732,12,
176278,550602,12,
158773,588778,12,
140962,518168,12,
144856,551807,12,
155943,576199,12,
152584,564548,12,
165356,570715,12,
127858,609681,12,
257984,555707,-1,
149758,564768,12,
129550,560106,12,
159271,568953,12,
151374,538387,12,
129030,588495,12,
155430,549012,12,
172756,612694,-1,
93459,514032,12,
99569,523174,12,
148080,544056,12,
169322,577938,12,
173847,514665,12,
136418,562926,12,
140047,540043,12,
74519,527539,-1,
146681,562995,12,
110877,562558,12,
95071,503965,12,
136232,576477,12,
146120,576624,12,
259173,548593,-1,
107965,535173,12,
103153,601002,12,
158283,570550,12,
206219,604081,12,
116492,509399,12,
97430,598804,12,
193275,538687,12,
116860,550810,12,
179834,541387,12,
143226,522375,12,
111174,539350,12,
94933,588147,12,
139434,557410,12,
131532,536658,12,
38179,532155,-1,
113321,606322,12,
123905,508486,12,
201753,569116,12,
206660,575002,12,
138884,529162,12,
139636,565984,12,
110479,594587,12,
76253,529394,-1,
160280,493497,12,
161475,587507,12,
149054,556986,12,
223408,520131,-1,
158596,562634,12,
141991,539522,12,
137172,523482,12,
161154,538355,12,
130157,581286,12,
142000,554964,12,
86243,559135,12,
130883,557824,12,
127964,538935,12,
122130,568886,12,
210597,589836,12,
139847,552015,12,
147664,559632,12,
167716,562762,12,
130657,555545,12,
165382,518876,12,
221994,575146,12,
87236,607429,12,
154268,542573,12,
197367,535989,12,
133094,557996,12,
155274,552551,12,
139911,561185,12,
146924,565933,12,
146183,622188,12,
176092,531921,12,
184402,546549,12,
139641,557503,12,
170816,547069,12,
156474,570384,12,
146678,558942,12,
136569,532130,12,
162124,500069,12,
127503,623654,12,
182854,534283,12,
141222,572556,12,
177665,557923,12,
201907,516078,-1,
130249,579307,12,
166560,559687,12,
138220,560056,12,
134725,537440,12,
127940,590467,12,
143592,606949,12,
64979,538104,-1,
94061,576129,12,
79285,554817,-1,
103192,550021,12,
198823,538624,12,
145758,562414,12,
211584,591058,12,
139451,549580,12,
220224,592068,12,
150404,539885,12,
142767,538646,12,
143912,595772,12,
184412,537050,12,
55359,623076,-1,
137197,556522,12,
138461,558771,12,
80673,566893,12,
203667,577260,12,
94249,600812,12,
145244,561042,12,
94458,533883,12,
130201,562734,12,
98675,580608,12,
134422,544300,12,
141771,551655,12,
141924,558399,12,
137316,562151,12,
143363,551365,12,
197849,575524,12,
134261,519275,12,
129997,568115,12,
170494,560892,12,
164453,544085,12,
128788,546091,12,
88703,577217,12,
131109,568012,12,
95074,570002,12,
232047,522748,-1,
125548,552424,12,
142563,560090,12,
118391,553625,12,
132497,593125,12,
162713,586568,12,
122296,566921,12,
56907,586609,-1,
48143,523870,-1,
104489,542515,12,
130582,565948,12,
180633,570302,12,
241485,523039,-1,
178005,594957,12,
211266,534538,12,
137680,555667,12,
144401,565666,12,
101722,535117,12,
115781,594942,12,
107160,530936,12,
139978,587153,12,
179931,536588,12,
105353,589239,12,
119496,543146,12,
142575,517378,12,
76661,531044,-1,
137699,556769,12,
154964,554923,12,
142516,559062,12,
98525,579761,12,
163925,576666,12,
153326,558408,12,
262846,559590,7,
102898,592834,12,
138349,554238,12,
193502,557364,12,
202175,495076,-1,
154162,536416,12,
77875,516899,-1,
163477,561507,12,
131874,552586,12,
120357,560737,12,
119535,551857,12,
114108,540537,12,
136059,558213,12,
121786,564225,12,
233105,591646,12,
149760,577278,12,
139237,548782,12,
34795,606311,-1,
147663,555514,12,
108512,525986,12,
509279,180548,13,
495165,163113,13,
474652,193224,13,
507786,199578,13,
566666,195255,13,
506012,178372,13,
541435,206637,13,
507311,177795,13,
461701,188438,13,
506069,169723,13,
477155,161019,13,
505044,180646,13,
467697,168082,13,
511868,170991,13,
500225,177559,13,
460616,174810,13,
573755,218049,13,
543616,144788,13,
509804,175714,13,
542311,161882,13,
475944,189337,13,
517750,199025,13,
520952,169184,13,
559076,190770,13,
416763,96639,-1,
549384,208450,13,
549147,171454,13,
520880,200955,13,
484348,202813,13,
487472,166999,13,
504728,174541,13,
465734,114090,-1,
570266,188032,13,
505584,176135,13,
514739,189624,13,
500589,181466,13,
504096,192493,13,
553118,165472,13,
502511,205121,13,
551798,221411,13,
502737,174437,13,
513181,177419,13,
513010,141058,13,
535564,177248,13,
514551,176526,13,
450030,169537,13,
521152,152439,13,
505512,203857,13,
509928,184873,13,
490271,216725,13,
529931,180136,13,
508228,220433,13,
534461,178056,13,
508551,174306,13,
545365,210090,13,
510414,142485,13,
507895,177445,13,
506288,177990,13,
512560,224816,13,
454160,102568,-1,
437116,148591,-1,
519003,160741,13,
509173,178051,13,
507674,147431,13,
513562,229098,13,
473361,185066,13,
517580,170329,13,
509285,174620,13,
510496,174308,13,
438860,114065,-1,
534702,244239,-1,
504755,150226,13,
474135,199330,13,
508907,173787,13,
509651,149290,13,
490956,124550,13,
499637,194036,13,
515856,148316,13,
482568,159010,13,
522728,184704,13,
493070,189771,13,
483807,198925,13,
469656,153741,13,
470041,102049,-1,
576965,187481,13,
515230,149567,13,
469470,189347,13,
484678,123623,13,
509554,186931,13,
480787,147737,13,
523036,123677,13,
508144,167733,13,
515450,173220,13,
489378,172861,13,
497406,125809,13,
514173,139330,13,
520809,176718,13,
499009,205823,13,
509773,148899,13,
505117,141877,13,
494698,176711,13,
501334,163002,13,
502500,176532,13,
546565,151576,13,
520878,209094,13,
486891,175164,13,
512241,169240,13,
569692,182365,13,
491382,122267,13,
457033,127590,-1,
535453,200970,13,
436641,55171,-1,
520845,176291,13,
496130,178113,13,
507473,227670,13,
507092,175151,13,
493714,173387,13,
528826,154067,13,
509951,176794,13,
505400,160422,13,
473316,162622,13,
489504,146224,13,
516888,152451,13,
505128,175022,13,
520819,181586,13,
506812,167031,13,
495032,203929,13,
508789,174256,13,
502302,210265,13,
511106,122518,13,
486997,164803,13,
535787,199735,13,
540364,163758,13,
496006,191010,13,
497454,172375,13,
488330,173837,13,
547076,156969,13,
509956,141698,13,
516084,178725,13,
535034,172649,13,
529858,213114,13,
496384,166644,13,
519201,139101,13,
575022,213534,13,
469404,181944,13,
464672,193513,13,
491609,180519,13,
470314,178936,13,
481067,172555,13,
508797,176269,13,
491145,206344,13,
485361,169229,13,
474527,107596,13,
499643,171625,13,
514722,190943,13,
474641,81263,-1,
495995,160032,13,
516963,174184,13,
521006,163218,13,
434581,123267,-1,
514876,182995,13,
501416,172980,13,
513991,165072,13,
512900,219252,13,
510739,121103,13,
509522,174376,13,
507862,172954,13,
512716,181316,13,
483423,111797,13,
505603,147517,13,
482628,171320,13,
541790,172616,13,
473649,178184,13,
520763,250478,-1,
494000,189403,13,
533931,173291,13,
485110,150541,13,
528679,199079,13,
545699,174099,13,
517495,186329,13,
520461,173217,13,
456821,105575,-1,
495388,156422,13,
514934,219169,13,
508989,168995,13,
500474,169746,13,
504511,149234,13,
467144,147308,13,
512733,174091,13,
452791,156805,-1,
488800,197919,13,
593887,210595,-1,
561725,168220,13,
528011,201615,13,
514428,222503,13,
512051,145220,13,
472054,129986,13,
507959,166780,13,
518068,137556,13,
561110,219865,13,
563315,215613,13,
523779,163905,13,
490037,164357,13,
519421,154681,13,
504373,165819,13,
513957,139202,13,
486422,178919,13,
533351,147778,13,
511030,221292,13,
496069,102201,13,
496491,171534,13,
497254,171940,13,
518892,165875,13,
481083,151953,13,
507741,178883,13,
486224,196184,13,
509039,173839,13,
462658,75167,-1,
519680,208378,13,
499676,196897,13,
480876,160465,13,
521032,177084,13,
486034,196122,13,
505225,158750,13,
485968,123023,13,
478442,125560,13,
502355,164119,13,
502915,183059,13,
497211,174121,13,
537174,194410,13,
505293,194591,13,
491442,116195,13,
473202,140745,13,
505079,219082,13,
541455,223176,13,
528938,174372,13,
528094,178343,13,
520759,184923,13,
538994,179328,13,
507832,181513,13,
493897,189627,13,
514408,173338,13,
514391,156592,13,
513362,223841,13,
443618,157237,-1,
477746,163845,13,
480571,204150,13,
486326,174643,13,
505384,174535,13,
541220,177840,13,
522869,176818,13,
497255,188783,13,
545240,221008,13,
512291,169608,13,
576158,210283,13,
508099,175066,13,
545455,182232,13,
537836,177165,13,
508597,173640,13,
507445,193647,13,
524397,239456,13,
527753,213985,13,
528766,239937,-1,
481356,162127,13,
541498,192746,13,
506142,170513,13,
494574,198972,13,
477901,173288,13,
509223,177592,13,
532010,176195,13,
541006,175198,13,
490355,153464,13,
566524,179796,13,
550216,184337,13,
516085,195504,13,
523796,219588,13,
511118,175212,13,
445043,152257,-1,
497582,190801,13,
514622,206979,13,
479631,178459,13,
496476,140337,13,
498389,178069,13,
506361,225237,13,
519396,177174,13,
529409,157228,13,
501111,157402,13,
514219,167014,13,
558307,203307,13,
545957,196749,13,
508080,175697,13,
589900,217899,-1,
509383,167302,13,
474516,189144,13,
498730,183037,13,
473093,188791,13,
471328,176297,13,
510901,175806,13,
559809,162597,13,
499272,168413,13,
514981,172608,13,
511289,183247,13,
455460,153040,13,
519962,175210,13,
532549,172894,13,
516128,178722,13,
519113,194925,13,
502877,192740,13,
520782,134308,13,
574369,207483,13,
515494,188459,13,
486870,146947,13,
484395,107291,13,
504243,237336,13,
483776,213021,13,
536623,213083,13,
544539,180391,13,
502002,166223,13,
500801,185558,13,
525670,184762,13,
481841,209337,13,
494317,170837,13,
521153,242968,13,
473933,191767,13,
524502,248106,-1,
487952,168607,13,
460133,173081,13,
453261,148432,13,
491792,214464,13,
497815,165151,13,
515348,184750,13,
598908,254032,-1,
558478,213316,13,
538228,168834,13,
464634,173867,13,
518675,175686,13,
533566,214619,13,
540196,180312,13,
500360,213540,13,
517882,175467,13,
549642,157506,13,
511368,173673,13,
506815,173387,13,
500192,192292,13,
533775,163036,13,
511484,160453,13,
489062,200329,13,
537514,179689,13,
551867,170425,13,
406184,394506,14,
417996,408162,14,
428667,451233,14,
425386,379634,14,
388202,405780,14,
370955,325071,-1,
353749,391896,14,
398629,401626,14,
393402,401018,14,
465599,383470,14,
400257,404936,14,
444610,400247,14,
392046,391220,14,
410506,395586,14,
508805,429073,-1,
424782,449687,14,
384467,407359,14,
397399,403186,14,
449683,388863,14,
387756,435588,14,
451753,383440,14,
414448,429790,14,
394599,409068,14,
387330,409037,14,
402109,430185,14,
393825,453067,14,
412111,418466,14,
397213,377839,14,
361159,436327,14,
383075,447616,14,
383832,340506,-1,
402227,414685,14,
411957,397796,14,
377408,395123,14,
417231,381303,14,
442915,420573,14,
415394,396940,14,
420792,430901,14,
397791,444527,14,
385804,393101,14,
384572,388523,14,
402069,434868,14,
414997,432597,14,
392919,405103,14,
396150,430329,14,
439145,407748,14,
401240,354085,14,
424228,442208,14,
336023,416862,14,
351352,362910,14,
413549,408517,14,
341775,425156,14,
424811,413300,14,
402677,412615,14,
419118,421655,14,
354601,358760,14,
410682,349328,14,
399020,404042,14,
392258,405478,14,
353941,399967,14,
411471,446824,14,
397158,370362,14,
431117,394746,14,
395246,392783,14,
400468,405703,14,
354094,424230,14,
352429,359750,14,
358830,431609,14,
387039,365758,14,
395013,387179,14,
400545,404212,14,
435067,403802,14,
394436,450912,14,
376444,371957,14,
433463,410297,14,
426625,475977,-1,
424241,452915,14,
396520,405610,14,
347638,429109,14,
374797,407601,14,
451670,388347,14,
373684,418326,14,
412615,403902,14,
392428,402295,14,
389868,410718,14,
383022,409854,14,
468350,395883,14,
373339,398565,14,
383878,376230,14,
434815,388041,14,
368864,411216,14,
321050,422497,14,
276794,384458,-1,
383197,409869,14,
381340,409680,14,
415521,368125,14,
404288,349685,14,
367922,415238,14,
422056,382193,14,
407334,445969,14,
373917,427628,14,
422261,374345,14,
392728,411341,14,
336585,420977,14,
401730,354294,14,
401854,402867,14,
401330,395538,14,
393903,387227,14,
399188,402459,14,
389510,370897,14,
399858,403574,14,
343651,438750,14,
388743,388465,14,
398246,406245,14,
400727,396769,14,
399077,403968,14,
402071,427626,14,
405902,394724,14,
383992,398245,14,
372230,412488,14,
418086,394699,14,
400305,466024,14,
380458,329635,-1,
338347,337961,-1,
411171,426853,14,
392447,408539,14,
375233,399429,14,
385338,440797,14,
397764,406712,14,
414290,393146,14,
394846,407130,14,
402252,414628,14,
332913,385678,14,
396517,394572,14,
388479,343648,14,
405569,411933,14,
444816,409502,14,
393659,439272,14,
415222,434798,14,
396621,381952,14,
416893,347737,14,
398980,407667,14,
404273,429948,14,
397851,400846,14,
447192,359893,-1,
350428,392503,14,
451853,420873,14,
402566,415798,14,
362753,369848,14,
407188,396576,14,
380139,434251,14,
409167,449719,14,
405470,392374,14,
359036,365793,14,
398617,402424,14,
408714,391412,14,
382222,441817,14,
403751,385539,14,
400548,402390,14,
393828,404314,14,
373943,376926,14,
390182,360941,14,
391776,409868,14,
342501,336320,-1,
401923,417123,14,
342400,426090,14,
405325,407466,14,
369480,377148,14,
416110,374296,14,
401162,412142,14,
442931,430123,14,
478361,409520,-1,
401313,405195,14,
357466,354094,14,
417617,414816,14,
417281,410881,14,
470047,410943,-1,
378824,430343,14,
369227,397853,14,
397918,462032,14,
397331,407010,14,
427810,400178,14,
401708,409924,14,
426172,363147,14,
401411,414503,14,
409823,412908,14,
386068,422517,14,
398255,405428,14,
346358,384801,14,
397735,448097,14,
348847,425164,14,
394761,461494,14,
357253,388075,14,
402267,410395,14,
415233,441297,14,
404445,402466,14,
408224,399767,14,
369044,371649,14,
343119,382074,14,
416750,435776,14,
387103,401925,14,
368200,364844,14,
393758,439738,14,
418623,404382,14,
402660,406054,14,
427749,457110,14,
405356,391545,14,
432184,395118,14,
322936,368566,-1,
402710,424367,14,
456025,389630,14,
395450,407822,14,
377941,403683,14,
407576,434017,14,
348263,386451,14,
391966,387214,14,
392576,406460,14,
380236,460907,14,
398153,407081,14,
399942,385908,14,
398795,472619,14,
467535,416014,-1,
377758,413906,14,
398724,404179,14,
396710,378698,14,
377588,402670,14,
408992,462226,14,
423371,373970,14,
412861,434751,14,
403160,392159,14,
395168,404189,14,
399346,423786,14,
409244,460295,14,
429515,393708,14,
370602,353215,14,
356739,417826,14,
408147,436628,14,
436362,379677,14,
399291,386712,14,
396081,396707,14,
419200,403389,14,
383855,390984,14,
370252,347498,14,
460198,402706,14,
418046,358461,14,
408500,393942,14,
397618,404912,14,
392660,395873,14,
406739,400918,14,
439048,403700,14,
392424,375266,14,
379128,418858,14,
391970,419802,14,
389279,424006,14,
468907,448885,-1,
410601,410653,14,
396556,406492,14,
417795,405673,14,
375971,427549,14,
414374,439977,14,
368363,409733,14,
402081,407514,14,
399753,404222,14,
424840,479570,-1,
381863,416651,14,
394606,401451,14,
389520,406500,14,
418140,415328,14,
387461,394402,14,
391384,413273,14,
391439,399819,14,
365223,422531,14,
407189,437102,14,
415933,422485,14,
402031,426039,14,
428513,456990,14,
382396,405483,14,
368166,429422,14,
418636,440000,14,
411674,402377,14,
424365,371987,14,
394159,411676,14,
371548,414612,14,
460628,434107,-1,
399717,403257,14,
361875,448199,14,
393424,399084,14,
333682,401078,14,
377870,377550,14,
405117,364266,14,
452398,378671,14,
397889,398501,14,
424089,352640,14,
417494,392231,14,
402851,395579,14,
376493,366302,14,
460684,371809,14,
449571,387141,14,
405322,414743,14,
420489,448078,14,
377975,461076,14,
492551,434649,-1,
477323,384551,14,
359740,379592,14,
429653,438596,14,
361814,411086,14,
400660,404811,14,
410418,409414,14,
392162,355397,14,
376145,414107,14,
371464,328177,-1,
379593,380662,14,
448231,384406,14,
404157,406324,14,
420616,401526,14,
398985,413427,14,
400538,407020,14,
391530,398743,14,
408182,408351,14,
435926,408504,14,
411090,435389,14,
398311,383357,14,
409291,431539,14,
399460,399410,14,
400473,408327,14,
399693,395271,14,
431437,436764,14,
312123,419763,-1,
411053,432808,14,
401616,404245,14,
364455,436191,14,
407833,402474,14,
367864,442851,14,
437870,375761,14,
308726,371721,-1,
418996,389541,14,
371498,393120,14,
407429,399155,14,
380749,403860,14,
399997,411205,14,
377215,418429,14,
380202,396671,14,
436034,385951,14,
395210,357805,14,
415136,446807,14,
315013,318367,-1,
372424,413163,14,
340966,420480,14,
354767,417464,14,
387165,404027,14,
854654,549222,3,
889260,541423,3,
870826,524625,3,
868025,569296,3,
861364,598127,3,
825141,535997,3,
906640,587296,-1,
906396,535803,3,
887896,558572,3,
817776,525600,3,
844066,546029,3,
848976,558706,3,
897131,604582,3,
845120,549830,3,
872241,556733,3,
857818,534525,3,
794265,594573,-1,
857126,548151,3,
842786,614034,-1,
889975,589361,3,
841130,529745,3,
813561,583156,3,
855603,542414,3,
887556,531797,3,
837032,509264,3,
852037,649724,-1,
793791,581315,3,
904450,533427,3,
879722,550246,3,
839088,528460,3,
869369,536868,3,
871873,509094,3,
900991,497149,3,
919544,541255,3,
860520,544023,3,
863042,557890,3,
889805,522039,3,
879031,489881,3,
852918,552112,3,
903840,586229,3,
932662,537069,-1,
908506,549611,3,
867533,542290,3,
844617,499013,3,
862002,534006,3,
883981,607581,3,
864265,549505,3,
883062,547498,3,
860870,546516,3,
895565,501871,3,
843344,604964,-1,
864059,545894,3,
830888,544022,3,
858819,544904,3,
853562,531620,3,
873791,606643,3,
859213,538040,3,
841843,503359,3,
842719,506205,3,
847904,574114,3,
863859,546898,3,
888919,535805,3,
855045,547633,3,
863102,545783,3,
829747,530312,3,
850607,565348,3,
810277,520837,3,
879104,595389,3,
840406,538772,3,
838367,536676,3,
837457,518745,3,
861519,531277,3,
816056,542574,3,
862534,547936,3,
808555,600511,-1,
862571,550965,3,
832010,554080,3,
882403,534710,3,
840020,568424,3,
865030,541150,3,
846594,522941,3,
890223,556874,3,
873136,513309,3,
846622,553552,3,
905770,531812,3,
803216,577565,3,
914183,620056,-1,
877510,555087,3,
861193,573954,3,
840994,578455,3,
875640,561262,3,
876782,536438,3,
849501,552769,3,
866973,550375,3,
906382,534459,3,
822722,553764,3,
861656,545794,3,
856991,546255,3,
865081,551012,3,
895680,609341,3,
867801,548156,3,
846324,557586,3,
840059,534876,3,
860473,545982,3,
937823,540173,-1,
886532,500026,3,
904133,534915,3,
880545,506175,3,
833499,504718,3,
854979,539793,3,
818739,545052,3,
825596,639465,-1,
838036,542999,3,
846216,528037,3,
850790,525740,3,
864040,538985,3,
869818,543227,3,
879309,561548,3,
860563,534839,3,
846082,541026,3,
860151,543055,3,
847292,559228,3,
838239,576018,3,
837307,548214,3,
853093,586321,3,
884326,479802,3,
838978,622330,-1,
842903,567914,3,
832490,450680,-1,
844948,563321,3,
859577,544625,3,
908409,591215,-1,
819843,570485,3,
875625,599766,3,
887780,536497,3,
884613,507507,3,
849858,524682,3,
846741,539481,3,
870630,516603,3,
843111,581603,3,
869718,536928,3,
857648,511640,3,
881571,532467,3,
860230,528054,3,
861966,562885,3,
898736,548642,3,
961951,577029,-1,
866878,501919,3,
874791,559085,3,
874239,594786,3,
915504,527751,3,
758172,608152,-1,
859515,505303,3,
861033,507671,3,
837880,444574,-1,
827672,545966,3,
869960,562146,3,
858151,548242,3,
877440,529137,3,
821835,564313,3,
846371,578530,3,
829482,475863,-1,
860507,526669,3,
878696,530134,3,
837312,572687,3,
886773,509047,3,
879805,547494,3,
859679,541785,3,
910683,612854,-1,
860863,546060,3,
874110,541972,3,
790149,565157,3,
873984,580836,3,
873742,448214,-1,
894785,440382,-1,
874312,574582,3,
879902,518647,3,
851462,526597,3,
839012,550376,3,
808097,502521,-1,
879500,590791,3,
864721,548447,3,
866044,584750,3,
876151,582116,3,
819250,517655,3,
807278,566392,3,
872033,558924,3,
894268,532597,3,
846752,613846,-1,
850478,566230,3,
849777,531138,3,
823584,568458,3,
823202,619103,-1,
843715,568319,3,
861023,545953,3,
889743,560547,3,
862785,579661,3,
880833,537039,3,
854374,550707,3,
842616,515205,3,
860721,547751,3,
831024,505776,3,
829240,591428,3,
860384,555572,3,
853348,525893,3,
849118,571562,3,
856167,542249,3,
853874,560250,3,
838808,524944,3,
814561,575281,3,
773292,531652,-1,
891515,520429,3,
805884,549492,3,
833437,556713,3,
843432,490725,3,
791355,529644,-1,
865157,562132,3,
920249,551171,3,
808777,512952,3,
898916,630099,-1,
863706,491401,3,
857231,551055,3,
877413,541536,3,
838821,563842,3,
854037,528890,3,
824475,518063,3,
857360,562228,3,
856437,532452,3,
862117,600081,3,
839280,539324,3,
885379,603686,3,
859185,553000,3,
865020,550686,3,
882007,593653,3,
861027,546004,3,
846772,509036,3,
844627,556401,3,
861069,548327,3,
854342,541611,3,
844086,531300,3,
923996,594948,-1,
832154,559403,3,
803202,549001,3,
856619,544008,3,
897286,558004,3,
851216,516166,3,
858537,548576,3,
828001,524067,3,
849327,548496,3,
858278,544519,3,
793875,473793,-1,
766617,548142,-1,
847728,576707,3,
858418,546935,3,
816840,539239,3,
852687,540692,3,
861927,562723,3,
892382,513991,3,
811745,461099,-1,
800152,576217,3,
870139,566584,3,
859492,572224,3,
830226,483466,-1,
850674,533083,3,
834632,541216,3,
899052,526048,3,
925485,596955,-1,
893145,551400,3,
839493,521150,3,
883434,581923,3,
873380,495161,3,
765011,607246,-1,
898578,612291,3,
906772,510158,3,
858325,586062,3,
795909,462864,-1,
812634,554848,3,
846841,533595,3,
810817,509540,-1,
826192,577784,3,
856552,545271,3,
848628,503773,3,
784291,581417,-1,
890613,567037,3,
870936,575427,3,
851166,532382,3,
871544,592403,3,
870337,534303,3,
819580,545900,3,
912649,498734,3,
870214,556246,3,
853279,560714,3,
857319,543529,3,
878519,606677,3,
858057,542933,3,
860375,544804,3,
888111,525539,3,
892877,544283,3,
788776,582930,3,
875311,542259,3,
875248,462524,-1,
835831,555864,3,
885828,586348,3,
916704,609548,-1,
893991,544467,3,
866352,535933,3,
872247,494281,3,
832372,600070,-1,
902302,514170,3,
877298,565604,3,
873636,510687,3,
854818,554389,3,
915666,506439,3,
905849,524809,3,
862062,545736,3,
871981,649086,-1,
900829,590250,3,
859419,546754,3,
855983,534803,3,
916082,517633,3,
874877,535143,3,
885963,528959,3,
853439,518568,3,
855177,626376,-1,
814249,488483,-1,
857283,548467,3,
865489,548920,3,
913686,576892,-1,
880275,564545,3,
861381,546835,3,
880958,588608,3,
868979,528502,3,
872237,555834,3,
861868,549168,3,
836951,546244,3,
836874,555991,3,
769546,554722,-1,
855074,542557,3,
868128,568529,3,
878859,540155,3,
852267,498220,3,
874125,543036,3,
846646,548548,3,
851517,541076,3,
806888,492319,-1,
831779,577161,3,
860259,545444,3,
892423,530999,3,
838442,506780,3,
853291,557685,3,
730887,825972,-1,
645233,927201,-1,
645563,819480,15,
573324,878802,-1,
693699,822637,15,
649412,856993,15,
684558,878573,15,
656658,854609,15,
651506,856097,15,
618405,842859,15,
667280,765619,-1,
600996,890782,-1,
674463,862486,15,
676694,851597,15,
620685,880813,15,
716590,874975,15,
721401,951880,-1,
657094,857640,15,
644693,867371,15,
633601,861482,15,
673646,857346,15,
657184,855509,15,
708244,871834,15,
659081,860560,15,
657811,885904,15,
642843,909185,15,
709303,897538,15,
610505,851476,15,
612648,772280,-1,
673196,812941,15,
673267,883727,15,
694451,863981,15,
678869,902492,15,
690018,819280,15,
677983,890077,15,
639997,865965,15,
709254,847444,15,
679799,858680,15,
664355,831472,15,
659166,861665,15,
692386,863386,15,
688076,833905,15,
680506,840053,15,
641840,886745,15,
673292,857105,15,
622212,860015,15,
736557,897961,-1,
668234,886696,15,
675013,876331,15,
675902,853961,15,
695092,820091,15,
730287,897070,15,
691716,873426,15,
722404,952207,-1,
678606,878004,15,
664156,846474,15,
688118,911574,15,
674492,861230,15,
675382,836312,15,
664639,925795,-1,
626334,852383,15,
669690,842110,15,
653177,819935,15,
674265,861435,15,
677404,883871,15,
672212,860894,15,
715956,900724,15,
674236,877152,15,
679818,860064,15,
578509,923881,-1,
680381,823757,15,
720629,816515,-1,
640210,902029,15,
671772,860357,15,
618009,867493,15,
672628,882986,15,
680261,863401,15,
682100,853708,15,
681049,846975,15,
668567,856554,15,
656957,871011,15,
662293,872590,15,
673953,835926,15,
718544,888401,15,
648590,917839,-1,
699124,824089,15,
668367,855686,15,
675866,868784,15,
700098,894685,15,
683156,877209,15,
661357,801817,15,
789095,895634,-1,
673332,857517,15,
627452,835854,15,
672059,860501,15,
665048,854911,15,
683580,872374,15,
668839,882598,15,
682510,905902,15,
671235,856653,15,
680228,843225,15,
662249,918050,15,
674961,865594,15,
679211,886670,15,
676220,858214,15,
567861,856582,-1,
668228,858122,15,
682241,850176,15,
712262,856869,15,
671325,856592,15,
680592,858526,15,
683098,847245,15,
646816,829778,15,
675633,863416,15,
677551,860007,15,
683656,842406,15,
678195,860537,15,
700747,821557,15,
679054,898217,15,
676360,866112,15,
665308,868551,15,
665775,845662,15,
660459,860658,15,
670119,859029,15,
672068,874862,15,
644301,925034,-1,
704574,866263,15,
665660,828338,15,
680579,836946,15,
682053,853410,15,
672544,859978,15,
713088,880834,15,
680969,838864,15,
674151,853540,15,
664903,839150,15,
641902,755287,-1,
683610,910782,15,
676962,897430,15,
594720,848457,15,
658748,777680,-1,
700341,869730,15,
640432,837036,15,
668519,860048,15,
672668,861428,15,
638004,837697,15,
673071,856021,15,
668772,858570,15,
636871,929410,-1,
599612,859210,15,
739318,810528,-1,
654937,781879,-1,
663095,949045,-1,
658734,883214,15,
647968,877873,15,
682699,851115,15,
684739,884934,15,
667620,855461,15,
616281,845406,15,
697161,840318,15,
679237,862389,15,
664260,859029,15,
674121,858589,15,
700962,927047,-1,
723397,859761,15,
648230,857418,15,
677896,867053,15,
680828,839011,15,
680757,826912,15,
673826,880137,15,
694897,834591,15,
683585,905984,15,
671609,815681,15,
669748,863109,15,
674659,860894,15,
659734,844127,15,
656156,868643,15,
653258,860766,15,
684131,898331,15,
666516,859837,15,
655237,871554,15,
653592,959882,-1,
659280,845579,15,
646422,900526,15,
627580,840406,15,
604546,847329,15,
631316,837043,15,
705518,925936,-1,
662898,884734,15,
718088,852181,15,
666315,872311,15,
710082,881600,15,
674433,860605,15,
685821,816579,15,
678856,850293,15,
669427,846395,15,
687043,806921,15,
657981,866945,15,
676480,860779,15,
704065,832648,15,
669178,866011,15,
693783,860206,15,
683027,876064,15,
670957,810768,15,
674134,908464,15,
637665,858741,15,
664325,877878,15,
664025,801796,15,
672800,874378,15,
685124,873363,15,
674496,870664,15,
684602,823981,15,
677769,841641,15,
651576,865180,15,
650720,817440,15,
674472,860330,15,
673028,860593,15,
683413,861559,15,
669638,842011,15,
674365,860819,15,
687360,862438,15,
662684,813662,15,
673242,886958,15,
674311,859933,15,
595580,798572,-1,
636769,854047,15,
685551,798742,15,
663945,828490,15,
717187,883275,15,
706906,885612,15,
675988,841317,15,
671976,864630,15,
669366,869654,15,
651216,815098,15,
676767,832479,15,
657879,857942,15,
665828,868934,15,
674905,876286,15,
640000,863831,15,
672818,881943,15,
634800,823669,15,
658590,886551,15,
639463,847461,15,
625416,868848,15,
672266,862875,15,
723173,872525,15,
688098,908495,15,
673410,863889,15,
679788,889464,15,
615826,863168,15,
598671,854219,15,
753254,840123,-1,
669430,905798,15,
726847,875488,15,
648443,845340,15,
674114,970756,-1,
675551,956849,-1,
677459,896720,15,
634004,895206,15,
653745,809028,15,
682420,846881,15,
666636,858686,15,
682481,879399,15,
656834,885944,15,
718257,857481,15,
672598,856928,15,
693997,774817,-1,
612392,916853,-1,
671444,860206,15,
671404,857240,15,
689628,868984,15,
704570,845515,15,
652233,886054,15,
705929,851313,15,
682315,843851,15,
667131,849230,15,
707894,904500,15,
649345,864613,15,
629998,877765,15,
659542,840985,15,
621278,888326,-1,
682304,876841,15,
679747,860939,15,
663049,843538,15,
672876,844123,15,
689948,850548,15,
696257,894819,15,
629377,853726,15,
658034,897179,15,
696808,866039,15,
699668,863774,15,
669697,859388,15,
606506,766728,-1,
672474,868765,15,
697011,856357,15,
708262,945359,-1,
653181,886417,15,
674521,861127,15,
729194,856897,15,
663168,859429,15,
644843,838626,15,
672797,843231,15,
680677,868629,15,
614497,830844,15,
646671,857872,15,
679242,853941,15,
665697,929571,-1,
749941,916922,-1,
602365,916673,-1,
684537,843821,15,
694308,904062,15,
731712,878998,15,
667713,847241,15,
730383,879136,15,
689363,817577,15,
728743,850843,15,
683941,915579,15,
722463,882675,15,
670519,870010,15,
683252,858182,15,
669288,860515,15,
675357,870850,15,
673449,860643,15,
687325,883004,15,
603472,894573,-1,
669713,851017,15,
693362,837786,15,
605535,925341,-1,
687078,791051,15,
672387,800443,15,
683048,937776,-1,
713579,879202,15,
571669,873544,-1,
695260,824882,15,
702654,841548,15,
601619,825604,-1,
564416,878492,-1,
703773,870419,15,
674931,870112,15,
673140,864863,15,
681053,892766,15,
683321,873932,15,
701017,931252,-1,
645677,814395,15,
677362,853471,15,
659046,930099,-1,
665426,853940,15,
691827,863963,15,
650661,861267,15,
599647,858702,15,
684091,842566,15,
