664159,550946,1,
665845,557965,1,
597173,575538,1,
618600,551446,1,
635690,608046,1,
588100,557588,1,
582015,546191,1,
604678,574577,1,
572029,518313,1,
604737,574591,1,
577728,587566,1,
602013,574722,1,
627968,574625,1,
607269,536961,1,
603145,574795,1,
671919,571761,1,
612184,570393,1,
600032,575310,1,
627912,593892,1,
601967,604428,1,
591851,569051,1,
601444,572693,1,
629718,558104,1,
661430,603567,1,
597551,556737,1,
601182,582584,1,
562704,570596,1,
605107,563429,1,
607214,575069,1,
568824,570203,1,
612485,518009,1,
589244,573777,1,
625579,551084,1,
560237,500154,-1,
626224,569687,1,
610666,551701,1,
597428,569940,1,
600582,599535,1,
604168,555003,1,
613871,550423,1,
617310,551945,1,
625728,579460,1,
606300,566708,1,
638559,558807,1,
582176,630383,1,
544056,577786,1,
631297,578351,1,
561574,621747,1,
604973,574773,1,
605284,556134,1,
617910,592293,1,
555904,640401,-1,
526559,509417,-1,
603849,572396,1,
598634,619900,1,
603359,589262,1,
657455,567754,1,
614279,599251,1,
578496,631434,1,
645171,595209,1,
688015,533535,-1,
656477,573007,1,
540029,563888,1,
597418,538362,1,
613545,574733,1,
628696,542447,1,
604157,574191,1,
603126,497987,-1,
605850,533310,1,
596179,529556,1,
610330,552628,1,
598184,531473,1,
620438,511694,1,
600202,622079,1,
603021,577991,1,
515612,540643,-1,
606548,574376,1,
593490,623110,1,
607084,595500,1,
583728,563146,1,
616044,533807,1,
624452,584622,1,
604438,574666,1,
625709,660145,-1,
601376,579831,1,
565148,557305,1,
639418,537903,1,
612799,537497,1,
583653,652182,1,
599808,596484,1,
605250,573272,1,
606738,601356,1,
611044,571814,1,
575440,568511,1,
616329,529516,1,
605927,572533,1,
609286,586782,1,
647354,579190,1,
606929,571420,1,
562920,559223,1,
680357,620811,-1,
707100,601463,-1,
604294,574368,1,
614917,600946,1,
611508,503220,1,
603789,574474,1,
551740,588768,1,
546031,570429,1,
569197,559307,1,
688712,568754,1,
604067,574091,1,
606809,572101,1,
588597,622592,1,
613840,534167,1,
576263,547239,1,
597077,568196,1,
601339,571609,1,
606011,569426,1,
593398,559764,1,
593166,622725,1,
609796,532982,1,
712648,607541,-1,
585048,505097,-1,
525967,565687,1,
660327,585901,1,
607604,573951,1,
604001,573587,1,
591484,571087,1,
613868,585089,1,
645464,660478,-1,
538571,654649,-1,
555429,604551,1,
597620,586226,1,
586097,567445,1,
545235,539822,-1,
649088,575733,1,
599123,616977,1,
563763,559454,1,
617717,613939,1,
618869,577243,1,
567188,560044,1,
636628,533309,1,
560362,567914,1,
595014,632844,1,
605876,550640,1,
604352,573425,1,
600679,599545,1,
596891,579476,1,
614943,540976,1,
604415,571400,1,
603698,573585,1,
658199,568743,1,
598759,582942,1,
671269,590258,1,
593317,534085,1,
657985,453405,11,
608557,590278,1,
623004,508050,1,
601900,569391,1,
641031,593074,1,
589658,640498,1,
567565,573952,1,
559078,570088,1,
639431,588155,1,
566609,537592,1,
568570,579335,1,
660650,615038,1,
667639,571164,1,
596796,529933,1,
606111,617846,1,
616060,590779,1,
602873,527864,1,
571334,594145,1,
602167,543919,1,
605100,573307,1,
546640,560043,1,
585195,555011,1,
651740,589474,1,
589112,536573,1,
582057,543124,1,
690968,555952,-1,
609030,552436,1,
632125,541413,1,
603445,630598,1,
628264,616214,1,
577242,574073,1,
604090,574392,1,
607911,576556,1,
600665,638890,1,
600117,539079,1,
631182,565466,1,
695646,652231,-1,
619445,567491,1,
613191,571942,1,
567428,580005,1,
590583,623314,1,
606289,670243,-1,
585175,574133,1,
634967,579020,1,
614615,574437,1,
593061,579188,1,
606933,576409,1,
606587,573873,1,
594084,629464,1,
683697,581516,1,
601530,577183,1,
603055,589818,1,
616561,619007,1,
607463,477085,-1,
611581,572630,1,
579712,568354,1,
602887,595245,1,
600039,557139,1,
605913,579526,1,
579773,568698,1,
606324,544357,1,
605958,573728,1,
606144,575076,1,
667472,570571,1,
580048,565009,1,
597802,576113,1,
610263,574422,1,
603855,575180,1,
624369,532153,1,
599870,591110,1,
577167,617095,1,
658403,611332,1,
563460,480559,-1,
610980,522819,1,
569422,567790,1,
627727,578737,1,
592804,584539,1,
540783,626497,-1,
591823,639096,1,
637323,549567,1,
638078,629421,-1,
611315,560757,1,
647103,573853,1,
522993,595581,-1,
601187,531825,1,
533799,564377,1,
649034,528813,1,
620975,564344,1,
622407,583192,1,
597026,642918,1,
551291,576721,1,
608768,610525,1,
697959,614701,-1,
658281,582264,1,
546632,599204,1,
672565,564468,1,
636500,587401,1,
696144,548705,-1,
533551,582247,1,
526802,551524,1,
553038,606418,1,
696601,603624,-1,
588964,597435,1,
716139,621721,-1,
608529,586311,1,
557378,567033,1,
589994,610890,1,
589344,563119,1,
624415,515911,1,
565483,551512,1,
584895,574666,1,
582777,542670,1,
639394,576728,1,
608298,573748,1,
663578,586265,1,
628080,562986,1,
597421,554767,1,
595193,576508,1,
658103,572250,1,
659529,498474,-1,
606415,581386,1,
641976,577433,1,
587466,564953,1,
589180,595099,1,
601885,573083,1,
580561,528916,1,
621726,578003,1,
558817,576255,1,
620213,574468,1,
594010,570095,1,
541976,512639,-1,
593840,578685,1,
602667,575857,1,
631446,561156,1,
596481,567449,1,
611318,581584,1,
568546,564911,1,
593865,572987,1,
597017,575588,1,
578804,573582,1,
673750,594081,1,
592714,553958,1,
594029,586701,1,
668502,563937,1,
629533,537542,1,
801539,318482,2,
801667,318542,2,
814045,332998,2,
800479,321640,2,
757470,224976,2,
844536,424646,-1,
797105,316002,2,
779956,271501,2,
797205,313318,2,
801323,316240,2,
783666,262902,2,
806131,312752,2,
830658,368694,2,
802482,335269,2,
801910,325434,2,
808062,337340,2,
789833,304422,2,
803603,327255,2,
800865,312968,2,
802237,318526,2,
803959,315173,2,
800123,312312,2,
780927,285057,2,
797242,324588,2,
801551,320544,2,
809182,319115,2,
801931,317202,2,
870801,476330,3,
820327,352701,2,
801093,317509,2,
798523,324500,2,
805237,318655,2,
803375,311620,2,
801441,323812,2,
797313,317527,2,
788220,301915,2,
790395,300024,2,
817135,349925,2,
797787,301470,2,
804630,332333,2,
808710,330379,2,
802111,320817,2,
796375,309563,2,
819768,346596,2,
814605,354382,2,
800565,319364,2,
802089,313456,2,
814401,341234,2,
796609,319691,2,
776131,248465,2,
803464,329093,2,
802646,317894,2,
809550,327365,2,
795322,311178,2,
830450,393096,2,
778414,260729,2,
800041,318331,2,
802814,320130,2,
802738,312234,2,
823913,369439,2,
803386,318982,2,
812869,346251,2,
798904,324420,2,
800447,331643,2,
807446,342555,2,
804251,329956,2,
797594,302109,2,
803448,314797,2,
765502,240340,2,
795527,315510,2,
794640,313497,2,
808717,335740,2,
790932,305223,2,
816852,352965,2,
826228,376658,2,
795299,312036,2,
808686,332209,2,
809594,344872,2,
799275,324108,2,
878184,487392,3,
798472,322218,2,
824822,367091,2,
746769,205186,-1,
756701,207223,-1,
795489,287279,2,
800483,320713,2,
783491,288029,2,
797162,306135,2,
800272,316170,2,
806827,324616,2,
802853,314938,2,
800804,316615,2,
813173,354777,2,
801588,319814,2,
797400,315778,2,
823840,368410,2,
811391,343836,2,
801055,321833,2,
804038,306622,2,
803780,334441,2,
834173,386159,2,
802784,313853,2,
807293,347456,2,
817119,336333,2,
786635,269352,2,
824624,381716,2,
797415,319840,2,
800772,325023,2,
806626,318966,2,
800845,311838,2,
769386,259892,2,
797272,324228,2,
807409,325526,2,
795836,291870,2,
798321,319665,2,
805372,313397,2,
790738,308028,2,
800667,315995,2,
795205,316433,2,
809054,345541,2,
808452,320117,2,
779897,279572,2,
782642,275308,2,
797569,321799,2,
801751,318110,2,
787644,297715,2,
807401,314610,2,
800677,310656,2,
800394,301473,2,
795571,310093,2,
814158,335578,2,
811913,325091,2,
806982,316680,2,
775604,274485,2,
800133,327081,2,
806511,313841,2,
803796,314893,2,
802012,318315,2,
826789,377676,2,
814108,344096,2,
804354,309671,2,
807017,330432,2,
803774,334756,2,
817410,346944,2,
841928,398948,2,
816145,349032,2,
818622,370753,2,
786245,292352,2,
784164,285702,2,
805390,319676,2,
790774,303642,2,
803277,319525,2,
833182,379714,2,
773023,251826,2,
801609,320399,2,
778965,282290,2,
814317,333112,2,
805080,323708,2,
801080,318049,2,
799724,318884,2,
798059,316113,2,
806176,320301,2,
769876,257669,2,
825716,373098,2,
791983,298565,2,
801386,313545,2,
804871,317801,2,
810903,332925,2,
838276,395673,2,
810543,341180,2,
777978,252419,2,
820258,351165,2,
801997,319385,2,
779437,281959,2,
810253,323873,2,
794826,309589,2,
814280,344223,2,
832651,373469,2,
794142,306704,2,
802041,319504,2,
804190,320706,2,
798983,325682,2,
840462,402858,2,
799912,323363,2,
804119,328544,2,
804358,320802,2,
803057,331037,2,
803031,325811,2,
784151,283760,2,
800444,311497,2,
802004,317772,2,
803470,319069,2,
811277,335577,2,
803332,315488,2,
800037,317963,2,
813436,360446,2,
800694,316789,2,
838129,404012,2,
764997,249477,2,
800316,311699,2,
806848,320541,2,
805462,317833,2,
798308,312788,2,
802655,316263,2,
801456,320080,2,
801309,318213,2,
840886,397888,2,
829529,375007,2,
830805,370801,2,
804979,334141,2,
804013,316083,2,
808489,317021,2,
770113,241615,2,
804332,319006,2,
833661,389733,2,
797834,297329,2,
794956,309980,2,
801232,307078,2,
809552,342258,2,
794615,305632,2,
809259,345634,2,
811502,355939,2,
801301,316893,2,
803370,318247,2,
804702,315881,2,
797009,293194,2,
813791,334609,2,
812965,330224,2,
826048,374236,2,
800959,322309,2,
803405,317316,2,
802254,320673,2,
783116,265635,2,
798633,317300,2,
801482,327644,2,
798612,326404,2,
799001,302014,2,
802537,312497,2,
799794,315080,2,
793892,313943,2,
804691,332987,2,
793855,298525,2,
796952,318633,2,
800655,320227,2,
801780,318992,2,
805977,320805,2,
796916,323332,2,
820904,351763,2,
808405,318841,2,
765283,249459,2,
824212,363776,2,
798981,311092,2,
797178,310439,2,
800582,316980,2,
803839,310353,2,
796283,315582,2,
801145,317601,2,
801662,318423,2,
801782,318281,2,
803377,319212,2,
803932,318781,2,
806192,337849,2,
789583,287700,2,
801586,318947,2,
804251,331304,2,
799667,316830,2,
759789,229116,2,
799021,326404,2,
793684,312065,2,
806320,315242,2,
786234,267976,2,
821151,366545,2,
801903,312794,2,
782506,279930,2,
803627,319323,2,
794991,291216,2,
794667,315069,2,
799291,317500,2,
798243,324160,2,
804408,337683,2,
818119,348676,2,
810502,336169,2,
793560,285392,2,
801326,315779,2,
808644,326320,2,
813645,328765,2,
800966,317165,2,
797111,302781,2,
802431,322048,2,
811061,333595,2,
786719,283364,2,
773955,239849,2,
803701,321815,2,
783110,289805,2,
800235,316652,2,
807421,317527,2,
797947,319734,2,
805035,317469,2,
801166,322298,2,
846693,429031,-1,
801493,322249,2,
806087,326636,2,
810657,329468,2,
801313,300606,2,
800390,309948,2,
801634,318965,2,
799197,314215,2,
795254,296488,2,
807696,320548,2,
800461,326821,2,
801174,320442,2,
809781,326904,2,
826585,366934,2,
804429,312164,2,
788005,292268,2,
801183,316191,2,
378274,816341,4,
406233,813072,4,
401478,785370,4,
448651,847994,4,
434440,822866,4,
369199,734895,-1,
413241,771595,4,
369418,733394,-1,
378563,789670,4,
424190,780052,4,
415993,776671,4,
421352,799127,4,
432656,783776,4,
383032,788008,4,
414377,771258,4,
425260,773661,4,
469139,810971,4,
442979,803024,4,
347079,803582,4,
412797,803180,4,
352874,807952,4,
442286,755194,4,
416433,786159,4,
419700,793447,4,
422961,821595,4,
400008,789447,4,
429586,775621,4,
457561,788245,4,
415417,785827,4,
389552,750700,4,
415598,786499,4,
443447,783977,4,
404792,749210,4,
389392,730768,4,
473485,847098,4,
491614,778997,4,
437483,785130,4,
452570,848127,4,
417197,778243,4,
405986,787439,4,
437568,794323,4,
420319,794333,4,
418963,746595,4,
469422,822619,4,
397688,762902,4,
418149,790096,4,
407289,798870,4,
360319,778673,4,
473799,795167,4,
445199,763833,4,
446537,828924,4,
410019,732704,4,
396540,815936,4,
407694,718592,4,
417091,792545,4,
442260,754050,4,
411526,784658,4,
407814,765816,4,
394022,803914,4,
481133,781413,4,
396118,794614,4,
458538,786673,4,
419721,789724,4,
424476,781552,4,
377720,727349,4,
448336,789445,4,
412227,787450,4,
408745,824896,4,
417016,774869,4,
395274,786698,4,
412541,806622,4,
412109,735920,4,
407023,787385,4,
376660,815936,4,
396548,784388,4,
508535,830710,-1,
414014,816460,4,
440782,782395,4,
436951,814456,4,
393758,750953,4,
418410,795929,4,
425991,787029,4,
414562,787355,4,
408712,803987,4,
377858,811790,4,
417169,792321,4,
460371,780609,4,
388873,746909,4,
395641,808571,4,
386436,791388,4,
440667,768761,4,
438437,730300,4,
370839,727884,-1,
422917,781112,4,
391555,789079,4,
402666,814060,4,
474368,812039,4,
406176,760860,4,
463768,793154,4,
446307,796523,4,
402309,786873,4,
413946,786971,4,
425053,790566,4,
416926,785113,4,
424023,737453,4,
417447,782955,4,
415672,787824,4,
416019,787562,4,
417515,787648,4,
459230,803720,4,
447833,819282,4,
418199,851439,4,
417393,771537,4,
441415,780207,4,
399634,751940,4,
373360,784232,4,
419227,779215,4,
434717,808225,4,
397669,792218,4,
412028,773494,4,
407504,803363,4,
365147,790525,4,
459328,805961,4,
429472,860855,4,
480128,785580,4,
344915,702496,-1,
410969,770451,4,
407460,791404,4,
420476,750495,4,
397747,792207,4,
408428,771823,4,
397806,749559,4,
426040,825049,4,
407565,766203,4,
414317,828815,4,
410610,765111,4,
412388,784064,4,
406337,750353,4,
422419,754048,4,
416039,730594,4,
414512,793966,4,
398478,822297,4,
424375,721868,4,
403890,792420,4,
400902,772920,4,
402367,782997,4,
472917,830363,4,
418621,840463,4,
329002,727685,-1,
418618,811618,4,
425356,745471,4,
470922,770669,4,
400598,790903,4,
412851,774986,4,
492415,829655,-1,
400079,749617,4,
417673,785965,4,
424720,768456,4,
386415,801444,4,
426689,788562,4,
430747,776261,4,
405714,781619,4,
429220,787348,4,
427850,762201,4,
434080,785264,4,
473514,788780,4,
412386,777312,4,
430686,844506,4,
409142,811927,4,
422198,724557,4,
392185,713763,4,
412677,786951,4,
399149,784376,4,
382693,749680,4,
527515,831478,-1,
448519,805219,4,
430779,770145,4,
413556,758080,4,
392140,769924,4,
416855,794023,4,
389713,772742,4,
398498,776720,4,
473727,807244,4,
389410,788256,4,
377230,790154,4,
415564,784464,4,
456799,844976,4,
444336,820061,4,
404359,783919,4,
453154,776082,4,
425019,759577,4,
415895,775793,4,
420083,787815,4,
506612,858859,-1,
436648,859634,-1,
403522,785432,4,
401407,759648,4,
403852,792473,4,
367398,701756,-1,
412453,784453,4,
382124,786262,4,
416884,786845,4,
448865,836781,4,
383821,808301,4,
414249,796590,4,
457338,789952,4,
396276,785999,4,
390282,789593,4,
409417,758123,4,
397561,815245,4,
397137,742547,4,
402891,801910,4,
385257,791581,4,
409628,833942,4,
369249,797068,4,
460942,779073,4,
423146,737571,4,
420509,788730,4,
422736,790806,4,
401492,790336,4,
394018,799506,4,
385140,796221,4,
430243,781020,4,
416775,806826,4,
425796,795608,4,
411488,837715,4,
433989,765343,4,
415806,783594,4,
417023,771194,4,
415270,775605,4,
391163,811977,4,
405350,762342,4,
414860,773921,4,
371779,814715,4,
415631,805010,4,
387951,813315,4,
472691,802678,4,
471930,844046,4,
432892,815223,4,
366654,802105,4,
411721,717873,4,
426115,814461,4,
375997,806621,4,
385561,718324,4,
375573,809249,4,
437958,784801,4,
363857,784086,4,
430138,818594,4,
435085,791564,4,
414036,742189,4,
425611,793420,4,
439793,740773,4,
467107,817914,4,
387631,749416,4,
430001,765803,4,
384225,784381,4,
417146,822655,4,
427371,819417,4,
399587,792459,4,
474648,778810,4,
345692,788190,4,
409515,756149,4,
469782,780552,4,
468229,827985,4,
414951,852935,4,
409701,750741,4,
442826,795974,4,
459556,818479,4,
423311,813081,4,
476144,772131,4,
391976,789416,4,
448649,813885,4,
496658,816784,4,
410336,767856,4,
430167,811490,4,
357467,797530,4,
404220,785798,4,
446368,763341,4,
439514,758221,4,
424145,743433,4,
470062,771204,4,
421187,779726,4,
396617,801039,4,
394708,739061,4,
394912,755947,4,
425950,788228,4,
408283,806161,4,
419520,778231,4,
441950,785934,4,
409814,836083,4,
395817,788858,4,
422776,808328,4,
363959,810632,4,
422943,804253,4,
407626,771304,4,
347933,797148,4,
457554,795861,4,
394274,837428,4,
445674,768552,4,
416359,786189,4,
419485,804779,4,
376176,795539,4,
349378,805118,4,
456566,743012,4,
484407,809641,4,
403329,717870,4,
392795,817694,4,
372621,772258,4,
461751,817277,4,
489182,773934,4,
427388,815258,4,
418155,819422,4,
437035,755506,4,
416444,783624,4,
777811,751059,5,
823974,725025,5,
749723,781756,-1,
875160,698897,5,
828194,742074,5,
800913,749332,5,
831165,783383,5,
793019,764859,5,
810467,706465,5,
803540,754792,5,
844662,654835,6,
803962,731228,5,
823065,733789,5,
822156,732296,5,
811389,723618,5,
779936,774397,5,
854769,713941,5,
803457,735855,5,
790712,745884,5,
815652,733433,5,
841289,701474,5,
832054,751330,5,
786032,701427,5,
824835,704997,5,
832886,781206,5,
818063,797960,5,
857620,709386,5,
828589,652430,6,
836727,737798,5,
776000,780347,5,
824098,714042,5,
830583,710990,5,
862189,735684,5,
815131,704478,5,
828478,655405,6,
784838,771499,5,
880362,706363,5,
767482,727417,5,
825070,734215,5,
813781,738344,5,
840863,737972,5,
840943,739611,5,
828276,762021,5,
822883,728314,5,
854886,769396,5,
829623,732301,5,
835428,731189,5,
818338,800932,5,
823417,701523,5,
812152,689907,5,
829969,699565,5,
861563,661642,-1,
816955,747629,5,
774526,757135,5,
803577,712231,5,
798056,714380,5,
881789,727577,5,
858867,700187,5,
834996,728517,5,
839121,736259,5,
841045,738224,5,
840100,728839,5,
874544,686096,5,
862334,747768,5,
820253,714625,5,
817862,732248,5,
844729,682981,5,
846484,719360,5,
793669,724513,5,
821906,732848,5,
826465,646980,6,
820350,748217,5,
814540,707227,5,
838223,766380,5,
869471,745767,5,
816054,733183,5,
801177,737548,5,
848783,748980,5,
814105,723255,5,
838036,749612,5,
840270,725456,5,
789601,714058,5,
827169,708345,5,
789448,738035,5,
835030,668528,6,
848151,741869,5,
816091,747764,5,
801511,761094,5,
822670,689090,5,
873672,734440,5,
808153,737136,5,
755829,751858,5,
814697,729209,5,
832758,707452,5,
848264,762550,5,
799903,784535,-1,
802674,727804,5,
828147,808738,5,
820707,705318,5,
824594,741664,5,
804474,747122,5,
823108,733302,5,
839514,728923,5,
827711,732798,5,
851644,721350,5,
816390,711340,5,
798007,723995,5,
790612,738038,5,
821909,728448,5,
865754,723314,5,
735295,814058,-1,
877711,703850,5,
792990,685472,5,
809917,762429,5,
789388,712210,5,
879221,655497,-1,
876935,684572,5,
819439,735945,5,
807929,730950,5,
850451,764015,5,
811748,766105,5,
824765,761114,5,
848586,789052,5,
812231,739235,5,
873532,712802,5,
842590,716861,5,
832798,734777,5,
817640,730018,5,
824322,744720,5,
777697,798253,-1,
868493,677155,-1,
805658,698630,5,
840349,790707,5,
796953,726378,5,
832589,782799,5,
817441,709397,5,
856029,730586,5,
805089,762512,5,
854628,773470,5,
846090,651306,6,
796943,674692,5,
827192,785316,5,
818209,719382,5,
795200,786424,-1,
817777,724927,5,
846512,683647,5,
825080,746712,5,
824674,806300,5,
822616,735941,5,
805391,732659,5,
823250,732088,5,
850376,739749,5,
821337,733356,5,
796786,724615,5,
862425,741010,5,
825690,703854,5,
800872,672603,5,
825395,715780,5,
843911,730036,5,
820238,732928,5,
848570,703697,5,
825515,738284,5,
820367,732364,5,
822025,749214,5,
837718,761480,5,
871723,685520,5,
850904,720163,5,
816775,739989,5,
822103,732911,5,
815455,755486,5,
835648,756631,5,
868626,737331,5,
825997,730652,5,
817252,730254,5,
877906,722361,5,
808440,729985,5,
791470,751113,5,
841654,764836,5,
825429,732758,5,
751215,828365,-1,
804706,788001,5,
820194,734233,5,
869991,705259,5,
809779,663654,5,
822078,711840,5,
866139,717138,5,
829379,718721,5,
837582,763266,5,
783999,732487,5,
800231,732106,5,
862569,719773,5,
838764,652792,6,
849343,713993,5,
828297,715480,5,
821259,750089,5,
874643,729921,5,
819058,729125,5,
817018,729596,5,
797804,715342,5,
838515,768484,5,
829398,724900,5,
754841,796342,-1,
878690,739021,5,
821908,732077,5,
786495,759000,5,
823987,687499,5,
787988,741203,5,
839339,726322,5,
822425,727248,5,
854412,725575,5,
788351,737539,5,
838587,700545,5,
840425,762290,5,
817395,734126,5,
807913,737341,5,
872285,750708,5,
788166,702817,5,
836225,709204,5,
822293,786837,5,
888892,702505,5,
822623,745025,5,
795124,696429,5,
832238,725434,5,
815593,689874,5,
843572,784897,5,
833716,758772,5,
822474,780882,5,
801102,759330,5,
841752,731595,5,
808779,732990,5,
822533,758955,5,
817807,715863,5,
837977,728814,5,
801204,755177,5,
819628,810748,5,
814732,734183,5,
832086,716249,5,
876503,659112,-1,
823856,749355,5,
819737,737829,5,
818756,743887,5,
811971,664520,5,
801526,705057,5,
827031,734324,5,
843891,721571,5,
810460,735109,5,
782368,759352,5,
801172,715857,5,
866928,716961,5,
829673,730398,5,
850888,736810,5,
786935,732999,5,
769656,721159,5,
804925,735492,5,
870054,738900,5,
818932,728481,5,
853692,746285,5,
807072,687932,5,
750459,800215,-1,
823959,737866,5,
835804,710711,5,
790206,747165,5,
813092,739043,5,
801810,728106,5,
825404,733788,5,
820947,730529,5,
827081,694553,5,
822664,720677,5,
768565,762193,5,
823113,733720,5,
821079,800206,5,
828531,731300,5,
820757,738235,5,
781260,737962,5,
819438,662327,6,
833504,744564,5,
789552,731946,5,
822843,763117,5,
775555,719683,5,
865084,713697,5,
820455,729132,5,
849547,738979,5,
762269,792243,-1,
821464,700760,5,
824013,753991,5,
803369,698753,5,
823589,728083,5,
796353,710294,5,
820083,728310,5,
829133,735488,5,
823455,747394,5,
818542,740451,5,
809623,734937,5,
841762,777572,5,
802184,751958,5,
803874,675499,5,
830065,739162,5,
824140,729074,5,
852730,769968,5,
866760,753547,5,
811031,703822,5,
825414,734466,5,
816615,770855,5,
786227,765634,5,
817269,733788,5,
809453,736879,5,
757421,774445,5,
818251,731938,5,
788020,765562,5,
823618,734216,5,
812295,728049,5,
837545,696979,5,
797918,694723,5,
822224,742716,5,
821895,732158,5,
797233,713358,5,
800258,733812,5,
813319,737376,5,
860951,162251,7,
860387,157731,7,
857363,154639,7,
863391,126214,7,
839094,159543,7,
849248,164090,7,
875990,133950,7,
905936,150106,7,
895835,123485,7,
818079,108536,7,
898976,198452,7,
869087,153957,7,
849653,143827,7,
834293,161575,7,
844234,153197,7,
835128,212354,7,
828179,155649,7,
875410,128878,7,
850965,156224,7,
800816,176612,7,
832621,150748,7,
876863,176593,7,
826192,172906,7,
862679,188399,7,
839974,154358,7,
854338,135067,7,
855233,141357,7,
850538,160159,7,
868442,160118,7,
888714,205560,7,
864185,161232,7,
851280,156049,7,
875825,204959,7,
840375,155757,7,
892340,149050,7,
873527,126426,7,
836433,200181,7,
826499,142732,7,
854922,159650,7,
883537,210648,7,
807420,168787,7,
840299,118907,7,
834602,213597,7,
864053,139325,7,
856454,117143,7,
857972,160214,7,
850046,108829,7,
804936,148980,7,
864374,150149,7,
858587,150101,7,
870247,121460,7,
855656,162100,7,
850176,127908,7,
850057,157848,7,
828005,145089,7,
861994,160156,7,
849537,157510,7,
867125,168762,7,
838142,156770,7,
847644,164348,7,
856349,158150,7,
860606,152843,7,
869288,168662,7,
838328,185708,7,
860986,140320,7,
829229,143653,7,
866051,172932,7,
871556,194747,7,
865489,161762,7,
851840,110475,7,
846256,154064,7,
836081,178429,7,
859707,202806,7,
849938,156042,7,
894124,202052,7,
864325,170593,7,
848108,161786,7,
817619,181929,7,
858058,196183,7,
861242,161722,7,
885793,172115,7,
850577,157049,7,
877125,161227,7,
883864,111281,7,
891699,170415,7,
802394,87835,-1,
862759,157988,7,
824185,167369,7,
813124,157130,7,
840335,164912,7,
858042,178196,7,
846257,145306,7,
858516,151301,7,
851282,153750,7,
905005,164126,7,
857309,139276,7,
845589,192916,7,
895245,150977,7,
863995,150435,7,
862642,159379,7,
861631,169376,7,
858934,162874,7,
912023,160368,7,
842824,177832,7,
824560,133679,7,
842281,175525,7,
860845,155375,7,
841096,188742,7,
821428,153468,7,
840357,169437,7,
827802,189078,7,
844734,164570,7,
847812,114745,7,
887269,166179,7,
830159,134329,7,
850925,157811,7,
847276,121785,7,
870599,149782,7,
780153,136449,7,
814379,132655,7,
834483,173379,7,
852423,159874,7,
854012,157449,7,
883375,158482,7,
850219,110573,7,
836450,151205,7,
881217,172320,7,
813239,139752,7,
871255,140340,7,
789356,159383,7,
873690,156226,7,
858834,149259,7,
778867,140736,7,
872057,122354,7,
882097,161493,7,
787336,144875,7,
849751,167033,7,
843833,170416,7,
850663,157840,7,
812240,177846,7,
838609,140215,7,
850959,157920,7,
859703,156782,7,
854753,190254,7,
895723,126593,7,
857833,170565,7,
850200,164752,7,
845303,150476,7,
877422,134877,7,
850153,155701,7,
819256,201704,7,
871689,155981,7,
818014,140185,7,
815298,167390,7,
864088,171351,7,
902529,162041,7,
908069,146564,7,
799326,106384,-1,
854996,81095,-1,
843813,182032,7,
888504,147016,7,
877964,242679,-1,
851866,156896,7,
821361,175823,7,
810775,160434,7,
843150,156573,7,
844088,150085,7,
830620,117906,7,
835790,127898,7,
819541,117296,7,
858703,157931,7,
857846,153281,7,
876408,183646,7,
842576,153072,7,
848974,199427,7,
862925,243856,-1,
856561,128799,7,
834171,189042,7,
872516,217570,7,
869167,105039,7,
819670,183364,7,
846575,159002,7,
895127,152283,7,
830445,186055,7,
792179,148539,7,
852410,187705,7,
853554,158012,7,
927170,250593,-1,
825605,167750,7,
846731,162515,7,
878170,123364,7,
884966,133900,7,
866987,154415,7,
846284,113820,7,
873474,159567,7,
878258,158631,7,
882306,173836,7,
856924,169071,7,
794260,129843,7,
851568,114049,7,
868736,179354,7,
925732,210388,-1,
868375,161990,7,
855593,161003,7,
849599,157084,7,
868317,177001,7,
800304,163436,7,
823740,169808,7,
856202,158811,7,
883929,121705,7,
851010,157593,7,
872506,157517,7,
850533,160136,7,
816393,185056,7,
850911,157772,7,
812942,85345,-1,
835581,147664,7,
913298,162009,7,
858172,137586,7,
872781,154295,7,
871597,185239,7,
923120,170161,7,
837019,215527,7,
835702,176502,7,
837017,154170,7,
859177,143273,7,
866851,129505,7,
855852,134834,7,
924289,171369,7,
860154,113364,7,
836739,162321,7,
850775,162968,7,
884750,154317,7,
849681,125345,7,
854463,159977,7,
883567,161769,7,
848137,87922,-1,
823676,152154,7,
848135,130674,7,
844400,150812,7,
864494,136669,7,
878157,210496,7,
851088,157432,7,
786528,104976,-1,
860106,157080,7,
861412,205239,7,
820675,168154,7,
834036,144156,7,
842907,133992,7,
846720,162060,7,
871544,144135,7,
849003,115373,7,
856753,145184,7,
839757,190518,7,
865113,161302,7,
846936,161313,7,
845802,172285,7,
844357,163402,7,
881106,105566,7,
877835,151890,7,
839445,149778,7,
866560,165110,7,
845798,213118,7,
818668,120458,7,
831446,182864,7,
900955,185733,7,
836647,167267,7,
874672,104851,7,
849126,121710,7,
889142,154467,7,
855993,225023,7,
854095,158510,7,
850787,125678,7,
859298,139834,7,
829216,121494,7,
837676,148639,7,
851919,127963,7,
841353,125628,7,
848563,117708,7,
893106,176595,7,
852503,146551,7,
848290,143184,7,
825541,151495,7,
883231,232031,7,
864667,143614,7,
805089,96540,-1,
854909,149938,7,
847097,176660,7,
910435,171155,7,
878749,188759,7,
871780,158486,7,
841292,155620,7,
846011,160034,7,
855969,193497,7,
860927,110775,7,
808069,134402,7,
848413,183717,7,
791722,162000,7,
852104,134678,7,
806567,140259,7,
847423,161535,7,
867993,162841,7,
828038,149181,7,
849404,170474,7,
841967,150890,7,
850945,161669,7,
888697,143969,7,
813868,188928,7,
864991,159874,7,
881109,152198,7,
811694,188374,7,
900360,153622,7,
885764,151791,7,
814553,164190,7,
895623,178393,7,
829790,205695,7,
865170,173755,7,
850453,155432,7,
864211,216526,7,
848770,111076,7,
791199,164843,7,
834165,140684,7,
843905,219401,7,
857328,143692,7,
838146,159541,7,
340693,569371,8,
315965,587160,8,
405652,622938,8,
359831,554975,8,
349296,557688,8,
289423,559134,8,
408689,562521,8,
321312,574721,8,
286568,547471,8,
370259,585265,8,
339967,562602,8,
410917,614521,8,
283570,563726,8,
347197,591316,8,
342064,570045,8,
317331,556086,8,
335792,541310,8,
330455,568758,8,
366794,582584,8,
378697,591764,8,
339981,565418,8,
338342,566864,8,
338474,563350,8,
432052,613723,-1,
340064,550509,8,
334354,578047,8,
296775,572432,8,
353335,592567,8,
334016,562797,8,
328438,532686,8,
365927,571713,8,
343247,564376,8,
325057,581121,8,
330881,579058,8,
378648,579579,8,
339115,566863,8,
333299,597586,8,
367048,553451,8,
345840,561591,8,
366934,581294,8,
358793,547046,8,
393570,579641,8,
304399,545221,8,
353979,578923,8,
337002,589527,8,
327738,559624,8,
334549,579199,8,
297110,556485,8,
327403,548875,8,
413894,564459,8,
326043,553772,8,
337811,558454,8,
333901,532836,8,
340545,568654,8,
358483,554925,8,
318065,581616,8,
367751,578289,8,
331667,570387,8,
321519,561045,8,
299578,572052,8,
339632,536577,8,
339993,544064,8,
268672,508874,8,
332960,569308,8,
345042,566973,8,
352220,602793,8,
333934,537464,8,
312386,555195,8,
334182,558498,8,
335328,562880,8,
303637,570253,8,
353145,580916,8,
325118,556212,8,
294310,563522,8,
371563,547746,8,
373894,555347,8,
407040,577739,8,
337298,565486,8,
357813,572855,8,
304157,566007,8,
335918,566525,8,
330127,570072,8,
339212,538693,8,
357275,551101,8,
334785,565575,8,
326152,563230,8,
345903,561314,8,
238748,551038,-1,
331175,551842,8,
352520,566829,8,
341675,560197,8,
354746,552404,8,
412500,594675,8,
277027,536847,8,
322209,547247,8,
375619,553791,8,
288068,561932,8,
344770,570309,8,
284031,566654,8,
324442,567881,8,
356246,549756,8,
404420,577532,8,
336829,562228,8,
293591,522132,8,
342963,582232,8,
338860,561151,8,
324055,590810,8,
328331,541094,8,
357737,597104,8,
392534,593343,8,
298665,568245,8,
343376,575709,8,
338863,563107,8,
361370,552483,8,
338935,567577,8,
350117,535859,8,
371000,555062,8,
368617,554066,8,
331795,529654,8,
344237,573700,8,
280110,522025,8,
328657,564864,8,
452457,597461,-1,
333669,542228,8,
320628,564596,8,
316642,553340,8,
340712,563178,8,
349955,535578,8,
261538,525920,-1,
411008,607342,8,
317136,563479,8,
297022,574097,8,
319927,524637,8,
359772,568428,8,
344791,578536,8,
324093,580491,8,
373907,558472,8,
321905,573147,8,
341721,576427,8,
386373,606623,8,
338588,543875,8,
341578,558672,8,
371616,570648,8,
331987,568997,8,
341329,565571,8,
334350,556417,8,
330482,571217,8,
338950,572545,8,
289087,565427,8,
343997,585193,8,
225786,529417,9,
365567,547606,8,
320827,519618,8,
286990,529505,8,
321517,569562,8,
388806,569524,8,
411796,581307,8,
331440,551885,8,
325958,573367,8,
348171,569251,8,
344239,530765,8,
419151,577335,8,
321309,569996,8,
386377,574187,8,
342099,561508,8,
366688,562413,8,
321657,538660,8,
403004,613466,8,
363304,553764,8,
384922,582877,8,
304556,568584,8,
336787,538925,8,
327998,571265,8,
303269,531608,8,
313649,523765,8,
337889,558031,8,
360165,553303,8,
340032,561740,8,
338634,564414,8,
351459,565704,8,
412767,593558,8,
283474,532727,8,
336928,557412,8,
366478,594677,8,
343450,570659,8,
331616,565089,8,
354529,573677,8,
276703,559740,8,
282066,560178,8,
331366,567311,8,
321910,573825,8,
290107,571927,8,
281979,518199,8,
374695,563163,8,
340191,567638,8,
338583,563529,8,
358312,559466,8,
338474,564151,8,
338205,566246,8,
342901,582886,8,
265815,540385,8,
304086,576100,8,
347966,563506,8,
346144,560472,8,
352381,592377,8,
318681,528806,8,
369366,561201,8,
310041,533285,8,
344314,595915,8,
363956,609339,8,
328586,551385,8,
330767,552963,8,
312558,520650,8,
315850,573154,8,
379388,567285,8,
329905,579935,8,
352209,548608,8,
357679,548036,8,
339288,588052,8,
330335,568221,8,
341559,562163,8,
341925,569393,8,
327695,543105,8,
335999,549795,8,
302359,534317,8,
332586,566187,8,
330750,561657,8,
400380,588221,8,
337910,562252,8,
336549,565597,8,
343717,559909,8,
332116,594868,8,
358384,556361,8,
415881,584352,8,
345164,579614,8,
316395,537403,8,
340970,564831,8,
340383,600071,8,
326627,534442,8,
356865,545785,8,
306298,551902,8,
347575,565576,8,
302583,571881,8,
352424,557574,8,
279008,521035,8,
335029,553213,8,
338753,563384,8,
324032,577807,8,
327973,534972,8,
321924,527106,8,
345495,579864,8,
385091,599401,8,
361138,551307,8,
332884,533990,8,
269126,508814,8,
350056,566657,8,
374117,546122,8,
350283,559840,8,
335525,567445,8,
350798,535657,8,
289002,520678,8,
324516,522674,8,
364844,571623,8,
351815,574947,8,
275524,559548,8,
348773,583528,8,
308966,523409,8,
316313,570785,8,
341966,561987,8,
341446,538787,8,
318823,565345,8,
347522,587567,8,
293746,544468,8,
334983,572690,8,
325125,564342,8,
330145,546705,8,
336336,563145,8,
302353,545544,8,
321216,569834,8,
285152,520229,8,
335027,565050,8,
332270,556288,8,
341016,545280,8,
339640,561426,8,
338633,563504,8,
324952,565867,8,
353583,554147,8,
385183,556284,8,
292636,520371,8,
289176,571435,8,
310944,559497,8,
336974,563207,8,
337173,557853,8,
396903,591235,8,
324440,567074,8,
333378,557892,8,
300366,565761,8,
344437,529492,8,
325871,558965,8,
367641,556309,8,
344552,554676,8,
297212,546223,8,
355924,577596,8,
331340,524203,8,
292932,558293,8,
306346,523584,8,
341966,586266,8,
282430,560217,8,
326251,549298,8,
335201,585318,8,
351564,573155,8,
322365,530808,8,
405542,600089,8,
296763,528676,8,
221233,538472,9,
338084,560295,8,
345674,579033,8,
325883,560492,8,
345123,577788,8,
329859,564384,8,
353939,570931,8,
409616,575024,8,
365058,545456,8,
404782,557913,8,
368724,598412,8,
344096,575522,8,
182618,346663,10,
171461,348130,10,
186536,330019,10,
177241,292639,10,
248683,383412,-1,
174057,358906,10,
215243,289985,-1,
170688,343596,10,
144502,345417,10,
165689,356983,10,
168443,367928,10,
165158,343946,10,
159711,352701,10,
175781,341039,10,
233480,289069,-1,
189029,366740,10,
168573,350387,10,
170271,306395,10,
192775,350028,10,
152054,345632,10,
139299,314046,10,
202053,322650,10,
134695,350397,10,
159654,381778,10,
188093,324040,10,
183236,338163,10,
156984,430950,10,
182751,435819,10,
198908,372797,10,
198517,325721,10,
161345,350804,10,
210497,359835,10,
141993,331189,10,
170788,373545,10,
166449,363036,10,
155479,345893,10,
186380,363938,10,
129332,360811,10,
224225,376975,-1,
165945,345849,10,
223550,323197,10,
122755,434879,-1,
166584,349245,10,
179472,342273,10,
148749,359845,10,
177505,332053,10,
160222,380591,10,
178869,370161,10,
170002,370000,10,
164354,347671,10,
169966,368623,10,
145867,363616,10,
181561,358111,10,
164915,350360,10,
166973,341636,10,
153181,277968,10,
155505,355581,10,
160835,347784,10,
211265,396792,-1,
203254,362605,10,
137967,354539,10,
174064,357989,10,
179609,408365,10,
176506,351827,10,
172879,347028,10,
180506,330980,10,
185966,359964,10,
146070,316860,10,
152957,321354,10,
163190,331719,10,
186914,361706,10,
159191,309314,10,
170425,316185,10,
162040,316797,10,
195000,354829,10,
126702,351222,10,
213064,290947,-1,
140612,350010,10,
172885,352621,10,
170155,343568,10,
186806,334070,10,
146072,288800,10,
169293,348686,10,
169502,411323,10,
152861,407965,10,
156041,295117,10,
117585,391892,-1,
163981,344090,10,
158664,310765,10,
141113,351050,10,
163796,345091,10,
160369,353500,10,
235671,300234,-1,
140876,334435,10,
108232,373112,10,
192460,388323,10,
133744,308918,10,
216209,437830,-1,
156945,339397,10,
199859,316334,10,
159496,331641,10,
167845,341409,10,
182435,365508,10,
133795,360518,10,
169628,365003,10,
167262,399527,10,
177728,352687,10,
130683,363204,10,
198197,344933,10,
197735,355477,10,
172020,342883,10,
185561,342784,10,
202011,337353,10,
157394,346500,10,
182050,424341,10,
129664,341196,10,
173188,355248,10,
182499,310438,10,
170384,339979,10,
182093,321311,10,
185696,338006,10,
102221,374657,-1,
165881,364469,10,
164875,349007,10,
159120,340829,10,
168274,374689,10,
178495,373915,10,
179811,342089,10,
162606,363185,10,
173908,362098,10,
133580,348602,10,
190634,357254,10,
186503,369651,10,
127134,379827,10,
169145,355279,10,
140121,346875,10,
141860,324304,10,
200251,306215,10,
174373,363552,10,
170022,347877,10,
165657,338722,10,
186361,351075,10,
213022,338238,10,
155228,357729,10,
171614,435530,10,
175586,365049,10,
187858,381077,10,
171074,293610,10,
153738,360530,10,
199043,270173,-1,
165886,348709,10,
159428,300364,10,
197463,378513,10,
161273,347538,10,
186082,330058,10,
143732,279724,10,
142899,329415,10,
156977,424622,10,
174878,362329,10,
148915,338914,10,
187324,377187,10,
175766,380534,10,
185071,362905,10,
158550,354818,10,
174672,345849,10,
169880,343122,10,
109090,326101,10,
187854,354777,10,
153903,353738,10,
190241,329582,10,
102983,382712,-1,
143117,345163,10,
188985,367645,10,
174834,411644,10,
144228,344974,10,
146821,297434,10,
171848,343242,10,
94382,320888,-1,
154412,310120,10,
176490,344679,10,
170616,352610,10,
81648,360080,-1,
153607,379395,10,
183970,355973,10,
105444,361358,10,
158571,361986,10,
177579,319865,10,
198892,322470,10,
216975,296647,-1,
166654,350678,10,
189102,333074,10,
198712,303299,10,
137098,384889,10,
144306,328086,10,
142455,343512,10,
178319,318244,10,
168886,353913,10,
174656,393278,10,
130805,354417,10,
176433,350561,10,
142252,329183,10,
165476,377389,10,
210102,333312,10,
129453,321221,10,
144705,375936,10,
206687,342276,10,
153583,352282,10,
189499,356601,10,
159392,351000,10,
181463,326571,10,
162975,335389,10,
157691,334886,10,
154167,353183,10,
165607,362883,10,
182239,333302,10,
176982,354631,10,
183516,374212,10,
191099,341570,10,
184570,360446,10,
207804,354938,10,
198493,326704,10,
149269,341445,10,
184798,392233,10,
174438,319075,10,
107124,325984,10,
76052,360840,-1,
159302,337993,10,
140101,341028,10,
168149,345638,10,
150009,371014,10,
157193,350343,10,
111476,358647,10,
151164,332239,10,
171318,373473,10,
175169,349454,10,
162600,392531,10,
168067,340249,10,
170102,323164,10,
124132,340448,10,
149863,284721,10,
168079,347343,10,
128953,304971,10,
169228,364545,10,
198415,321418,10,
183610,321788,10,
220869,407358,-1,
159472,372246,10,
170837,353968,10,
165653,317602,10,
135537,356169,10,
166973,334724,10,
158750,312102,10,
161448,373412,10,
158713,379013,10,
180493,319750,10,
125715,302114,10,
194033,340466,10,
158871,312380,10,
161387,343617,10,
169121,347594,10,
167653,352074,10,
125902,318850,10,
217686,296514,-1,
171986,429306,10,
211360,279794,-1,
157181,346842,10,
188909,341194,10,
140128,325904,10,
117874,389929,-1,
162921,317643,10,
173978,346514,10,
98533,355691,10,
194956,372256,10,
164847,287064,10,
174410,372064,10,
149092,352682,10,
166323,352927,10,
178515,370287,10,
169337,348605,10,
122986,334382,10,
145282,391482,10,
185919,363092,10,
180519,368284,10,
181227,347052,10,
168284,309036,10,
198251,335402,10,
160922,347681,10,
141861,328909,10,
147911,328024,10,
178264,330827,10,
178235,346006,10,
195151,317753,10,
122360,357480,10,
167330,332452,10,
115363,305575,10,
185661,404482,10,
177858,352255,10,
113068,317574,10,
125675,360158,10,
172842,351663,10,
124724,459999,-1,
169069,348929,10,
185253,344152,10,
155625,262321,10,
158201,315944,10,
171277,361020,10,
209553,326461,10,
160165,362858,10,
190725,336160,10,
169994,409806,10,
179463,361279,10,
172662,388185,10,
165284,425978,10,
160206,303063,10,
155690,368375,10,
124516,325289,10,
179326,321160,10,
165573,305517,10,
155508,372355,10,
166799,318482,10,
161780,324523,10,
168805,351913,10,
206519,355629,10,
163091,350167,10,
176144,353300,10,
179483,359645,10,
213951,352868,10,
164046,346109,10,
169569,346955,10,
225356,318394,10,
214966,358837,10,
159253,343477,10,
219779,330969,10,
169876,340860,10,
669118,354195,11,
613682,399434,11,
617399,392653,11,
629247,364078,11,
641070,424917,11,
609532,388425,11,
629369,398359,11,
605911,379990,11,
622550,391601,11,
607905,403460,11,
679465,399014,11,
608711,373665,11,
623498,399288,11,
601212,370698,11,
574989,407228,11,
563517,391159,11,
687717,379483,11,
616040,330855,11,
653024,367312,11,
607440,403119,11,
620240,397022,11,
599215,391457,11,
587478,424878,11,
613921,394043,11,
624328,392133,11,
635887,384511,11,
559877,401053,11,
617755,401065,11,
693265,388552,11,
559933,403956,11,
655859,416496,11,
625919,402984,11,
595215,391491,11,
617493,379303,11,
598657,442558,11,
601644,436831,11,
617118,374098,11,
591051,389443,11,
617296,386864,11,
616468,394118,11,
630384,376295,11,
558770,390646,11,
637332,414017,11,
556780,409205,11,
577473,384210,11,
650054,432740,11,
595063,328609,-1,
714443,433876,-1,
603566,410391,11,
562356,383175,11,
546166,423311,11,
626539,394908,11,
663820,416308,11,
710910,464586,-1,
624310,398408,11,
632546,389750,11,
667249,417107,11,
608309,377530,11,
611357,393577,11,
658219,436184,11,
615032,402225,11,
628131,406850,11,
632390,363198,11,
575116,345564,12,
625784,441883,11,
618893,419740,11,
579564,428498,11,
686324,364237,11,
586242,396484,11,
623248,399928,11,
609219,362804,11,
537211,376777,-1,
605310,394011,11,
634973,450542,11,
595411,413706,11,
613037,419086,11,
617444,397675,11,
633304,366062,11,
592620,446156,11,
631633,337973,11,
619637,395224,11,
620330,398630,11,
621964,409409,11,
618446,372298,11,
629789,426313,11,
608687,374928,11,
680646,375662,11,
591831,438997,11,
550086,442382,11,
620330,396776,11,
551236,401856,11,
617178,414525,11,
584938,344365,12,
622636,456843,11,
649987,408293,11,
613719,382828,11,
576987,392508,11,
599766,409755,11,
584077,398498,11,
695514,321521,-1,
561388,355834,12,
691600,397893,11,
610676,449688,11,
600114,413216,11,
626811,372435,11,
636291,360636,11,
570384,393553,11,
626700,401688,11,
624106,398619,11,
523329,404632,-1,
611954,360938,11,
613536,395801,11,
576488,397913,11,
652745,406585,11,
603193,371867,11,
610026,444858,11,
629725,405117,11,
648429,422590,11,
562772,382904,11,
638823,411764,11,
617764,397102,11,
579922,379009,11,
610698,396326,11,
642607,374702,11,
621629,397208,11,
659321,404555,11,
576235,462612,11,
598628,425191,11,
623502,420376,11,
665965,449273,11,
608923,385575,11,
611579,407670,11,
617573,386848,11,
589862,418742,11,
653325,396810,11,
605073,372055,11,
623137,408209,11,
499262,398424,-1,
619339,401624,11,
619295,397643,11,
578878,420108,11,
533577,355107,-1,
615934,426539,11,
690195,475150,-1,
673514,390760,11,
657120,386782,11,
549945,372313,11,
675858,410545,11,
626586,415166,11,
618449,404599,11,
638783,399478,11,
578113,395458,11,
622557,361134,11,
635324,420555,11,
666135,430421,11,
689725,465685,-1,
593601,445149,11,
615094,383077,11,
624599,417673,11,
573969,434110,11,
642881,403147,11,
634383,422065,11,
582389,428200,11,
617330,369828,11,
621989,394856,11,
651828,468138,-1,
612936,398723,11,
613351,407952,11,
562777,437516,11,
533212,366954,-1,
618113,400002,11,
609344,448128,11,
615342,413931,11,
623989,368662,11,
620187,400168,11,
687638,439257,-1,
573925,449341,11,
547270,403384,11,
619318,361696,11,
588432,446279,11,
592924,393730,11,
615325,383841,11,
611875,422910,11,
681941,370225,11,
620818,396967,11,
662154,385013,11,
554938,347875,12,
628655,321099,11,
619628,399433,11,
660333,393215,11,
618391,348381,11,
565829,395454,11,
617689,397001,11,
604554,393193,11,
572417,403906,11,
659193,384523,11,
632060,367800,11,
633894,404424,11,
620610,395343,11,
615175,397627,11,
624293,333944,11,
593689,316888,-1,
617319,374666,11,
572244,349463,12,
619239,400025,11,
621622,390298,11,
622101,371771,11,
630205,338054,11,
654147,407182,11,
637594,420311,11,
629004,392271,11,
585207,336451,12,
618349,397614,11,
650157,402991,11,
638966,486628,-1,
655201,411873,11,
602335,433298,11,
630706,388370,11,
617428,397343,11,
621537,390372,11,
631365,450732,11,
618406,404239,11,
601390,453925,11,
603945,361794,11,
619427,396945,11,
660103,414557,11,
700340,335010,-1,
608182,416637,11,
661166,404325,11,
620939,385731,11,
626371,349696,11,
614683,367259,11,
619332,401992,11,
587453,401098,11,
652349,321291,-1,
617954,395504,11,
636807,424537,11,
533889,333741,-1,
623386,387031,11,
632952,385722,11,
695010,449565,-1,
626843,367696,11,
488205,420586,-1,
611547,411952,11,
621241,368090,11,
581240,362971,11,
608747,363132,11,
662177,420431,11,
615665,405490,11,
617447,366176,11,
560393,389490,11,
685785,409913,11,
623433,400160,11,
609091,437020,11,
624343,403629,11,
668879,388617,11,
567105,437623,11,
657450,365008,11,
591955,378142,11,
588952,437524,11,
607665,447516,11,
608601,418450,11,
662830,420955,11,
605891,428146,11,
615239,317684,11,
588933,366439,11,
618053,357534,11,
577773,434308,11,
606558,458285,11,
620955,389692,11,
738190,371970,-1,
634661,446187,11,
571692,449353,11,
605650,447537,11,
639502,371440,11,
684568,380640,11,
658735,399039,11,
618157,384990,11,
618869,398187,11,
603388,403039,11,
585255,415823,11,
639507,438534,11,
594112,399331,11,
619475,400592,11,
571570,375257,11,
659297,373975,11,
603285,449307,11,
610199,394579,11,
590500,418472,11,
630904,404643,11,
591725,406549,11,
621560,397789,11,
563182,367521,11,
593879,444161,11,
616054,371666,11,
627679,395601,11,
608195,447380,11,
616737,397973,11,
650120,324477,-1,
616926,398697,11,
650859,460072,-1,
642157,345545,11,
601369,411415,11,
604703,392288,11,
721905,378957,-1,
619415,397644,11,
571043,347389,12,
659191,459637,-1,
629978,400626,11,
688487,383589,11,
598053,438963,11,
635242,356290,11,
605899,412428,11,
656642,407213,11,
619924,406713,11,
630067,372798,11,
600007,377908,11,
589164,386733,11,
630491,379017,11,
618676,377015,11,
639613,388524,11,
669409,415893,11,
681608,436537,11,
649968,371445,11,
629000,417990,11,
658884,390135,11,
605407,427914,11,
629891,414975,11,
621778,364695,11,
610722,418243,11,
601599,388540,11,
615649,429323,11,
627206,402647,11,
643965,366316,11,
614877,402442,11,
606486,420054,11,
668482,358452,11,
628715,434772,11,
196462,887983,13,
335970,846828,-1,
272394,837600,13,
211165,825505,13,
226433,837646,13,
219686,859997,13,
242087,844255,13,
213558,873714,13,
245144,845719,13,
247997,878582,13,
283576,809069,13,
224676,859348,13,
298214,820903,13,
245468,859425,13,
222704,824909,13,
250921,819639,13,
249209,801933,13,
230591,874855,13,
234091,876039,13,
286769,862152,13,
224789,866804,13,
245023,849247,13,
263626,851699,13,
250198,825417,13,
231263,863308,13,
307605,840195,13,
276635,875623,13,
230399,842538,13,
274070,798617,13,
247939,831010,13,
209922,850026,13,
300726,862728,13,
222727,770963,-1,
239505,885057,13,
291561,845450,13,
221122,832810,13,
194258,914691,-1,
228928,855040,13,
264627,808661,13,
225916,843329,13,
240221,843932,13,
276600,823311,13,
204854,810013,13,
278326,829095,13,
246047,846189,13,
251032,876118,13,
285258,848668,13,
260943,889692,13,
245928,867228,13,
221002,870506,13,
292872,896822,-1,
261896,897475,13,
269723,849664,13,
243941,843256,13,
249370,872804,13,
237120,856814,13,
257472,849587,13,
253703,834676,13,
238080,830689,13,
225991,869734,13,
231781,799444,13,
296892,901182,-1,
234604,822462,13,
241473,860854,13,
219864,842635,13,
235901,856563,13,
207217,878249,13,
256949,820470,13,
204597,863162,13,
325275,866433,13,
239344,814789,13,
187894,871219,13,
259973,862559,13,
189752,865463,13,
245707,844466,13,
188480,870646,13,
305915,854818,13,
242443,851797,13,
227138,824372,13,
229970,878786,13,
281971,825246,13,
241166,845204,13,
225846,874086,13,
284077,905181,-1,
258975,837353,13,
241972,840749,13,
245602,857160,13,
227363,836593,13,
257926,936947,-1,
237689,839510,13,
267799,847911,13,
207552,772091,-1,
201567,881003,13,
265125,820661,13,
273165,852766,13,
290210,818593,13,
256487,868899,13,
271395,862063,13,
251958,886571,13,
249253,856047,13,
268289,878265,13,
295375,861990,13,
256316,818886,13,
246470,842932,13,
314666,849163,13,
298979,774144,-1,
192885,887667,13,
227819,900986,13,
250003,859517,13,
249857,844975,13,
218369,851387,13,
252586,806474,13,
283017,850861,13,
228095,843338,13,
266980,825990,13,
241381,844402,13,
294053,878220,13,
253339,750941,-1,
241413,845029,13,
294326,807584,13,
257856,846423,13,
248210,886338,13,
216846,737568,-1,
244743,830888,13,
277055,860813,13,
279923,805957,13,
235041,823732,13,
238524,842928,13,
246453,883061,13,
260590,827955,13,
274554,845338,13,
245254,907991,13,
299821,866288,13,
261120,804153,13,
246729,879602,13,
240308,844341,13,
220620,819091,13,
268926,813783,13,
234219,845270,13,
188424,849785,13,
240171,843940,13,
163766,859386,13,
191257,802651,-1,
224852,934148,-1,
261093,844962,13,
228711,848090,13,
183478,851724,13,
201080,823689,13,
118590,857150,-1,
264798,767716,-1,
313609,860065,13,
232246,844226,13,
237757,834092,13,
222682,806314,13,
243331,844022,13,
197362,870337,13,
229857,843917,13,
244257,776516,-1,
224083,852922,13,
309399,838744,13,
271205,817620,13,
242247,864253,13,
235337,831592,13,
232357,810798,13,
252199,828023,13,
267049,950249,-1,
245678,821691,13,
241138,844374,13,
246182,840370,13,
264175,824349,13,
266977,887963,13,
274685,883097,13,
244260,847060,13,
256073,917590,13,
258416,835432,13,
241687,844256,13,
282603,846165,13,
228032,893055,13,
226949,889283,13,
264274,813041,13,
139601,914203,-1,
229131,842806,13,
236274,861302,13,
261819,863523,13,
200005,825237,13,
310591,841778,13,
244049,817710,13,
235022,911236,13,
256512,837094,13,
236495,861569,13,
256889,880721,13,
258528,856273,13,
233284,860085,13,
257480,849037,13,
269354,811847,13,
222445,891438,13,
222356,840843,13,
236207,886769,13,
174371,864697,13,
159683,838958,13,
237750,837381,13,
241545,838673,13,
256082,831969,13,
246468,838071,13,
205919,844377,13,
266111,813259,13,
244246,847589,13,
244899,812192,13,
219316,898830,13,
251866,864044,13,
238308,790723,13,
209264,836661,13,
242519,845811,13,
351883,890475,-1,
278929,842054,13,
244027,850132,13,
248570,843156,13,
224681,858432,13,
210276,824826,13,
220884,916718,13,
240846,841609,13,
257093,801567,13,
236749,813868,13,
332237,911313,-1,
288954,846991,13,
238084,844799,13,
236431,844100,13,
299772,828655,13,
241633,846949,13,
230107,858332,13,
256216,903741,13,
258135,880184,13,
232331,872896,13,
183583,787453,-1,
264293,890923,13,
213208,833959,13,
224288,931476,-1,
261622,869706,13,
297183,841456,13,
241849,815141,13,
308616,811021,13,
220931,876605,13,
289719,866638,13,
233931,838374,13,
224694,848663,13,
240645,855514,13,
229567,855332,13,
247613,815836,13,
239387,847822,13,
257788,880587,13,
245532,846331,13,
224241,828996,13,
227582,856861,13,
244618,845420,13,
213775,841758,13,
243511,830743,13,
244799,841688,13,
216061,848623,13,
294492,832336,13,
248931,844960,13,
267478,894783,13,
228715,837572,13,
269483,848608,13,
248276,844455,13,
236987,881080,13,
223732,826580,13,
230149,886583,13,
265299,859533,13,
181803,799487,-1,
247210,859012,13,
261633,773355,-1,
262370,891499,13,
250394,847577,13,
222019,839774,13,
238328,770068,-1,
208941,860169,13,
238714,858826,13,
241005,825301,13,
270742,847836,13,
238492,833394,13,
312726,853829,13,
286663,846902,13,
261796,819395,13,
253890,807676,13,
242415,844335,13,
134134,842630,-1,
163956,833732,13,
250359,849451,13,
295357,842293,13,
218942,848326,13,
205466,778884,-1,
253899,862843,13,
244966,841126,13,
208494,850615,13,
221126,837878,13,
271093,861412,13,
216543,842952,13,
255185,825960,13,
251070,877802,13,
264565,859237,13,
228611,836717,13,
228517,837056,13,
198583,860431,13,
215976,836025,13,
254411,848090,13,
168036,807011,-1,
292194,906490,-1,
243951,865415,13,
260922,785987,13,
245740,814541,13,
317675,838127,13,
274505,864723,13,
230049,865536,13,
235084,818866,13,
172690,847721,13,
221706,875060,13,
236740,853169,13,
298800,824277,13,
265246,889333,13,
219498,851932,13,
247484,846372,13,
288675,919879,-1,
229280,813483,13,
282622,879222,13,
307300,836132,13,
238260,882489,13,
219049,825171,13,
219321,848396,13,
240028,849354,13,
212009,864463,13,
246857,852483,13,
245118,811283,13,
247855,794626,13,
253655,821946,13,
241475,850889,13,
210162,860529,13,
204922,854068,13,
225567,853078,13,
245258,799882,13,
257134,845851,13,
187314,815820,13,
294275,174786,14,
329428,66056,-1,
325938,164475,14,
253129,154296,14,
319838,170383,14,
240213,118409,-1,
283784,178305,14,
376613,159699,14,
338717,181582,14,
304283,183656,14,
314519,146787,14,
270899,175377,14,
291228,101272,14,
291170,110147,14,
321522,163852,14,
202627,179376,-1,
307913,91419,14,
311093,169734,14,
321775,164846,14,
294832,124284,14,
295537,91032,14,
383044,180418,14,
338570,192256,14,
337894,175289,14,
359796,165920,14,
316263,163806,14,
320972,170417,14,
277860,111893,14,
367806,123963,14,
359352,162962,14,
350964,149159,14,
332201,181702,14,
287966,150135,14,
346942,152780,14,
232784,169847,14,
292492,99170,14,
334529,166765,14,
363208,238649,14,
196795,190277,-1,
353333,113156,14,
373191,88470,-1,
333789,151168,14,
339732,163158,14,
321822,187102,14,
276792,141848,14,
308044,164482,14,
311328,159477,14,
383052,89061,-1,
316820,150304,14,
314479,178821,14,
310824,144943,14,
333143,200298,14,
300672,175844,14,
339482,151261,14,
319208,164182,14,
321645,164662,14,
308763,166511,14,
308066,145825,14,
360143,155270,14,
348893,195430,14,
319283,158983,14,
332284,194186,14,
292402,184441,14,
361227,221878,14,
313573,109221,14,
310693,154278,14,
344482,215846,14,
358652,186358,14,
330533,214555,14,
320400,160020,14,
267662,127175,14,
396583,82842,-1,
292193,125417,14,
324121,96346,14,
321344,166633,14,
234837,151054,14,
368060,76739,-1,
347050,150472,14,
245783,109229,-1,
400550,144359,-1,
343217,153037,14,
315488,160339,14,
347406,155708,14,
336845,172750,14,
357014,148222,14,
331862,169092,14,
322140,165212,14,
363075,162238,14,
318738,182134,14,
346717,178180,14,
311819,140674,14,
332032,157725,14,
301983,173386,14,
321556,163352,14,
315830,102777,14,
312275,145173,14,
325861,203058,14,
360703,150999,14,
345976,148333,14,
320210,191459,14,
318665,158107,14,
425563,163524,-1,
264427,188193,14,
348177,179526,14,
265430,151883,14,
320718,158610,14,
380609,185976,14,
345234,188822,14,
362027,150348,14,
300294,178772,14,
315963,174031,14,
333787,189423,14,
337343,156614,14,
334812,137431,14,
347492,153416,14,
324518,167369,14,
353991,193997,14,
274321,219665,-1,
335476,183897,14,
300021,159185,14,
384591,137729,14,
320000,162605,14,
268938,211870,14,
366146,196571,14,
356280,185198,14,
325767,164095,14,
350480,214608,14,
314791,163370,14,
302582,134124,14,
328851,147002,14,
347039,195468,14,
289531,145743,14,
343018,239960,-1,
271123,163465,14,
326959,154655,14,
332307,189590,14,
310529,141617,14,
380281,205779,14,
411606,137378,-1,
348191,165419,14,
305292,175260,14,
256120,141529,14,
390934,170420,14,
358562,112650,14,
355499,224982,14,
363437,77975,-1,
232043,177614,14,
246753,175170,14,
327204,152871,14,
371685,151612,14,
291723,177824,14,
324488,180658,14,
340048,131847,14,
295311,115000,14,
239495,163949,14,
267521,119941,-1,
401396,125431,-1,
260930,184935,14,
336085,170252,14,
291782,159562,14,
307616,207295,14,
352910,145624,14,
294653,104623,14,
372883,222824,14,
318707,160697,14,
281548,175184,14,
307747,128551,14,
336991,217448,14,
270233,195701,14,
433100,134861,-1,
311433,134432,14,
375353,117180,14,
315146,160782,14,
311163,166821,14,
305333,171939,14,
332470,161202,14,
302266,185591,14,
370775,144355,14,
314552,151035,14,
343145,172236,14,
331212,162496,14,
299460,144708,14,
383894,179880,14,
345703,149860,14,
331381,162660,14,
344364,213940,14,
378347,144880,14,
322789,137560,14,
328425,159826,14,
341137,78287,-1,
317771,154916,14,
336266,148507,14,
342066,119083,14,
297177,88467,14,
280519,165350,14,
305901,166656,14,
284757,175853,14,
281732,221764,-1,
321262,178491,14,
344710,213543,14,
311408,168232,14,
356500,188114,14,
304376,222294,-1,
278116,185472,14,
247892,115217,-1,
306326,164202,14,
311516,94189,14,
323747,163351,14,
321778,158339,14,
309501,166931,14,
333942,143344,14,
339393,209145,14,
340996,170964,14,
315333,144566,14,
332853,168141,14,
290958,168323,14,
297731,175876,14,
280274,182662,14,
306540,193434,14,
319155,159850,14,
355168,114823,14,
270201,236813,-1,
347630,120931,14,
446538,180119,15,
371052,147369,14,
403365,215735,-1,
258201,153095,14,
335121,214149,14,
283786,133973,14,
353951,133923,14,
345069,165968,14,
367079,183232,14,
363932,228249,14,
354132,161850,14,
390538,157197,14,
333805,148479,14,
325344,159885,14,
323905,168029,14,
274495,182470,14,
309684,150076,14,
381617,157000,14,
322841,169735,14,
359520,132845,14,
249616,144446,14,
321620,169950,14,
415495,116126,-1,
335742,196692,14,
271424,251323,-1,
340066,152500,14,
327734,163585,14,
346079,220993,14,
276741,143844,14,
377042,182019,14,
400055,131725,-1,
332246,172932,14,
310386,171068,14,
327569,158418,14,
324444,166910,14,
317217,163896,14,
270404,183080,14,
277512,151920,14,
324966,170021,14,
306421,145493,14,
382419,110392,-1,
318266,171979,14,
321245,141627,14,
318192,170844,14,
320821,165455,14,
329029,204399,14,
311065,219934,-1,
287127,192494,14,
283571,109326,14,
308748,199866,14,
369490,164369,14,
270729,67329,-1,
279010,181792,14,
282957,179982,14,
308489,145929,14,
327927,168535,14,
327022,161396,14,
376557,109320,14,
248427,146381,14,
321182,150806,14,
312337,154488,14,
268518,181514,14,
285865,167818,14,
279251,184486,14,
306042,66361,-1,
318215,180010,14,
293978,197091,14,
338044,233264,14,
293864,241877,-1,
344380,183817,14,
316257,171544,14,
248779,111087,-1,
313783,177198,14,
415534,110526,-1,
296164,96874,14,
315670,160928,14,
339137,160334,14,
290700,196285,14,
307107,174760,14,
325279,168587,14,
328423,161604,14,
333883,276840,-1,
308555,134011,14,
322101,164171,14,
306357,123397,14,
292931,125341,14,
284378,223470,-1,
335003,151395,14,
267212,158699,14,
343851,193618,14,
296627,93375,14,
334980,143900,14,
335235,180161,14,
360945,167952,14,
257841,193878,14,
275288,212315,14,
331798,143962,14,
333937,51121,-1,
328775,156501,14,
319829,168353,14,
293201,192871,14,
327608,177638,14,
332562,174699,14,
348815,150017,14,
312227,159417,14,
324337,162686,14,
323329,93955,14,
291973,127483,14,
258779,106777,-1,
325360,134919,14,
267264,153034,14,
312421,170617,14,
293350,175997,14,
275459,190178,14,
244344,185382,14,
252845,181181,14,
357923,192120,14,
382720,263255,-1,
326040,156509,14,
165104,543395,9,
139903,592241,9,
132705,557674,9,
114311,601605,9,
102460,533057,9,
185935,554627,9,
123441,594415,9,
97216,564094,9,
110948,539533,9,
101553,517715,9,
133023,574572,9,
144570,573936,9,
136531,557658,9,
173576,507309,9,
179189,536028,9,
141238,557986,9,
156430,615117,9,
69169,631490,-1,
31842,565765,-1,
144620,575370,9,
155899,561715,9,
137451,555339,9,
68388,574380,9,
166290,521714,9,
210499,526471,9,
148319,584541,9,
135336,552552,9,
136606,562296,9,
136301,569544,9,
119386,620549,9,
139212,557713,9,
84501,604671,9,
176602,574552,9,
105945,528795,9,
140989,537156,9,
138449,555969,9,
128669,574591,9,
95749,602775,9,
139460,557260,9,
130440,562623,9,
147885,527813,9,
58190,608304,-1,
151701,574146,9,
148385,538149,9,
142668,544976,9,
145251,553486,9,
142265,546135,9,
202913,525966,9,
192564,547558,9,
179240,577011,9,
182840,584262,9,
144242,557674,9,
135849,550612,9,
101427,615890,9,
143265,548387,9,
112379,547679,9,
137347,622867,9,
139146,569516,9,
125756,579609,9,
77109,512651,9,
138073,556272,9,
202547,601240,9,
19835,570290,-1,
118137,579149,9,
201324,574588,9,
113259,568684,9,
139052,610320,9,
177246,571940,9,
107972,601191,9,
138199,541774,9,
220156,589643,9,
137787,566189,9,
138122,557230,9,
93136,613387,9,
154620,576738,9,
131523,568207,9,
136967,565662,9,
142886,556511,9,
125005,540340,9,
138965,558201,9,
139474,569485,9,
171471,576787,9,
157138,565993,9,
198294,552987,9,
136078,547418,9,
140164,531093,9,
156003,502860,9,
67867,545392,-1,
133780,533275,9,
116142,550919,9,
148510,579793,9,
179224,584189,9,
149906,546909,9,
29760,557873,-1,
115287,602637,9,
206561,574789,9,
108651,521409,9,
115905,560139,9,
127373,549518,9,
141699,530028,9,
141641,557376,9,
111855,531542,9,
136580,553967,9,
137516,556818,9,
179793,483378,-1,
105568,584102,9,
125840,520239,9,
117212,565692,9,
140717,554093,9,
139033,593287,9,
172882,571145,9,
104862,608089,9,
158366,537970,9,
138525,534268,9,
69565,599820,9,
94571,528963,9,
153185,562792,9,
147599,513563,9,
223226,546198,9,
143879,536650,9,
151099,518008,9,
109317,531425,9,
127202,525948,9,
137740,618961,9,
138734,557713,9,
109912,565003,9,
158060,525533,9,
260096,530550,-1,
134449,557556,9,
121650,599844,9,
188992,563992,9,
207218,589497,9,
179830,547383,9,
152331,529689,9,
112184,530469,9,
166904,503121,9,
183026,545377,9,
152658,569277,9,
172116,513383,9,
95899,530846,9,
144325,538991,9,
166597,572855,9,
105193,596017,9,
166840,562425,9,
117089,561455,9,
141718,549576,9,
117959,536156,9,
125351,529954,9,
140706,547367,9,
138012,558263,9,
135284,555664,9,
142663,556520,9,
112673,516997,9,
137657,611252,9,
119237,591137,9,
186380,487625,-1,
113099,546732,9,
176278,550602,9,
158773,588778,9,
140962,518168,9,
144856,551807,9,
155943,576199,9,
152584,564548,9,
165356,570715,9,
127858,609681,9,
257984,555707,8,
149758,564768,9,
129550,560106,9,
159271,568953,9,
151374,538387,9,
129030,588495,9,
155430,549012,9,
172756,612694,-1,
93459,514032,9,
99569,523174,9,
148080,544056,9,
169322,577938,9,
173847,514665,9,
136418,562926,9,
140047,540043,9,
74519,527539,-1,
146681,562995,9,
110877,562558,9,
95071,503965,9,
136232,576477,9,
146120,576624,9,
259173,548593,-1,
107965,535173,9,
103153,601002,9,
158283,570550,9,
206219,604081,9,
116492,509399,9,
97430,598804,9,
193275,538687,9,
116860,550810,9,
179834,541387,9,
143226,522375,9,
111174,539350,9,
94933,588147,9,
139434,557410,9,
131532,536658,9,
38179,532155,-1,
113321,606322,9,
123905,508486,9,
201753,569116,9,
206660,575002,9,
138884,529162,9,
139636,565984,9,
110479,594587,9,
76253,529394,-1,
160280,493497,9,
161475,587507,9,
149054,556986,9,
223408,520131,9,
158596,562634,9,
141991,539522,9,
137172,523482,9,
161154,538355,9,
130157,581286,9,
142000,554964,9,
86243,559135,9,
130883,557824,9,
127964,538935,9,
122130,568886,9,
210597,589836,9,
139847,552015,9,
147664,559632,9,
167716,562762,9,
130657,555545,9,
165382,518876,9,
221994,575146,9,
87236,607429,9,
154268,542573,9,
197367,535989,9,
133094,557996,9,
155274,552551,9,
139911,561185,9,
146924,565933,9,
146183,622188,9,
176092,531921,9,
184402,546549,9,
139641,557503,9,
170816,547069,9,
156474,570384,9,
146678,558942,9,
136569,532130,9,
162124,500069,9,
127503,623654,9,
182854,534283,9,
141222,572556,9,
177665,557923,9,
201907,516078,9,
130249,579307,9,
166560,559687,9,
138220,560056,9,
134725,537440,9,
127940,590467,9,
143592,606949,9,
64979,538104,-1,
94061,576129,9,
79285,554817,9,
103192,550021,9,
198823,538624,9,
145758,562414,9,
211584,591058,9,
139451,549580,9,
220224,592068,9,
150404,539885,9,
142767,538646,9,
143912,595772,9,
184412,537050,9,
55359,623076,-1,
137197,556522,9,
138461,558771,9,
80673,566893,9,
203667,577260,9,
94249,600812,9,
145244,561042,9,
94458,533883,9,
130201,562734,9,
98675,580608,9,
134422,544300,9,
141771,551655,9,
141924,558399,9,
137316,562151,9,
143363,551365,9,
197849,575524,9,
134261,519275,9,
129997,568115,9,
170494,560892,9,
164453,544085,9,
128788,546091,9,
88703,577217,9,
131109,568012,9,
95074,570002,9,
232047,522748,9,
125548,552424,9,
142563,560090,9,
118391,553625,9,
132497,593125,9,
162713,586568,9,
122296,566921,9,
56907,586609,-1,
48143,523870,-1,
104489,542515,9,
130582,565948,9,
180633,570302,9,
241485,523039,9,
178005,594957,9,
211266,534538,9,
137680,555667,9,
144401,565666,9,
101722,535117,9,
115781,594942,9,
107160,530936,9,
139978,587153,9,
179931,536588,9,
105353,589239,9,
119496,543146,9,
142575,517378,9,
76661,531044,-1,
137699,556769,9,
154964,554923,9,
142516,559062,9,
98525,579761,9,
163925,576666,9,
153326,558408,9,
262846,559590,8,
102898,592834,9,
138349,554238,9,
193502,557364,9,
202175,495076,-1,
154162,536416,9,
77875,516899,9,
163477,561507,9,
131874,552586,9,
120357,560737,9,
119535,551857,9,
114108,540537,9,
136059,558213,9,
121786,564225,9,
233105,591646,9,
149760,577278,9,
139237,548782,9,
34795,606311,-1,
147663,555514,9,
108512,525986,9,
509279,180548,15,
495165,163113,15,
474652,193224,15,
507786,199578,15,
566666,195255,15,
506012,178372,15,
541435,206637,15,
507311,177795,15,
461701,188438,15,
506069,169723,15,
477155,161019,15,
505044,180646,15,
467697,168082,15,
511868,170991,15,
500225,177559,15,
460616,174810,15,
573755,218049,15,
543616,144788,15,
509804,175714,15,
542311,161882,15,
475944,189337,15,
517750,199025,15,
520952,169184,15,
559076,190770,15,
416763,96639,-1,
549384,208450,15,
549147,171454,15,
520880,200955,15,
484348,202813,15,
487472,166999,15,
504728,174541,15,
465734,114090,15,
570266,188032,15,
505584,176135,15,
514739,189624,15,
500589,181466,15,
504096,192493,15,
553118,165472,15,
502511,205121,15,
551798,221411,15,
502737,174437,15,
513181,177419,15,
513010,141058,15,
535564,177248,15,
514551,176526,15,
450030,169537,15,
521152,152439,15,
505512,203857,15,
509928,184873,15,
490271,216725,15,
529931,180136,15,
508228,220433,15,
534461,178056,15,
508551,174306,15,
545365,210090,15,
510414,142485,15,
507895,177445,15,
506288,177990,15,
512560,224816,15,
454160,102568,15,
437116,148591,15,
519003,160741,15,
509173,178051,15,
507674,147431,15,
513562,229098,15,
473361,185066,15,
517580,170329,15,
509285,174620,15,
510496,174308,15,
438860,114065,-1,
534702,244239,15,
504755,150226,15,
474135,199330,15,
508907,173787,15,
509651,149290,15,
490956,124550,15,
499637,194036,15,
515856,148316,15,
482568,159010,15,
522728,184704,15,
493070,189771,15,
483807,198925,15,
469656,153741,15,
470041,102049,15,
576965,187481,15,
515230,149567,15,
469470,189347,15,
484678,123623,15,
509554,186931,15,
480787,147737,15,
523036,123677,15,
508144,167733,15,
515450,173220,15,
489378,172861,15,
497406,125809,15,
514173,139330,15,
520809,176718,15,
499009,205823,15,
509773,148899,15,
505117,141877,15,
494698,176711,15,
501334,163002,15,
502500,176532,15,
546565,151576,15,
520878,209094,15,
486891,175164,15,
512241,169240,15,
569692,182365,15,
491382,122267,15,
457033,127590,15,
535453,200970,15,
436641,55171,-1,
520845,176291,15,
496130,178113,15,
507473,227670,15,
507092,175151,15,
493714,173387,15,
528826,154067,15,
509951,176794,15,
505400,160422,15,
473316,162622,15,
489504,146224,15,
516888,152451,15,
505128,175022,15,
520819,181586,15,
506812,167031,15,
495032,203929,15,
508789,174256,15,
502302,210265,15,
511106,122518,15,
486997,164803,15,
535787,199735,15,
540364,163758,15,
496006,191010,15,
497454,172375,15,
488330,173837,15,
547076,156969,15,
509956,141698,15,
516084,178725,15,
535034,172649,15,
529858,213114,15,
496384,166644,15,
519201,139101,15,
575022,213534,15,
469404,181944,15,
464672,193513,15,
491609,180519,15,
470314,178936,15,
481067,172555,15,
508797,176269,15,
491145,206344,15,
485361,169229,15,
474527,107596,15,
499643,171625,15,
514722,190943,15,
474641,81263,-1,
495995,160032,15,
516963,174184,15,
521006,163218,15,
434581,123267,-1,
514876,182995,15,
501416,172980,15,
513991,165072,15,
512900,219252,15,
510739,121103,15,
509522,174376,15,
507862,172954,15,
512716,181316,15,
483423,111797,15,
505603,147517,15,
482628,171320,15,
541790,172616,15,
473649,178184,15,
520763,250478,15,
494000,189403,15,
533931,173291,15,
485110,150541,15,
528679,199079,15,
545699,174099,15,
517495,186329,15,
520461,173217,15,
456821,105575,15,
495388,156422,15,
514934,219169,15,
508989,168995,15,
500474,169746,15,
504511,149234,15,
467144,147308,15,
512733,174091,15,
452791,156805,15,
488800,197919,15,
593887,210595,15,
561725,168220,15,
528011,201615,15,
514428,222503,15,
512051,145220,15,
472054,129986,15,
507959,166780,15,
518068,137556,15,
561110,219865,15,
563315,215613,15,
523779,163905,15,
490037,164357,15,
519421,154681,15,
504373,165819,15,
513957,139202,15,
486422,178919,15,
533351,147778,15,
511030,221292,15,
496069,102201,15,
496491,171534,15,
497254,171940,15,
518892,165875,15,
481083,151953,15,
507741,178883,15,
486224,196184,15,
509039,173839,15,
462658,75167,-1,
519680,208378,15,
499676,196897,15,
480876,160465,15,
521032,177084,15,
486034,196122,15,
505225,158750,15,
485968,123023,15,
478442,125560,15,
502355,164119,15,
502915,183059,15,
497211,174121,15,
537174,194410,15,
505293,194591,15,
491442,116195,15,
473202,140745,15,
505079,219082,15,
541455,223176,15,
528938,174372,15,
528094,178343,15,
520759,184923,15,
538994,179328,15,
507832,181513,15,
493897,189627,15,
514408,173338,15,
514391,156592,15,
513362,223841,15,
443618,157237,15,
477746,163845,15,
480571,204150,15,
486326,174643,15,
505384,174535,15,
541220,177840,15,
522869,176818,15,
497255,188783,15,
545240,221008,15,
512291,169608,15,
576158,210283,15,
508099,175066,15,
545455,182232,15,
537836,177165,15,
508597,173640,15,
507445,193647,15,
524397,239456,15,
527753,213985,15,
528766,239937,15,
481356,162127,15,
541498,192746,15,
506142,170513,15,
494574,198972,15,
477901,173288,15,
509223,177592,15,
532010,176195,15,
541006,175198,15,
490355,153464,15,
566524,179796,15,
550216,184337,15,
516085,195504,15,
523796,219588,15,
511118,175212,15,
445043,152257,15,
497582,190801,15,
514622,206979,15,
479631,178459,15,
496476,140337,15,
498389,178069,15,
506361,225237,15,
519396,177174,15,
529409,157228,15,
501111,157402,15,
514219,167014,15,
558307,203307,15,
545957,196749,15,
508080,175697,15,
589900,217899,15,
509383,167302,15,
474516,189144,15,
498730,183037,15,
473093,188791,15,
471328,176297,15,
510901,175806,15,
559809,162597,15,
499272,168413,15,
514981,172608,15,
511289,183247,15,
455460,153040,15,
519962,175210,15,
532549,172894,15,
516128,178722,15,
519113,194925,15,
502877,192740,15,
520782,134308,15,
574369,207483,15,
515494,188459,15,
486870,146947,15,
484395,107291,15,
504243,237336,15,
483776,213021,15,
536623,213083,15,
544539,180391,15,
502002,166223,15,
500801,185558,15,
525670,184762,15,
481841,209337,15,
494317,170837,15,
521153,242968,15,
473933,191767,15,
524502,248106,15,
487952,168607,15,
460133,173081,15,
453261,148432,15,
491792,214464,15,
497815,165151,15,
515348,184750,15,
598908,254032,-1,
558478,213316,15,
538228,168834,15,
464634,173867,15,
518675,175686,15,
533566,214619,15,
540196,180312,15,
500360,213540,15,
517882,175467,15,
549642,157506,15,
511368,173673,15,
506815,173387,15,
500192,192292,15,
533775,163036,15,
511484,160453,15,
489062,200329,15,
537514,179689,15,
551867,170425,15,
406184,394506,16,
417996,408162,16,
428667,451233,16,
425386,379634,16,
388202,405780,16,
370955,325071,-1,
353749,391896,16,
398629,401626,16,
393402,401018,16,
465599,383470,16,
400257,404936,16,
444610,400247,16,
392046,391220,16,
410506,395586,16,
508805,429073,-1,
424782,449687,16,
384467,407359,16,
397399,403186,16,
449683,388863,16,
387756,435588,16,
451753,383440,16,
414448,429790,16,
394599,409068,16,
387330,409037,16,
402109,430185,16,
393825,453067,16,
412111,418466,16,
397213,377839,16,
361159,436327,16,
383075,447616,16,
383832,340506,16,
402227,414685,16,
411957,397796,16,
377408,395123,16,
417231,381303,16,
442915,420573,16,
415394,396940,16,
420792,430901,16,
397791,444527,16,
385804,393101,16,
384572,388523,16,
402069,434868,16,
414997,432597,16,
392919,405103,16,
396150,430329,16,
439145,407748,16,
401240,354085,16,
424228,442208,16,
336023,416862,16,
351352,362910,16,
413549,408517,16,
341775,425156,16,
424811,413300,16,
402677,412615,16,
419118,421655,16,
354601,358760,16,
410682,349328,16,
399020,404042,16,
392258,405478,16,
353941,399967,16,
411471,446824,16,
397158,370362,16,
431117,394746,16,
395246,392783,16,
400468,405703,16,
354094,424230,16,
352429,359750,16,
358830,431609,16,
387039,365758,16,
395013,387179,16,
400545,404212,16,
435067,403802,16,
394436,450912,16,
376444,371957,16,
433463,410297,16,
426625,475977,-1,
424241,452915,16,
396520,405610,16,
347638,429109,16,
374797,407601,16,
451670,388347,16,
373684,418326,16,
412615,403902,16,
392428,402295,16,
389868,410718,16,
383022,409854,16,
468350,395883,16,
373339,398565,16,
383878,376230,16,
434815,388041,16,
368864,411216,16,
321050,422497,16,
276794,384458,-1,
383197,409869,16,
381340,409680,16,
415521,368125,16,
404288,349685,16,
367922,415238,16,
422056,382193,16,
407334,445969,16,
373917,427628,16,
422261,374345,16,
392728,411341,16,
336585,420977,16,
401730,354294,16,
401854,402867,16,
401330,395538,16,
393903,387227,16,
399188,402459,16,
389510,370897,16,
399858,403574,16,
343651,438750,16,
388743,388465,16,
398246,406245,16,
400727,396769,16,
399077,403968,16,
402071,427626,16,
405902,394724,16,
383992,398245,16,
372230,412488,16,
418086,394699,16,
400305,466024,16,
380458,329635,16,
338347,337961,-1,
411171,426853,16,
392447,408539,16,
375233,399429,16,
385338,440797,16,
397764,406712,16,
414290,393146,16,
394846,407130,16,
402252,414628,16,
332913,385678,16,
396517,394572,16,
388479,343648,16,
405569,411933,16,
444816,409502,16,
393659,439272,16,
415222,434798,16,
396621,381952,16,
416893,347737,16,
398980,407667,16,
404273,429948,16,
397851,400846,16,
447192,359893,-1,
350428,392503,16,
451853,420873,16,
402566,415798,16,
362753,369848,16,
407188,396576,16,
380139,434251,16,
409167,449719,16,
405470,392374,16,
359036,365793,16,
398617,402424,16,
408714,391412,16,
382222,441817,16,
403751,385539,16,
400548,402390,16,
393828,404314,16,
373943,376926,16,
390182,360941,16,
391776,409868,16,
342501,336320,-1,
401923,417123,16,
342400,426090,16,
405325,407466,16,
369480,377148,16,
416110,374296,16,
401162,412142,16,
442931,430123,16,
478361,409520,16,
401313,405195,16,
357466,354094,16,
417617,414816,16,
417281,410881,16,
470047,410943,16,
378824,430343,16,
369227,397853,16,
397918,462032,16,
397331,407010,16,
427810,400178,16,
401708,409924,16,
426172,363147,16,
401411,414503,16,
409823,412908,16,
386068,422517,16,
398255,405428,16,
346358,384801,16,
397735,448097,16,
348847,425164,16,
394761,461494,16,
357253,388075,16,
402267,410395,16,
415233,441297,16,
404445,402466,16,
408224,399767,16,
369044,371649,16,
343119,382074,16,
416750,435776,16,
387103,401925,16,
368200,364844,16,
393758,439738,16,
418623,404382,16,
402660,406054,16,
427749,457110,16,
405356,391545,16,
432184,395118,16,
322936,368566,-1,
402710,424367,16,
456025,389630,16,
395450,407822,16,
377941,403683,16,
407576,434017,16,
348263,386451,16,
391966,387214,16,
392576,406460,16,
380236,460907,16,
398153,407081,16,
399942,385908,16,
398795,472619,16,
467535,416014,16,
377758,413906,16,
398724,404179,16,
396710,378698,16,
377588,402670,16,
408992,462226,16,
423371,373970,16,
412861,434751,16,
403160,392159,16,
395168,404189,16,
399346,423786,16,
409244,460295,16,
429515,393708,16,
370602,353215,16,
356739,417826,16,
408147,436628,16,
436362,379677,16,
399291,386712,16,
396081,396707,16,
419200,403389,16,
383855,390984,16,
370252,347498,16,
460198,402706,16,
418046,358461,16,
408500,393942,16,
397618,404912,16,
392660,395873,16,
406739,400918,16,
439048,403700,16,
392424,375266,16,
379128,418858,16,
391970,419802,16,
389279,424006,16,
468907,448885,-1,
410601,410653,16,
396556,406492,16,
417795,405673,16,
375971,427549,16,
414374,439977,16,
368363,409733,16,
402081,407514,16,
399753,404222,16,
424840,479570,-1,
381863,416651,16,
394606,401451,16,
389520,406500,16,
418140,415328,16,
387461,394402,16,
391384,413273,16,
391439,399819,16,
365223,422531,16,
407189,437102,16,
415933,422485,16,
402031,426039,16,
428513,456990,16,
382396,405483,16,
368166,429422,16,
418636,440000,16,
411674,402377,16,
424365,371987,16,
394159,411676,16,
371548,414612,16,
460628,434107,-1,
399717,403257,16,
361875,448199,16,
393424,399084,16,
333682,401078,16,
377870,377550,16,
405117,364266,16,
452398,378671,16,
397889,398501,16,
424089,352640,16,
417494,392231,16,
402851,395579,16,
376493,366302,16,
460684,371809,16,
449571,387141,16,
405322,414743,16,
420489,448078,16,
377975,461076,16,
492551,434649,-1,
477323,384551,16,
359740,379592,16,
429653,438596,16,
361814,411086,16,
400660,404811,16,
410418,409414,16,
392162,355397,16,
376145,414107,16,
371464,328177,-1,
379593,380662,16,
448231,384406,16,
404157,406324,16,
420616,401526,16,
398985,413427,16,
400538,407020,16,
391530,398743,16,
408182,408351,16,
435926,408504,16,
411090,435389,16,
398311,383357,16,
409291,431539,16,
399460,399410,16,
400473,408327,16,
399693,395271,16,
431437,436764,16,
312123,419763,-1,
411053,432808,16,
401616,404245,16,
364455,436191,16,
407833,402474,16,
367864,442851,16,
437870,375761,16,
308726,371721,-1,
418996,389541,16,
371498,393120,16,
407429,399155,16,
380749,403860,16,
399997,411205,16,
377215,418429,16,
380202,396671,16,
436034,385951,16,
395210,357805,16,
415136,446807,16,
315013,318367,-1,
372424,413163,16,
340966,420480,16,
354767,417464,16,
387165,404027,16,
854654,549222,3,
889260,541423,3,
870826,524625,3,
868025,569296,3,
861364,598127,3,
825141,535997,3,
906640,587296,3,
906396,535803,3,
887896,558572,3,
817776,525600,3,
844066,546029,3,
848976,558706,3,
897131,604582,3,
845120,549830,3,
872241,556733,3,
857818,534525,3,
794265,594573,3,
857126,548151,3,
842786,614034,-1,
889975,589361,3,
841130,529745,3,
813561,583156,3,
855603,542414,3,
887556,531797,3,
837032,509264,3,
852037,649724,6,
793791,581315,3,
904450,533427,3,
879722,550246,3,
839088,528460,3,
869369,536868,3,
871873,509094,3,
900991,497149,3,
919544,541255,3,
860520,544023,3,
863042,557890,3,
889805,522039,3,
879031,489881,3,
852918,552112,3,
903840,586229,3,
932662,537069,3,
908506,549611,3,
867533,542290,3,
844617,499013,3,
862002,534006,3,
883981,607581,3,
864265,549505,3,
883062,547498,3,
860870,546516,3,
895565,501871,3,
843344,604964,-1,
864059,545894,3,
830888,544022,3,
858819,544904,3,
853562,531620,3,
873791,606643,3,
859213,538040,3,
841843,503359,3,
842719,506205,3,
847904,574114,3,
863859,546898,3,
888919,535805,3,
855045,547633,3,
863102,545783,3,
829747,530312,3,
850607,565348,3,
810277,520837,3,
879104,595389,3,
840406,538772,3,
838367,536676,3,
837457,518745,3,
861519,531277,3,
816056,542574,3,
862534,547936,3,
808555,600511,-1,
862571,550965,3,
832010,554080,3,
882403,534710,3,
840020,568424,3,
865030,541150,3,
846594,522941,3,
890223,556874,3,
873136,513309,3,
846622,553552,3,
905770,531812,3,
803216,577565,3,
914183,620056,3,
877510,555087,3,
861193,573954,3,
840994,578455,3,
875640,561262,3,
876782,536438,3,
849501,552769,3,
866973,550375,3,
906382,534459,3,
822722,553764,3,
861656,545794,3,
856991,546255,3,
865081,551012,3,
895680,609341,3,
867801,548156,3,
846324,557586,3,
840059,534876,3,
860473,545982,3,
937823,540173,-1,
886532,500026,3,
904133,534915,3,
880545,506175,3,
833499,504718,3,
854979,539793,3,
818739,545052,3,
825596,639465,6,
838036,542999,3,
846216,528037,3,
850790,525740,3,
864040,538985,3,
869818,543227,3,
879309,561548,3,
860563,534839,3,
846082,541026,3,
860151,543055,3,
847292,559228,3,
838239,576018,3,
837307,548214,3,
853093,586321,3,
884326,479802,3,
838978,622330,-1,
842903,567914,3,
832490,450680,-1,
844948,563321,3,
859577,544625,3,
908409,591215,3,
819843,570485,3,
875625,599766,3,
887780,536497,3,
884613,507507,3,
849858,524682,3,
846741,539481,3,
870630,516603,3,
843111,581603,3,
869718,536928,3,
857648,511640,3,
881571,532467,3,
860230,528054,3,
861966,562885,3,
898736,548642,3,
961951,577029,-1,
866878,501919,3,
874791,559085,3,
874239,594786,3,
915504,527751,3,
758172,608152,-1,
859515,505303,3,
861033,507671,3,
837880,444574,-1,
827672,545966,3,
869960,562146,3,
858151,548242,3,
877440,529137,3,
821835,564313,3,
846371,578530,3,
829482,475863,-1,
860507,526669,3,
878696,530134,3,
837312,572687,3,
886773,509047,3,
879805,547494,3,
859679,541785,3,
910683,612854,3,
860863,546060,3,
874110,541972,3,
790149,565157,3,
873984,580836,3,
873742,448214,-1,
894785,440382,-1,
874312,574582,3,
879902,518647,3,
851462,526597,3,
839012,550376,3,
808097,502521,3,
879500,590791,3,
864721,548447,3,
866044,584750,3,
876151,582116,3,
819250,517655,3,
807278,566392,3,
872033,558924,3,
894268,532597,3,
846752,613846,-1,
850478,566230,3,
849777,531138,3,
823584,568458,3,
823202,619103,-1,
843715,568319,3,
861023,545953,3,
889743,560547,3,
862785,579661,3,
880833,537039,3,
854374,550707,3,
842616,515205,3,
860721,547751,3,
831024,505776,3,
829240,591428,3,
860384,555572,3,
853348,525893,3,
849118,571562,3,
856167,542249,3,
853874,560250,3,
838808,524944,3,
814561,575281,3,
773292,531652,-1,
891515,520429,3,
805884,549492,3,
833437,556713,3,
843432,490725,3,
791355,529644,-1,
865157,562132,3,
920249,551171,3,
808777,512952,3,
898916,630099,3,
863706,491401,3,
857231,551055,3,
877413,541536,3,
838821,563842,3,
854037,528890,3,
824475,518063,3,
857360,562228,3,
856437,532452,3,
862117,600081,3,
839280,539324,3,
885379,603686,3,
859185,553000,3,
865020,550686,3,
882007,593653,3,
861027,546004,3,
846772,509036,3,
844627,556401,3,
861069,548327,3,
854342,541611,3,
844086,531300,3,
923996,594948,3,
832154,559403,3,
803202,549001,3,
856619,544008,3,
897286,558004,3,
851216,516166,3,
858537,548576,3,
828001,524067,3,
849327,548496,3,
858278,544519,3,
793875,473793,-1,
766617,548142,-1,
847728,576707,3,
858418,546935,3,
816840,539239,3,
852687,540692,3,
861927,562723,3,
892382,513991,3,
811745,461099,-1,
800152,576217,3,
870139,566584,3,
859492,572224,3,
830226,483466,3,
850674,533083,3,
834632,541216,3,
899052,526048,3,
925485,596955,-1,
893145,551400,3,
839493,521150,3,
883434,581923,3,
873380,495161,3,
765011,607246,-1,
898578,612291,3,
906772,510158,3,
858325,586062,3,
795909,462864,-1,
812634,554848,3,
846841,533595,3,
810817,509540,3,
826192,577784,3,
856552,545271,3,
848628,503773,3,
784291,581417,3,
890613,567037,3,
870936,575427,3,
851166,532382,3,
871544,592403,3,
870337,534303,3,
819580,545900,3,
912649,498734,3,
870214,556246,3,
853279,560714,3,
857319,543529,3,
878519,606677,3,
858057,542933,3,
860375,544804,3,
888111,525539,3,
892877,544283,3,
788776,582930,3,
875311,542259,3,
875248,462524,-1,
835831,555864,3,
885828,586348,3,
916704,609548,-1,
893991,544467,3,
866352,535933,3,
872247,494281,3,
832372,600070,3,
902302,514170,3,
877298,565604,3,
873636,510687,3,
854818,554389,3,
915666,506439,3,
905849,524809,3,
862062,545736,3,
871981,649086,-1,
900829,590250,3,
859419,546754,3,
855983,534803,3,
916082,517633,3,
874877,535143,3,
885963,528959,3,
853439,518568,3,
855177,626376,-1,
814249,488483,-1,
857283,548467,3,
865489,548920,3,
913686,576892,3,
880275,564545,3,
861381,546835,3,
880958,588608,3,
868979,528502,3,
872237,555834,3,
861868,549168,3,
836951,546244,3,
836874,555991,3,
769546,554722,-1,
855074,542557,3,
868128,568529,3,
878859,540155,3,
852267,498220,3,
874125,543036,3,
846646,548548,3,
851517,541076,3,
806888,492319,3,
831779,577161,3,
860259,545444,3,
892423,530999,3,
838442,506780,3,
853291,557685,3,
730887,825972,-1,
645233,927201,17,
645563,819480,17,
573324,878802,-1,
693699,822637,17,
649412,856993,17,
684558,878573,17,
656658,854609,17,
651506,856097,17,
618405,842859,17,
667280,765619,-1,
600996,890782,-1,
674463,862486,17,
676694,851597,17,
620685,880813,17,
716590,874975,17,
721401,951880,-1,
657094,857640,17,
644693,867371,17,
633601,861482,17,
673646,857346,17,
657184,855509,17,
708244,871834,17,
659081,860560,17,
657811,885904,17,
642843,909185,17,
709303,897538,17,
610505,851476,17,
612648,772280,-1,
673196,812941,17,
673267,883727,17,
694451,863981,17,
678869,902492,17,
690018,819280,17,
677983,890077,17,
639997,865965,17,
709254,847444,17,
679799,858680,17,
664355,831472,17,
659166,861665,17,
692386,863386,17,
688076,833905,17,
680506,840053,17,
641840,886745,17,
673292,857105,17,
622212,860015,17,
736557,897961,-1,
668234,886696,17,
675013,876331,17,
675902,853961,17,
695092,820091,17,
730287,897070,17,
691716,873426,17,
722404,952207,-1,
678606,878004,17,
664156,846474,17,
688118,911574,17,
674492,861230,17,
675382,836312,17,
664639,925795,17,
626334,852383,17,
669690,842110,17,
653177,819935,17,
674265,861435,17,
677404,883871,17,
672212,860894,17,
715956,900724,17,
674236,877152,17,
679818,860064,17,
578509,923881,-1,
680381,823757,17,
720629,816515,-1,
640210,902029,17,
671772,860357,17,
618009,867493,17,
672628,882986,17,
680261,863401,17,
682100,853708,17,
681049,846975,17,
668567,856554,17,
656957,871011,17,
662293,872590,17,
673953,835926,17,
718544,888401,17,
648590,917839,17,
699124,824089,17,
668367,855686,17,
675866,868784,17,
700098,894685,17,
683156,877209,17,
661357,801817,17,
789095,895634,-1,
673332,857517,17,
627452,835854,17,
672059,860501,17,
665048,854911,17,
683580,872374,17,
668839,882598,17,
682510,905902,17,
671235,856653,17,
680228,843225,17,
662249,918050,17,
674961,865594,17,
679211,886670,17,
676220,858214,17,
567861,856582,-1,
668228,858122,17,
682241,850176,17,
712262,856869,17,
671325,856592,17,
680592,858526,17,
683098,847245,17,
646816,829778,17,
675633,863416,17,
677551,860007,17,
683656,842406,17,
678195,860537,17,
700747,821557,17,
679054,898217,17,
676360,866112,17,
665308,868551,17,
665775,845662,17,
660459,860658,17,
670119,859029,17,
672068,874862,17,
644301,925034,17,
704574,866263,17,
665660,828338,17,
680579,836946,17,
682053,853410,17,
672544,859978,17,
713088,880834,17,
680969,838864,17,
674151,853540,17,
664903,839150,17,
641902,755287,-1,
683610,910782,17,
676962,897430,17,
594720,848457,17,
658748,777680,-1,
700341,869730,17,
640432,837036,17,
668519,860048,17,
672668,861428,17,
638004,837697,17,
673071,856021,17,
668772,858570,17,
636871,929410,17,
599612,859210,17,
739318,810528,-1,
654937,781879,-1,
663095,949045,-1,
658734,883214,17,
647968,877873,17,
682699,851115,17,
684739,884934,17,
667620,855461,17,
616281,845406,17,
697161,840318,17,
679237,862389,17,
664260,859029,17,
674121,858589,17,
700962,927047,-1,
723397,859761,17,
648230,857418,17,
677896,867053,17,
680828,839011,17,
680757,826912,17,
673826,880137,17,
694897,834591,17,
683585,905984,17,
671609,815681,17,
669748,863109,17,
674659,860894,17,
659734,844127,17,
656156,868643,17,
653258,860766,17,
684131,898331,17,
666516,859837,17,
655237,871554,17,
653592,959882,-1,
659280,845579,17,
646422,900526,17,
627580,840406,17,
604546,847329,17,
631316,837043,17,
705518,925936,-1,
662898,884734,17,
718088,852181,17,
666315,872311,17,
710082,881600,17,
674433,860605,17,
685821,816579,17,
678856,850293,17,
669427,846395,17,
687043,806921,17,
657981,866945,17,
676480,860779,17,
704065,832648,17,
669178,866011,17,
693783,860206,17,
683027,876064,17,
670957,810768,17,
674134,908464,17,
637665,858741,17,
664325,877878,17,
664025,801796,17,
672800,874378,17,
685124,873363,17,
674496,870664,17,
684602,823981,17,
677769,841641,17,
651576,865180,17,
650720,817440,17,
674472,860330,17,
673028,860593,17,
683413,861559,17,
669638,842011,17,
674365,860819,17,
687360,862438,17,
662684,813662,17,
673242,886958,17,
674311,859933,17,
595580,798572,-1,
636769,854047,17,
685551,798742,17,
663945,828490,17,
717187,883275,17,
706906,885612,17,
675988,841317,17,
671976,864630,17,
669366,869654,17,
651216,815098,17,
676767,832479,17,
657879,857942,17,
665828,868934,17,
674905,876286,17,
640000,863831,17,
672818,881943,17,
634800,823669,17,
658590,886551,17,
639463,847461,17,
625416,868848,17,
672266,862875,17,
723173,872525,17,
688098,908495,17,
673410,863889,17,
679788,889464,17,
615826,863168,17,
598671,854219,17,
753254,840123,-1,
669430,905798,17,
726847,875488,17,
648443,845340,17,
674114,970756,-1,
675551,956849,-1,
677459,896720,17,
634004,895206,17,
653745,809028,17,
682420,846881,17,
666636,858686,17,
682481,879399,17,
656834,885944,17,
718257,857481,17,
672598,856928,17,
693997,774817,-1,
612392,916853,-1,
671444,860206,17,
671404,857240,17,
689628,868984,17,
704570,845515,17,
652233,886054,17,
705929,851313,17,
682315,843851,17,
667131,849230,17,
707894,904500,17,
649345,864613,17,
629998,877765,17,
659542,840985,17,
621278,888326,17,
682304,876841,17,
679747,860939,17,
663049,843538,17,
672876,844123,17,
689948,850548,17,
696257,894819,17,
629377,853726,17,
658034,897179,17,
696808,866039,17,
699668,863774,17,
669697,859388,17,
606506,766728,-1,
672474,868765,17,
697011,856357,17,
708262,945359,-1,
653181,886417,17,
674521,861127,17,
729194,856897,17,
663168,859429,17,
644843,838626,17,
672797,843231,17,
680677,868629,17,
614497,830844,17,
646671,857872,17,
679242,853941,17,
665697,929571,17,
749941,916922,-1,
602365,916673,-1,
684537,843821,17,
694308,904062,17,
731712,878998,17,
667713,847241,17,
730383,879136,17,
689363,817577,17,
728743,850843,17,
683941,915579,17,
722463,882675,17,
670519,870010,17,
683252,858182,17,
669288,860515,17,
675357,870850,17,
673449,860643,17,
687325,883004,17,
603472,894573,-1,
669713,851017,17,
693362,837786,17,
605535,925341,-1,
687078,791051,17,
672387,800443,17,
683048,937776,-1,
713579,879202,17,
571669,873544,-1,
695260,824882,17,
702654,841548,17,
601619,825604,17,
564416,878492,-1,
703773,870419,17,
674931,870112,17,
673140,864863,17,
681053,892766,17,
683321,873932,17,
701017,931252,-1,
645677,814395,17,
677362,853471,17,
659046,930099,17,
665426,853940,17,
691827,863963,17,
650661,861267,17,
599647,858702,17,
684091,842566,17,
