664159,550946,1,
665845,557965,1,
597173,575538,1,
618600,551446,1,
635690,608046,-1,
588100,557588,1,
582015,546191,1,
604678,574577,1,
572029,518313,1,
604737,574591,1,
577728,587566,1,
602013,574722,1,
627968,574625,1,
607269,536961,1,
603145,574795,1,
671919,571761,1,
612184,570393,1,
600032,575310,1,
627912,593892,1,
601967,604428,1,
591851,569051,1,
601444,572693,1,
629718,558104,1,
661430,603567,-1,
597551,556737,1,
601182,582584,1,
562704,570596,1,
605107,563429,1,
607214,575069,1,
568824,570203,1,
612485,518009,1,
589244,573777,1,
625579,551084,1,
560237,500154,-1,
626224,569687,1,
610666,551701,1,
597428,569940,1,
600582,599535,1,
604168,555003,1,
613871,550423,1,
617310,551945,1,
625728,579460,1,
606300,566708,1,
638559,558807,1,
582176,630383,1,
544056,577786,1,
631297,578351,1,
561574,621747,-1,
604973,574773,1,
605284,556134,1,
617910,592293,1,
555904,640401,-1,
526559,509417,-1,
603849,572396,1,
598634,619900,1,
603359,589262,1,
657455,567754,1,
614279,599251,1,
578496,631434,1,
645171,595209,1,
688015,533535,-1,
656477,573007,1,
540029,563888,1,
597418,538362,1,
613545,574733,1,
628696,542447,1,
604157,574191,1,
603126,497987,1,
605850,533310,1,
596179,529556,1,
610330,552628,1,
598184,531473,1,
620438,511694,1,
600202,622079,1,
603021,577991,1,
515612,540643,-1,
606548,574376,1,
593490,623110,1,
607084,595500,1,
583728,563146,1,
616044,533807,1,
624452,584622,1,
604438,574666,1,
625709,660145,-1,
601376,579831,1,
565148,557305,1,
639418,537903,1,
612799,537497,1,
583653,652182,1,
599808,596484,1,
605250,573272,1,
606738,601356,1,
611044,571814,1,
575440,568511,1,
616329,529516,1,
605927,572533,1,
609286,586782,1,
647354,579190,1,
606929,571420,1,
562920,559223,1,
680357,620811,-1,
707100,601463,-1,
604294,574368,1,
614917,600946,1,
611508,503220,1,
603789,574474,1,
551740,588768,1,
546031,570429,1,
569197,559307,1,
688712,568754,-1,
604067,574091,1,
606809,572101,1,
588597,622592,1,
613840,534167,1,
576263,547239,1,
597077,568196,1,
601339,571609,1,
606011,569426,1,
593398,559764,1,
593166,622725,1,
609796,532982,1,
712648,607541,-1,
585048,505097,-1,
525967,565687,1,
660327,585901,1,
607604,573951,1,
604001,573587,1,
591484,571087,1,
613868,585089,1,
645464,660478,-1,
538571,654649,-1,
555429,604551,-1,
597620,586226,1,
586097,567445,1,
545235,539822,-1,
649088,575733,1,
599123,616977,1,
563763,559454,1,
617717,613939,1,
618869,577243,1,
567188,560044,1,
636628,533309,1,
560362,567914,1,
595014,632844,1,
605876,550640,1,
604352,573425,1,
600679,599545,1,
596891,579476,1,
614943,540976,1,
604415,571400,1,
603698,573585,1,
658199,568743,1,
598759,582942,1,
671269,590258,1,
593317,534085,1,
657985,453405,13,
608557,590278,1,
623004,508050,1,
601900,569391,1,
641031,593074,1,
589658,640498,1,
567565,573952,1,
559078,570088,1,
639431,588155,1,
566609,537592,1,
568570,579335,1,
660650,615038,-1,
667639,571164,1,
596796,529933,1,
606111,617846,1,
616060,590779,1,
602873,527864,1,
571334,594145,1,
602167,543919,1,
605100,573307,1,
546640,560043,1,
585195,555011,1,
651740,589474,1,
589112,536573,1,
582057,543124,1,
690968,555952,-1,
609030,552436,1,
632125,541413,1,
603445,630598,1,
628264,616214,1,
577242,574073,1,
604090,574392,1,
607911,576556,1,
600665,638890,1,
600117,539079,1,
631182,565466,1,
695646,652231,-1,
619445,567491,1,
613191,571942,1,
567428,580005,1,
590583,623314,1,
606289,670243,-1,
585175,574133,1,
634967,579020,1,
614615,574437,1,
593061,579188,1,
606933,576409,1,
606587,573873,1,
594084,629464,1,
683697,581516,-1,
601530,577183,1,
603055,589818,1,
616561,619007,1,
607463,477085,-1,
611581,572630,1,
579712,568354,1,
602887,595245,1,
600039,557139,1,
605913,579526,1,
579773,568698,1,
606324,544357,1,
605958,573728,1,
606144,575076,1,
667472,570571,1,
580048,565009,1,
597802,576113,1,
610263,574422,1,
603855,575180,1,
624369,532153,1,
599870,591110,1,
577167,617095,1,
658403,611332,-1,
563460,480559,-1,
610980,522819,1,
569422,567790,1,
627727,578737,1,
592804,584539,1,
540783,626497,-1,
591823,639096,1,
637323,549567,1,
638078,629421,-1,
611315,560757,1,
647103,573853,1,
522993,595581,-1,
601187,531825,1,
533799,564377,1,
649034,528813,1,
620975,564344,1,
622407,583192,1,
597026,642918,1,
551291,576721,1,
608768,610525,1,
697959,614701,-1,
658281,582264,1,
546632,599204,1,
672565,564468,1,
636500,587401,1,
696144,548705,-1,
533551,582247,1,
526802,551524,1,
553038,606418,-1,
696601,603624,-1,
588964,597435,1,
716139,621721,-1,
608529,586311,1,
557378,567033,1,
589994,610890,1,
589344,563119,1,
624415,515911,1,
565483,551512,1,
584895,574666,1,
582777,542670,1,
639394,576728,1,
608298,573748,1,
663578,586265,1,
628080,562986,1,
597421,554767,1,
595193,576508,1,
658103,572250,1,
659529,498474,-1,
606415,581386,1,
641976,577433,1,
587466,564953,1,
589180,595099,1,
601885,573083,1,
580561,528916,1,
621726,578003,1,
558817,576255,1,
620213,574468,1,
594010,570095,1,
541976,512639,-1,
593840,578685,1,
602667,575857,1,
631446,561156,1,
596481,567449,1,
611318,581584,1,
568546,564911,1,
593865,572987,1,
597017,575588,1,
578804,573582,1,
673750,594081,1,
592714,553958,1,
594029,586701,1,
668502,563937,1,
629533,537542,1,
801539,318482,2,
801667,318542,2,
814045,332998,2,
800479,321640,2,
757470,224976,-1,
844536,424646,-1,
797105,316002,2,
779956,271501,2,
797205,313318,2,
801323,316240,2,
783666,262902,2,
806131,312752,2,
830658,368694,2,
802482,335269,2,
801910,325434,2,
808062,337340,2,
789833,304422,2,
803603,327255,2,
800865,312968,2,
802237,318526,2,
803959,315173,2,
800123,312312,2,
780927,285057,2,
797242,324588,2,
801551,320544,2,
809182,319115,2,
801931,317202,2,
870801,476330,3,
820327,352701,2,
801093,317509,2,
798523,324500,2,
805237,318655,2,
803375,311620,2,
801441,323812,2,
797313,317527,2,
788220,301915,2,
790395,300024,2,
817135,349925,2,
797787,301470,2,
804630,332333,2,
808710,330379,2,
802111,320817,2,
796375,309563,2,
819768,346596,2,
814605,354382,2,
800565,319364,2,
802089,313456,2,
814401,341234,2,
796609,319691,2,
776131,248465,2,
803464,329093,2,
802646,317894,2,
809550,327365,2,
795322,311178,2,
830450,393096,2,
778414,260729,2,
800041,318331,2,
802814,320130,2,
802738,312234,2,
823913,369439,2,
803386,318982,2,
812869,346251,2,
798904,324420,2,
800447,331643,2,
807446,342555,2,
804251,329956,2,
797594,302109,2,
803448,314797,2,
765502,240340,2,
795527,315510,2,
794640,313497,2,
808717,335740,2,
790932,305223,2,
816852,352965,2,
826228,376658,2,
795299,312036,2,
808686,332209,2,
809594,344872,2,
799275,324108,2,
878184,487392,3,
798472,322218,2,
824822,367091,2,
746769,205186,-1,
756701,207223,-1,
795489,287279,2,
800483,320713,2,
783491,288029,2,
797162,306135,2,
800272,316170,2,
806827,324616,2,
802853,314938,2,
800804,316615,2,
813173,354777,2,
801588,319814,2,
797400,315778,2,
823840,368410,2,
811391,343836,2,
801055,321833,2,
804038,306622,2,
803780,334441,2,
834173,386159,2,
802784,313853,2,
807293,347456,2,
817119,336333,2,
786635,269352,2,
824624,381716,2,
797415,319840,2,
800772,325023,2,
806626,318966,2,
800845,311838,2,
769386,259892,2,
797272,324228,2,
807409,325526,2,
795836,291870,2,
798321,319665,2,
805372,313397,2,
790738,308028,2,
800667,315995,2,
795205,316433,2,
809054,345541,2,
808452,320117,2,
779897,279572,2,
782642,275308,2,
797569,321799,2,
801751,318110,2,
787644,297715,2,
807401,314610,2,
800677,310656,2,
800394,301473,2,
795571,310093,2,
814158,335578,2,
811913,325091,2,
806982,316680,2,
775604,274485,2,
800133,327081,2,
806511,313841,2,
803796,314893,2,
802012,318315,2,
826789,377676,2,
814108,344096,2,
804354,309671,2,
807017,330432,2,
803774,334756,2,
817410,346944,2,
841928,398948,2,
816145,349032,2,
818622,370753,2,
786245,292352,2,
784164,285702,2,
805390,319676,2,
790774,303642,2,
803277,319525,2,
833182,379714,2,
773023,251826,2,
801609,320399,2,
778965,282290,2,
814317,333112,2,
805080,323708,2,
801080,318049,2,
799724,318884,2,
798059,316113,2,
806176,320301,2,
769876,257669,2,
825716,373098,2,
791983,298565,2,
801386,313545,2,
804871,317801,2,
810903,332925,2,
838276,395673,2,
810543,341180,2,
777978,252419,2,
820258,351165,2,
801997,319385,2,
779437,281959,2,
810253,323873,2,
794826,309589,2,
814280,344223,2,
832651,373469,2,
794142,306704,2,
802041,319504,2,
804190,320706,2,
798983,325682,2,
840462,402858,2,
799912,323363,2,
804119,328544,2,
804358,320802,2,
803057,331037,2,
803031,325811,2,
784151,283760,2,
800444,311497,2,
802004,317772,2,
803470,319069,2,
811277,335577,2,
803332,315488,2,
800037,317963,2,
813436,360446,2,
800694,316789,2,
838129,404012,2,
764997,249477,2,
800316,311699,2,
806848,320541,2,
805462,317833,2,
798308,312788,2,
802655,316263,2,
801456,320080,2,
801309,318213,2,
840886,397888,2,
829529,375007,2,
830805,370801,2,
804979,334141,2,
804013,316083,2,
808489,317021,2,
770113,241615,2,
804332,319006,2,
833661,389733,2,
797834,297329,2,
794956,309980,2,
801232,307078,2,
809552,342258,2,
794615,305632,2,
809259,345634,2,
811502,355939,2,
801301,316893,2,
803370,318247,2,
804702,315881,2,
797009,293194,2,
813791,334609,2,
812965,330224,2,
826048,374236,2,
800959,322309,2,
803405,317316,2,
802254,320673,2,
783116,265635,2,
798633,317300,2,
801482,327644,2,
798612,326404,2,
799001,302014,2,
802537,312497,2,
799794,315080,2,
793892,313943,2,
804691,332987,2,
793855,298525,2,
796952,318633,2,
800655,320227,2,
801780,318992,2,
805977,320805,2,
796916,323332,2,
820904,351763,2,
808405,318841,2,
765283,249459,2,
824212,363776,2,
798981,311092,2,
797178,310439,2,
800582,316980,2,
803839,310353,2,
796283,315582,2,
801145,317601,2,
801662,318423,2,
801782,318281,2,
803377,319212,2,
803932,318781,2,
806192,337849,2,
789583,287700,2,
801586,318947,2,
804251,331304,2,
799667,316830,2,
759789,229116,2,
799021,326404,2,
793684,312065,2,
806320,315242,2,
786234,267976,2,
821151,366545,2,
801903,312794,2,
782506,279930,2,
803627,319323,2,
794991,291216,2,
794667,315069,2,
799291,317500,2,
798243,324160,2,
804408,337683,2,
818119,348676,2,
810502,336169,2,
793560,285392,2,
801326,315779,2,
808644,326320,2,
813645,328765,2,
800966,317165,2,
797111,302781,2,
802431,322048,2,
811061,333595,2,
786719,283364,2,
773955,239849,2,
803701,321815,2,
783110,289805,2,
800235,316652,2,
807421,317527,2,
797947,319734,2,
805035,317469,2,
801166,322298,2,
846693,429031,-1,
801493,322249,2,
806087,326636,2,
810657,329468,2,
801313,300606,2,
800390,309948,2,
801634,318965,2,
799197,314215,2,
795254,296488,2,
807696,320548,2,
800461,326821,2,
801174,320442,2,
809781,326904,2,
826585,366934,2,
804429,312164,2,
788005,292268,2,
801183,316191,2,
378274,816341,4,
406233,813072,4,
401478,785370,4,
448651,847994,4,
434440,822866,4,
369199,734895,4,
413241,771595,4,
369418,733394,4,
378563,789670,4,
424190,780052,4,
415993,776671,4,
421352,799127,4,
432656,783776,4,
383032,788008,4,
414377,771258,4,
425260,773661,4,
469139,810971,4,
442979,803024,4,
347079,803582,4,
412797,803180,4,
352874,807952,4,
442286,755194,4,
416433,786159,4,
419700,793447,4,
422961,821595,4,
400008,789447,4,
429586,775621,4,
457561,788245,4,
415417,785827,4,
389552,750700,4,
415598,786499,4,
443447,783977,4,
404792,749210,4,
389392,730768,4,
473485,847098,-1,
491614,778997,4,
437483,785130,4,
452570,848127,4,
417197,778243,4,
405986,787439,4,
437568,794323,4,
420319,794333,4,
418963,746595,4,
469422,822619,4,
397688,762902,4,
418149,790096,4,
407289,798870,4,
360319,778673,4,
473799,795167,4,
445199,763833,4,
446537,828924,4,
410019,732704,4,
396540,815936,4,
407694,718592,4,
417091,792545,4,
442260,754050,4,
411526,784658,4,
407814,765816,4,
394022,803914,4,
481133,781413,4,
396118,794614,4,
458538,786673,4,
419721,789724,4,
424476,781552,4,
377720,727349,4,
448336,789445,4,
412227,787450,4,
408745,824896,4,
417016,774869,4,
395274,786698,4,
412541,806622,4,
412109,735920,4,
407023,787385,4,
376660,815936,4,
396548,784388,4,
508535,830710,-1,
414014,816460,4,
440782,782395,4,
436951,814456,4,
393758,750953,4,
418410,795929,4,
425991,787029,4,
414562,787355,4,
408712,803987,4,
377858,811790,4,
417169,792321,4,
460371,780609,4,
388873,746909,4,
395641,808571,4,
386436,791388,4,
440667,768761,4,
438437,730300,4,
370839,727884,4,
422917,781112,4,
391555,789079,4,
402666,814060,4,
474368,812039,4,
406176,760860,4,
463768,793154,4,
446307,796523,4,
402309,786873,4,
413946,786971,4,
425053,790566,4,
416926,785113,4,
424023,737453,4,
417447,782955,4,
415672,787824,4,
416019,787562,4,
417515,787648,4,
459230,803720,4,
447833,819282,4,
418199,851439,4,
417393,771537,4,
441415,780207,4,
399634,751940,4,
373360,784232,4,
419227,779215,4,
434717,808225,4,
397669,792218,4,
412028,773494,4,
407504,803363,4,
365147,790525,4,
459328,805961,4,
429472,860855,4,
480128,785580,4,
344915,702496,-1,
410969,770451,4,
407460,791404,4,
420476,750495,4,
397747,792207,4,
408428,771823,4,
397806,749559,4,
426040,825049,4,
407565,766203,4,
414317,828815,4,
410610,765111,4,
412388,784064,4,
406337,750353,4,
422419,754048,4,
416039,730594,4,
414512,793966,4,
398478,822297,4,
424375,721868,4,
403890,792420,4,
400902,772920,4,
402367,782997,4,
472917,830363,4,
418621,840463,4,
329002,727685,-1,
418618,811618,4,
425356,745471,4,
470922,770669,4,
400598,790903,4,
412851,774986,4,
492415,829655,-1,
400079,749617,4,
417673,785965,4,
424720,768456,4,
386415,801444,4,
426689,788562,4,
430747,776261,4,
405714,781619,4,
429220,787348,4,
427850,762201,4,
434080,785264,4,
473514,788780,4,
412386,777312,4,
430686,844506,4,
409142,811927,4,
422198,724557,4,
392185,713763,-1,
412677,786951,4,
399149,784376,4,
382693,749680,4,
527515,831478,-1,
448519,805219,4,
430779,770145,4,
413556,758080,4,
392140,769924,4,
416855,794023,4,
389713,772742,4,
398498,776720,4,
473727,807244,4,
389410,788256,4,
377230,790154,4,
415564,784464,4,
456799,844976,4,
444336,820061,4,
404359,783919,4,
453154,776082,4,
425019,759577,4,
415895,775793,4,
420083,787815,4,
506612,858859,-1,
436648,859634,-1,
403522,785432,4,
401407,759648,4,
403852,792473,4,
367398,701756,-1,
412453,784453,4,
382124,786262,4,
416884,786845,4,
448865,836781,4,
383821,808301,4,
414249,796590,4,
457338,789952,4,
396276,785999,4,
390282,789593,4,
409417,758123,4,
397561,815245,4,
397137,742547,4,
402891,801910,4,
385257,791581,4,
409628,833942,4,
369249,797068,4,
460942,779073,4,
423146,737571,4,
420509,788730,4,
422736,790806,4,
401492,790336,4,
394018,799506,4,
385140,796221,4,
430243,781020,4,
416775,806826,4,
425796,795608,4,
411488,837715,4,
433989,765343,4,
415806,783594,4,
417023,771194,4,
415270,775605,4,
391163,811977,4,
405350,762342,4,
414860,773921,4,
371779,814715,4,
415631,805010,4,
387951,813315,4,
472691,802678,4,
471930,844046,4,
432892,815223,4,
366654,802105,4,
411721,717873,4,
426115,814461,4,
375997,806621,4,
385561,718324,4,
375573,809249,4,
437958,784801,4,
363857,784086,4,
430138,818594,4,
435085,791564,4,
414036,742189,4,
425611,793420,4,
439793,740773,4,
467107,817914,4,
387631,749416,4,
430001,765803,4,
384225,784381,4,
417146,822655,4,
427371,819417,4,
399587,792459,4,
474648,778810,4,
345692,788190,4,
409515,756149,4,
469782,780552,4,
468229,827985,4,
414951,852935,4,
409701,750741,4,
442826,795974,4,
459556,818479,4,
423311,813081,4,
476144,772131,4,
391976,789416,4,
448649,813885,4,
496658,816784,4,
410336,767856,4,
430167,811490,4,
357467,797530,4,
404220,785798,4,
446368,763341,4,
439514,758221,4,
424145,743433,4,
470062,771204,4,
421187,779726,4,
396617,801039,4,
394708,739061,4,
394912,755947,4,
425950,788228,4,
408283,806161,4,
419520,778231,4,
441950,785934,4,
409814,836083,4,
395817,788858,4,
422776,808328,4,
363959,810632,4,
422943,804253,4,
407626,771304,4,
347933,797148,4,
457554,795861,4,
394274,837428,-1,
445674,768552,4,
416359,786189,4,
419485,804779,4,
376176,795539,4,
349378,805118,4,
456566,743012,-1,
484407,809641,4,
403329,717870,4,
392795,817694,4,
372621,772258,4,
461751,817277,4,
489182,773934,4,
427388,815258,4,
418155,819422,4,
437035,755506,4,
416444,783624,4,
777811,751059,5,
823974,725025,5,
749723,781756,-1,
875160,698897,5,
828194,742074,5,
800913,749332,5,
831165,783383,5,
793019,764859,5,
810467,706465,5,
803540,754792,5,
844662,654835,5,
803962,731228,5,
823065,733789,5,
822156,732296,5,
811389,723618,5,
779936,774397,5,
854769,713941,5,
803457,735855,5,
790712,745884,5,
815652,733433,5,
841289,701474,5,
832054,751330,5,
786032,701427,5,
824835,704997,5,
832886,781206,5,
818063,797960,5,
857620,709386,5,
828589,652430,5,
836727,737798,5,
776000,780347,5,
824098,714042,5,
830583,710990,5,
862189,735684,5,
815131,704478,5,
828478,655405,5,
784838,771499,5,
880362,706363,5,
767482,727417,-1,
825070,734215,5,
813781,738344,5,
840863,737972,5,
840943,739611,5,
828276,762021,5,
822883,728314,5,
854886,769396,5,
829623,732301,5,
835428,731189,5,
818338,800932,5,
823417,701523,5,
812152,689907,5,
829969,699565,5,
861563,661642,-1,
816955,747629,5,
774526,757135,5,
803577,712231,5,
798056,714380,5,
881789,727577,5,
858867,700187,5,
834996,728517,5,
839121,736259,5,
841045,738224,5,
840100,728839,5,
874544,686096,5,
862334,747768,5,
820253,714625,5,
817862,732248,5,
844729,682981,-1,
846484,719360,5,
793669,724513,5,
821906,732848,5,
826465,646980,5,
820350,748217,5,
814540,707227,5,
838223,766380,5,
869471,745767,5,
816054,733183,5,
801177,737548,5,
848783,748980,5,
814105,723255,5,
838036,749612,5,
840270,725456,5,
789601,714058,5,
827169,708345,5,
789448,738035,5,
835030,668528,5,
848151,741869,5,
816091,747764,5,
801511,761094,5,
822670,689090,5,
873672,734440,5,
808153,737136,5,
755829,751858,-1,
814697,729209,5,
832758,707452,5,
848264,762550,5,
799903,784535,-1,
802674,727804,5,
828147,808738,5,
820707,705318,5,
824594,741664,5,
804474,747122,5,
823108,733302,5,
839514,728923,5,
827711,732798,5,
851644,721350,5,
816390,711340,5,
798007,723995,5,
790612,738038,5,
821909,728448,5,
865754,723314,5,
735295,814058,-1,
877711,703850,5,
792990,685472,5,
809917,762429,5,
789388,712210,5,
879221,655497,-1,
876935,684572,5,
819439,735945,5,
807929,730950,5,
850451,764015,5,
811748,766105,5,
824765,761114,5,
848586,789052,5,
812231,739235,5,
873532,712802,5,
842590,716861,5,
832798,734777,5,
817640,730018,5,
824322,744720,5,
777697,798253,-1,
868493,677155,5,
805658,698630,5,
840349,790707,5,
796953,726378,5,
832589,782799,5,
817441,709397,5,
856029,730586,5,
805089,762512,5,
854628,773470,5,
846090,651306,5,
796943,674692,5,
827192,785316,5,
818209,719382,5,
795200,786424,-1,
817777,724927,5,
846512,683647,-1,
825080,746712,5,
824674,806300,5,
822616,735941,5,
805391,732659,5,
823250,732088,5,
850376,739749,5,
821337,733356,5,
796786,724615,5,
862425,741010,5,
825690,703854,5,
800872,672603,5,
825395,715780,5,
843911,730036,5,
820238,732928,5,
848570,703697,5,
825515,738284,5,
820367,732364,5,
822025,749214,5,
837718,761480,5,
871723,685520,5,
850904,720163,5,
816775,739989,5,
822103,732911,5,
815455,755486,5,
835648,756631,5,
868626,737331,5,
825997,730652,5,
817252,730254,5,
877906,722361,5,
808440,729985,5,
791470,751113,5,
841654,764836,5,
825429,732758,5,
751215,828365,-1,
804706,788001,-1,
820194,734233,5,
869991,705259,5,
809779,663654,5,
822078,711840,5,
866139,717138,5,
829379,718721,5,
837582,763266,5,
783999,732487,5,
800231,732106,5,
862569,719773,5,
838764,652792,5,
849343,713993,5,
828297,715480,5,
821259,750089,5,
874643,729921,5,
819058,729125,5,
817018,729596,5,
797804,715342,5,
838515,768484,5,
829398,724900,5,
754841,796342,-1,
878690,739021,5,
821908,732077,5,
786495,759000,5,
823987,687499,5,
787988,741203,5,
839339,726322,5,
822425,727248,5,
854412,725575,5,
788351,737539,5,
838587,700545,5,
840425,762290,5,
817395,734126,5,
807913,737341,5,
872285,750708,5,
788166,702817,5,
836225,709204,5,
822293,786837,5,
888892,702505,5,
822623,745025,5,
795124,696429,5,
832238,725434,5,
815593,689874,5,
843572,784897,5,
833716,758772,5,
822474,780882,5,
801102,759330,5,
841752,731595,5,
808779,732990,5,
822533,758955,5,
817807,715863,5,
837977,728814,5,
801204,755177,5,
819628,810748,5,
814732,734183,5,
832086,716249,5,
876503,659112,-1,
823856,749355,5,
819737,737829,5,
818756,743887,5,
811971,664520,5,
801526,705057,5,
827031,734324,5,
843891,721571,5,
810460,735109,5,
782368,759352,5,
801172,715857,5,
866928,716961,5,
829673,730398,5,
850888,736810,5,
786935,732999,5,
769656,721159,-1,
804925,735492,5,
870054,738900,5,
818932,728481,5,
853692,746285,5,
807072,687932,5,
750459,800215,-1,
823959,737866,5,
835804,710711,5,
790206,747165,5,
813092,739043,5,
801810,728106,5,
825404,733788,5,
820947,730529,5,
827081,694553,5,
822664,720677,5,
768565,762193,5,
823113,733720,5,
821079,800206,5,
828531,731300,5,
820757,738235,5,
781260,737962,5,
819438,662327,5,
833504,744564,5,
789552,731946,5,
822843,763117,5,
775555,719683,-1,
865084,713697,5,
820455,729132,5,
849547,738979,5,
762269,792243,-1,
821464,700760,5,
824013,753991,5,
803369,698753,5,
823589,728083,5,
796353,710294,5,
820083,728310,5,
829133,735488,5,
823455,747394,5,
818542,740451,5,
809623,734937,5,
841762,777572,5,
802184,751958,5,
803874,675499,5,
830065,739162,5,
824140,729074,5,
852730,769968,5,
866760,753547,5,
811031,703822,5,
825414,734466,5,
816615,770855,5,
786227,765634,5,
817269,733788,5,
809453,736879,5,
757421,774445,-1,
818251,731938,5,
788020,765562,5,
823618,734216,5,
812295,728049,5,
837545,696979,5,
797918,694723,5,
822224,742716,5,
821895,732158,5,
797233,713358,5,
800258,733812,5,
813319,737376,5,
860951,162251,6,
860387,157731,6,
857363,154639,6,
863391,126214,6,
839094,159543,6,
849248,164090,6,
875990,133950,6,
905936,150106,6,
895835,123485,6,
818079,108536,6,
898976,198452,6,
869087,153957,6,
849653,143827,6,
834293,161575,6,
844234,153197,6,
835128,212354,6,
828179,155649,6,
875410,128878,6,
850965,156224,6,
800816,176612,6,
832621,150748,6,
876863,176593,6,
826192,172906,6,
862679,188399,6,
839974,154358,6,
854338,135067,6,
855233,141357,6,
850538,160159,6,
868442,160118,6,
888714,205560,6,
864185,161232,6,
851280,156049,6,
875825,204959,6,
840375,155757,6,
892340,149050,6,
873527,126426,6,
836433,200181,6,
826499,142732,6,
854922,159650,6,
883537,210648,6,
807420,168787,6,
840299,118907,6,
834602,213597,6,
864053,139325,6,
856454,117143,6,
857972,160214,6,
850046,108829,6,
804936,148980,6,
864374,150149,6,
858587,150101,6,
870247,121460,6,
855656,162100,6,
850176,127908,6,
850057,157848,6,
828005,145089,6,
861994,160156,6,
849537,157510,6,
867125,168762,6,
838142,156770,6,
847644,164348,6,
856349,158150,6,
860606,152843,6,
869288,168662,6,
838328,185708,6,
860986,140320,6,
829229,143653,6,
866051,172932,6,
871556,194747,6,
865489,161762,6,
851840,110475,6,
846256,154064,6,
836081,178429,6,
859707,202806,6,
849938,156042,6,
894124,202052,6,
864325,170593,6,
848108,161786,6,
817619,181929,6,
858058,196183,6,
861242,161722,6,
885793,172115,6,
850577,157049,6,
877125,161227,6,
883864,111281,6,
891699,170415,6,
802394,87835,-1,
862759,157988,6,
824185,167369,6,
813124,157130,6,
840335,164912,6,
858042,178196,6,
846257,145306,6,
858516,151301,6,
851282,153750,6,
905005,164126,6,
857309,139276,6,
845589,192916,6,
895245,150977,6,
863995,150435,6,
862642,159379,6,
861631,169376,6,
858934,162874,6,
912023,160368,6,
842824,177832,6,
824560,133679,6,
842281,175525,6,
860845,155375,6,
841096,188742,6,
821428,153468,6,
840357,169437,6,
827802,189078,6,
844734,164570,6,
847812,114745,6,
887269,166179,6,
830159,134329,6,
850925,157811,6,
847276,121785,6,
870599,149782,6,
780153,136449,6,
814379,132655,6,
834483,173379,6,
852423,159874,6,
854012,157449,6,
883375,158482,6,
850219,110573,6,
836450,151205,6,
881217,172320,6,
813239,139752,6,
871255,140340,6,
789356,159383,6,
873690,156226,6,
858834,149259,6,
778867,140736,6,
872057,122354,6,
882097,161493,6,
787336,144875,6,
849751,167033,6,
843833,170416,6,
850663,157840,6,
812240,177846,6,
838609,140215,6,
850959,157920,6,
859703,156782,6,
854753,190254,6,
895723,126593,6,
857833,170565,6,
850200,164752,6,
845303,150476,6,
877422,134877,6,
850153,155701,6,
819256,201704,6,
871689,155981,6,
818014,140185,6,
815298,167390,6,
864088,171351,6,
902529,162041,6,
908069,146564,6,
799326,106384,-1,
854996,81095,-1,
843813,182032,6,
888504,147016,6,
877964,242679,-1,
851866,156896,6,
821361,175823,6,
810775,160434,6,
843150,156573,6,
844088,150085,6,
830620,117906,6,
835790,127898,6,
819541,117296,6,
858703,157931,6,
857846,153281,6,
876408,183646,6,
842576,153072,6,
848974,199427,6,
862925,243856,-1,
856561,128799,6,
834171,189042,6,
872516,217570,6,
869167,105039,6,
819670,183364,6,
846575,159002,6,
895127,152283,6,
830445,186055,6,
792179,148539,6,
852410,187705,6,
853554,158012,6,
927170,250593,-1,
825605,167750,6,
846731,162515,6,
878170,123364,6,
884966,133900,6,
866987,154415,6,
846284,113820,6,
873474,159567,6,
878258,158631,6,
882306,173836,6,
856924,169071,6,
794260,129843,6,
851568,114049,6,
868736,179354,6,
925732,210388,-1,
868375,161990,6,
855593,161003,6,
849599,157084,6,
868317,177001,6,
800304,163436,6,
823740,169808,6,
856202,158811,6,
883929,121705,6,
851010,157593,6,
872506,157517,6,
850533,160136,6,
816393,185056,6,
850911,157772,6,
812942,85345,-1,
835581,147664,6,
913298,162009,6,
858172,137586,6,
872781,154295,6,
871597,185239,6,
923120,170161,6,
837019,215527,6,
835702,176502,6,
837017,154170,6,
859177,143273,6,
866851,129505,6,
855852,134834,6,
924289,171369,6,
860154,113364,6,
836739,162321,6,
850775,162968,6,
884750,154317,6,
849681,125345,6,
854463,159977,6,
883567,161769,6,
848137,87922,-1,
823676,152154,6,
848135,130674,6,
844400,150812,6,
864494,136669,6,
878157,210496,6,
851088,157432,6,
786528,104976,-1,
860106,157080,6,
861412,205239,6,
820675,168154,6,
834036,144156,6,
842907,133992,6,
846720,162060,6,
871544,144135,6,
849003,115373,6,
856753,145184,6,
839757,190518,6,
865113,161302,6,
846936,161313,6,
845802,172285,6,
844357,163402,6,
881106,105566,6,
877835,151890,6,
839445,149778,6,
866560,165110,6,
845798,213118,6,
818668,120458,6,
831446,182864,6,
900955,185733,6,
836647,167267,6,
874672,104851,6,
849126,121710,6,
889142,154467,6,
855993,225023,6,
854095,158510,6,
850787,125678,6,
859298,139834,6,
829216,121494,6,
837676,148639,6,
851919,127963,6,
841353,125628,6,
848563,117708,6,
893106,176595,6,
852503,146551,6,
848290,143184,6,
825541,151495,6,
883231,232031,-1,
864667,143614,6,
805089,96540,-1,
854909,149938,6,
847097,176660,6,
910435,171155,6,
878749,188759,6,
871780,158486,6,
841292,155620,6,
846011,160034,6,
855969,193497,6,
860927,110775,6,
808069,134402,6,
848413,183717,6,
791722,162000,6,
852104,134678,6,
806567,140259,6,
847423,161535,6,
867993,162841,6,
828038,149181,6,
849404,170474,6,
841967,150890,6,
850945,161669,6,
888697,143969,6,
813868,188928,6,
864991,159874,6,
881109,152198,6,
811694,188374,6,
900360,153622,6,
885764,151791,6,
814553,164190,6,
895623,178393,6,
829790,205695,6,
865170,173755,6,
850453,155432,6,
864211,216526,6,
848770,111076,6,
791199,164843,6,
834165,140684,6,
843905,219401,6,
857328,143692,6,
838146,159541,6,
340693,569371,7,
315965,587160,7,
405652,622938,7,
359831,554975,7,
349296,557688,7,
289423,559134,7,
408689,562521,7,
321312,574721,7,
286568,547471,7,
370259,585265,7,
339967,562602,7,
410917,614521,7,
283570,563726,7,
347197,591316,7,
342064,570045,7,
317331,556086,7,
335792,541310,7,
330455,568758,7,
366794,582584,7,
378697,591764,7,
339981,565418,7,
338342,566864,7,
338474,563350,7,
432052,613723,-1,
340064,550509,7,
334354,578047,7,
296775,572432,7,
353335,592567,7,
334016,562797,7,
328438,532686,7,
365927,571713,7,
343247,564376,7,
325057,581121,7,
330881,579058,7,
378648,579579,7,
339115,566863,7,
333299,597586,7,
367048,553451,7,
345840,561591,7,
366934,581294,7,
358793,547046,7,
393570,579641,7,
304399,545221,7,
353979,578923,7,
337002,589527,7,
327738,559624,7,
334549,579199,7,
297110,556485,7,
327403,548875,7,
413894,564459,7,
326043,553772,7,
337811,558454,7,
333901,532836,7,
340545,568654,7,
358483,554925,7,
318065,581616,7,
367751,578289,7,
331667,570387,7,
321519,561045,7,
299578,572052,7,
339632,536577,7,
339993,544064,7,
268672,508874,-1,
332960,569308,7,
345042,566973,7,
352220,602793,7,
333934,537464,7,
312386,555195,7,
334182,558498,7,
335328,562880,7,
303637,570253,7,
353145,580916,7,
325118,556212,7,
294310,563522,7,
371563,547746,7,
373894,555347,7,
407040,577739,7,
337298,565486,7,
357813,572855,7,
304157,566007,7,
335918,566525,7,
330127,570072,7,
339212,538693,7,
357275,551101,7,
334785,565575,7,
326152,563230,7,
345903,561314,7,
238748,551038,-1,
331175,551842,7,
352520,566829,7,
341675,560197,7,
354746,552404,7,
412500,594675,7,
277027,536847,7,
322209,547247,7,
375619,553791,7,
288068,561932,7,
344770,570309,7,
284031,566654,7,
324442,567881,7,
356246,549756,7,
404420,577532,7,
336829,562228,7,
293591,522132,7,
342963,582232,7,
338860,561151,7,
324055,590810,7,
328331,541094,7,
357737,597104,7,
392534,593343,7,
298665,568245,7,
343376,575709,7,
338863,563107,7,
361370,552483,7,
338935,567577,7,
350117,535859,7,
371000,555062,7,
368617,554066,7,
331795,529654,7,
344237,573700,7,
280110,522025,7,
328657,564864,7,
452457,597461,-1,
333669,542228,7,
320628,564596,7,
316642,553340,7,
340712,563178,7,
349955,535578,7,
261538,525920,-1,
411008,607342,7,
317136,563479,7,
297022,574097,7,
319927,524637,7,
359772,568428,7,
344791,578536,7,
324093,580491,7,
373907,558472,7,
321905,573147,7,
341721,576427,7,
386373,606623,7,
338588,543875,7,
341578,558672,7,
371616,570648,7,
331987,568997,7,
341329,565571,7,
334350,556417,7,
330482,571217,7,
338950,572545,7,
289087,565427,7,
343997,585193,7,
225786,529417,-1,
365567,547606,7,
320827,519618,7,
286990,529505,7,
321517,569562,7,
388806,569524,7,
411796,581307,7,
331440,551885,7,
325958,573367,7,
348171,569251,7,
344239,530765,7,
419151,577335,7,
321309,569996,7,
386377,574187,7,
342099,561508,7,
366688,562413,7,
321657,538660,7,
403004,613466,7,
363304,553764,7,
384922,582877,7,
304556,568584,7,
336787,538925,7,
327998,571265,7,
303269,531608,7,
313649,523765,7,
337889,558031,7,
360165,553303,7,
340032,561740,7,
338634,564414,7,
351459,565704,7,
412767,593558,7,
283474,532727,7,
336928,557412,7,
366478,594677,7,
343450,570659,7,
331616,565089,7,
354529,573677,7,
276703,559740,7,
282066,560178,7,
331366,567311,7,
321910,573825,7,
290107,571927,7,
281979,518199,7,
374695,563163,7,
340191,567638,7,
338583,563529,7,
358312,559466,7,
338474,564151,7,
338205,566246,7,
342901,582886,7,
265815,540385,7,
304086,576100,7,
347966,563506,7,
346144,560472,7,
352381,592377,7,
318681,528806,7,
369366,561201,7,
310041,533285,7,
344314,595915,7,
363956,609339,7,
328586,551385,7,
330767,552963,7,
312558,520650,7,
315850,573154,7,
379388,567285,7,
329905,579935,7,
352209,548608,7,
357679,548036,7,
339288,588052,7,
330335,568221,7,
341559,562163,7,
341925,569393,7,
327695,543105,7,
335999,549795,7,
302359,534317,7,
332586,566187,7,
330750,561657,7,
400380,588221,7,
337910,562252,7,
336549,565597,7,
343717,559909,7,
332116,594868,7,
358384,556361,7,
415881,584352,7,
345164,579614,7,
316395,537403,7,
340970,564831,7,
340383,600071,7,
326627,534442,7,
356865,545785,7,
306298,551902,7,
347575,565576,7,
302583,571881,7,
352424,557574,7,
279008,521035,7,
335029,553213,7,
338753,563384,7,
324032,577807,7,
327973,534972,7,
321924,527106,7,
345495,579864,7,
385091,599401,7,
361138,551307,7,
332884,533990,7,
269126,508814,-1,
350056,566657,7,
374117,546122,7,
350283,559840,7,
335525,567445,7,
350798,535657,7,
289002,520678,7,
324516,522674,7,
364844,571623,7,
351815,574947,7,
275524,559548,7,
348773,583528,7,
308966,523409,7,
316313,570785,7,
341966,561987,7,
341446,538787,7,
318823,565345,7,
347522,587567,7,
293746,544468,7,
334983,572690,7,
325125,564342,7,
330145,546705,7,
336336,563145,7,
302353,545544,7,
321216,569834,7,
285152,520229,7,
335027,565050,7,
332270,556288,7,
341016,545280,7,
339640,561426,7,
338633,563504,7,
324952,565867,7,
353583,554147,7,
385183,556284,7,
292636,520371,7,
289176,571435,7,
310944,559497,7,
336974,563207,7,
337173,557853,7,
396903,591235,7,
324440,567074,7,
333378,557892,7,
300366,565761,7,
344437,529492,7,
325871,558965,7,
367641,556309,7,
344552,554676,7,
297212,546223,7,
355924,577596,7,
331340,524203,7,
292932,558293,7,
306346,523584,7,
341966,586266,7,
282430,560217,7,
326251,549298,7,
335201,585318,7,
351564,573155,7,
322365,530808,7,
405542,600089,7,
296763,528676,7,
221233,538472,19,
338084,560295,7,
345674,579033,7,
325883,560492,7,
345123,577788,7,
329859,564384,7,
353939,570931,7,
409616,575024,7,
365058,545456,7,
404782,557913,7,
368724,598412,7,
344096,575522,7,
182618,346663,8,
171461,348130,8,
186536,330019,8,
177241,292639,8,
248683,383412,-1,
174057,358906,8,
215243,289985,9,
170688,343596,8,
144502,345417,8,
165689,356983,8,
168443,367928,8,
165158,343946,8,
159711,352701,8,
175781,341039,8,
233480,289069,-1,
189029,366740,8,
168573,350387,8,
170271,306395,8,
192775,350028,8,
152054,345632,8,
139299,314046,8,
202053,322650,8,
134695,350397,8,
159654,381778,8,
188093,324040,8,
183236,338163,8,
156984,430950,10,
182751,435819,10,
198908,372797,8,
198517,325721,8,
161345,350804,8,
210497,359835,8,
141993,331189,8,
170788,373545,8,
166449,363036,8,
155479,345893,8,
186380,363938,8,
129332,360811,8,
224225,376975,-1,
165945,345849,8,
223550,323197,8,
122755,434879,-1,
166584,349245,8,
179472,342273,8,
148749,359845,8,
177505,332053,8,
160222,380591,8,
178869,370161,8,
170002,370000,8,
164354,347671,8,
169966,368623,8,
145867,363616,8,
181561,358111,8,
164915,350360,8,
166973,341636,8,
153181,277968,8,
155505,355581,8,
160835,347784,8,
211265,396792,-1,
203254,362605,8,
137967,354539,8,
174064,357989,8,
179609,408365,8,
176506,351827,8,
172879,347028,8,
180506,330980,8,
185966,359964,8,
146070,316860,8,
152957,321354,8,
163190,331719,8,
186914,361706,8,
159191,309314,8,
170425,316185,8,
162040,316797,8,
195000,354829,8,
126702,351222,8,
213064,290947,9,
140612,350010,8,
172885,352621,8,
170155,343568,8,
186806,334070,8,
146072,288800,8,
169293,348686,8,
169502,411323,8,
152861,407965,-1,
156041,295117,8,
117585,391892,-1,
163981,344090,8,
158664,310765,8,
141113,351050,8,
163796,345091,8,
160369,353500,8,
235671,300234,-1,
140876,334435,8,
108232,373112,8,
192460,388323,8,
133744,308918,8,
216209,437830,-1,
156945,339397,8,
199859,316334,8,
159496,331641,8,
167845,341409,8,
182435,365508,8,
133795,360518,8,
169628,365003,8,
167262,399527,8,
177728,352687,8,
130683,363204,8,
198197,344933,8,
197735,355477,8,
172020,342883,8,
185561,342784,8,
202011,337353,8,
157394,346500,8,
182050,424341,8,
129664,341196,8,
173188,355248,8,
182499,310438,8,
170384,339979,8,
182093,321311,8,
185696,338006,8,
102221,374657,8,
165881,364469,8,
164875,349007,8,
159120,340829,8,
168274,374689,8,
178495,373915,8,
179811,342089,8,
162606,363185,8,
173908,362098,8,
133580,348602,8,
190634,357254,8,
186503,369651,8,
127134,379827,-1,
169145,355279,8,
140121,346875,8,
141860,324304,8,
200251,306215,8,
174373,363552,8,
170022,347877,8,
165657,338722,8,
186361,351075,8,
213022,338238,8,
155228,357729,8,
171614,435530,10,
175586,365049,8,
187858,381077,8,
171074,293610,8,
153738,360530,8,
199043,270173,-1,
165886,348709,8,
159428,300364,8,
197463,378513,8,
161273,347538,8,
186082,330058,8,
143732,279724,8,
142899,329415,8,
156977,424622,10,
174878,362329,8,
148915,338914,8,
187324,377187,8,
175766,380534,8,
185071,362905,8,
158550,354818,8,
174672,345849,8,
169880,343122,8,
109090,326101,8,
187854,354777,8,
153903,353738,8,
190241,329582,8,
102983,382712,8,
143117,345163,8,
188985,367645,8,
174834,411644,8,
144228,344974,8,
146821,297434,8,
171848,343242,8,
94382,320888,-1,
154412,310120,8,
176490,344679,8,
170616,352610,8,
81648,360080,-1,
153607,379395,8,
183970,355973,8,
105444,361358,8,
158571,361986,8,
177579,319865,8,
198892,322470,8,
216975,296647,9,
166654,350678,8,
189102,333074,8,
198712,303299,8,
137098,384889,8,
144306,328086,8,
142455,343512,8,
178319,318244,8,
168886,353913,8,
174656,393278,8,
130805,354417,8,
176433,350561,8,
142252,329183,8,
165476,377389,8,
210102,333312,8,
129453,321221,8,
144705,375936,8,
206687,342276,8,
153583,352282,8,
189499,356601,8,
159392,351000,8,
181463,326571,8,
162975,335389,8,
157691,334886,8,
154167,353183,8,
165607,362883,8,
182239,333302,8,
176982,354631,8,
183516,374212,8,
191099,341570,8,
184570,360446,8,
207804,354938,8,
198493,326704,8,
149269,341445,8,
184798,392233,8,
174438,319075,8,
107124,325984,8,
76052,360840,-1,
159302,337993,8,
140101,341028,8,
168149,345638,8,
150009,371014,8,
157193,350343,8,
111476,358647,8,
151164,332239,8,
171318,373473,8,
175169,349454,8,
162600,392531,8,
168067,340249,8,
170102,323164,8,
124132,340448,8,
149863,284721,8,
168079,347343,8,
128953,304971,8,
169228,364545,8,
198415,321418,8,
183610,321788,8,
220869,407358,-1,
159472,372246,8,
170837,353968,8,
165653,317602,8,
135537,356169,8,
166973,334724,8,
158750,312102,8,
161448,373412,8,
158713,379013,8,
180493,319750,8,
125715,302114,8,
194033,340466,8,
158871,312380,8,
161387,343617,8,
169121,347594,8,
167653,352074,8,
125902,318850,8,
217686,296514,9,
171986,429306,10,
211360,279794,9,
157181,346842,8,
188909,341194,8,
140128,325904,8,
117874,389929,-1,
162921,317643,8,
173978,346514,8,
98533,355691,8,
194956,372256,8,
164847,287064,8,
174410,372064,8,
149092,352682,8,
166323,352927,8,
178515,370287,8,
169337,348605,8,
122986,334382,8,
145282,391482,8,
185919,363092,8,
180519,368284,8,
181227,347052,8,
168284,309036,8,
198251,335402,8,
160922,347681,8,
141861,328909,8,
147911,328024,8,
178264,330827,8,
178235,346006,8,
195151,317753,8,
122360,357480,8,
167330,332452,8,
115363,305575,8,
185661,404482,8,
177858,352255,8,
113068,317574,8,
125675,360158,8,
172842,351663,8,
124724,459999,-1,
169069,348929,8,
185253,344152,8,
155625,262321,-1,
158201,315944,8,
171277,361020,8,
209553,326461,8,
160165,362858,8,
190725,336160,8,
169994,409806,8,
179463,361279,8,
172662,388185,8,
165284,425978,10,
160206,303063,8,
155690,368375,8,
124516,325289,8,
179326,321160,8,
165573,305517,8,
155508,372355,8,
166799,318482,8,
161780,324523,8,
168805,351913,8,
206519,355629,8,
163091,350167,8,
176144,353300,8,
179483,359645,8,
213951,352868,8,
164046,346109,8,
169569,346955,8,
225356,318394,8,
214966,358837,8,
159253,343477,8,
219779,330969,8,
169876,340860,8,
669118,354195,-1,
613682,399434,11,
617399,392653,11,
629247,364078,11,
641070,424917,11,
609532,388425,11,
629369,398359,11,
605911,379990,11,
622550,391601,11,
607905,403460,11,
679465,399014,11,
608711,373665,11,
623498,399288,11,
601212,370698,11,
574989,407228,11,
563517,391159,11,
687717,379483,11,
616040,330855,11,
653024,367312,11,
607440,403119,11,
620240,397022,11,
599215,391457,11,
587478,424878,11,
613921,394043,11,
624328,392133,11,
635887,384511,11,
559877,401053,11,
617755,401065,11,
693265,388552,11,
559933,403956,11,
655859,416496,11,
625919,402984,11,
595215,391491,11,
617493,379303,11,
598657,442558,11,
601644,436831,11,
617118,374098,11,
591051,389443,11,
617296,386864,11,
616468,394118,11,
630384,376295,11,
558770,390646,11,
637332,414017,11,
556780,409205,11,
577473,384210,11,
650054,432740,11,
595063,328609,-1,
714443,433876,-1,
603566,410391,11,
562356,383175,11,
546166,423311,-1,
626539,394908,11,
663820,416308,11,
710910,464586,-1,
624310,398408,11,
632546,389750,11,
667249,417107,11,
608309,377530,11,
611357,393577,11,
658219,436184,11,
615032,402225,11,
628131,406850,11,
632390,363198,11,
575116,345564,12,
625784,441883,11,
618893,419740,11,
579564,428498,11,
686324,364237,11,
586242,396484,11,
623248,399928,11,
609219,362804,11,
537211,376777,-1,
605310,394011,11,
634973,450542,11,
595411,413706,11,
613037,419086,11,
617444,397675,11,
633304,366062,11,
592620,446156,11,
631633,337973,11,
619637,395224,11,
620330,398630,11,
621964,409409,11,
618446,372298,11,
629789,426313,11,
608687,374928,11,
680646,375662,11,
591831,438997,11,
550086,442382,11,
620330,396776,11,
551236,401856,11,
617178,414525,11,
584938,344365,12,
622636,456843,11,
649987,408293,11,
613719,382828,11,
576987,392508,11,
599766,409755,11,
584077,398498,11,
695514,321521,-1,
561388,355834,12,
691600,397893,11,
610676,449688,11,
600114,413216,11,
626811,372435,11,
636291,360636,11,
570384,393553,11,
626700,401688,11,
624106,398619,11,
523329,404632,-1,
611954,360938,11,
613536,395801,11,
576488,397913,11,
652745,406585,11,
603193,371867,11,
610026,444858,11,
629725,405117,11,
648429,422590,11,
562772,382904,11,
638823,411764,11,
617764,397102,11,
579922,379009,11,
610698,396326,11,
642607,374702,11,
621629,397208,11,
659321,404555,11,
576235,462612,11,
598628,425191,11,
623502,420376,11,
665965,449273,13,
608923,385575,11,
611579,407670,11,
617573,386848,11,
589862,418742,11,
653325,396810,11,
605073,372055,11,
623137,408209,11,
499262,398424,-1,
619339,401624,11,
619295,397643,11,
578878,420108,11,
533577,355107,-1,
615934,426539,11,
690195,475150,-1,
673514,390760,11,
657120,386782,11,
549945,372313,-1,
675858,410545,11,
626586,415166,11,
618449,404599,11,
638783,399478,11,
578113,395458,11,
622557,361134,11,
635324,420555,11,
666135,430421,11,
689725,465685,-1,
593601,445149,11,
615094,383077,11,
624599,417673,11,
573969,434110,11,
642881,403147,11,
634383,422065,11,
582389,428200,11,
617330,369828,11,
621989,394856,11,
651828,468138,13,
612936,398723,11,
613351,407952,11,
562777,437516,11,
533212,366954,-1,
618113,400002,11,
609344,448128,11,
615342,413931,11,
623989,368662,11,
620187,400168,11,
687638,439257,-1,
573925,449341,11,
547270,403384,11,
619318,361696,11,
588432,446279,11,
592924,393730,11,
615325,383841,11,
611875,422910,11,
681941,370225,11,
620818,396967,11,
662154,385013,11,
554938,347875,12,
628655,321099,11,
619628,399433,11,
660333,393215,11,
618391,348381,11,
565829,395454,11,
617689,397001,11,
604554,393193,11,
572417,403906,11,
659193,384523,11,
632060,367800,11,
633894,404424,11,
620610,395343,11,
615175,397627,11,
624293,333944,11,
593689,316888,-1,
617319,374666,11,
572244,349463,12,
619239,400025,11,
621622,390298,11,
622101,371771,11,
630205,338054,11,
654147,407182,11,
637594,420311,11,
629004,392271,11,
585207,336451,12,
618349,397614,11,
650157,402991,11,
638966,486628,-1,
655201,411873,11,
602335,433298,11,
630706,388370,11,
617428,397343,11,
621537,390372,11,
631365,450732,11,
618406,404239,11,
601390,453925,11,
603945,361794,11,
619427,396945,11,
660103,414557,11,
700340,335010,-1,
608182,416637,11,
661166,404325,11,
620939,385731,11,
626371,349696,11,
614683,367259,11,
619332,401992,11,
587453,401098,11,
652349,321291,-1,
617954,395504,11,
636807,424537,11,
533889,333741,-1,
623386,387031,11,
632952,385722,11,
695010,449565,-1,
626843,367696,11,
488205,420586,-1,
611547,411952,11,
621241,368090,11,
581240,362971,-1,
608747,363132,11,
662177,420431,11,
615665,405490,11,
617447,366176,11,
560393,389490,11,
685785,409913,11,
623433,400160,11,
609091,437020,11,
624343,403629,11,
668879,388617,11,
567105,437623,11,
657450,365008,11,
591955,378142,11,
588952,437524,11,
607665,447516,11,
608601,418450,11,
662830,420955,11,
605891,428146,11,
615239,317684,-1,
588933,366439,11,
618053,357534,11,
577773,434308,11,
606558,458285,11,
620955,389692,11,
738190,371970,-1,
634661,446187,11,
571692,449353,11,
605650,447537,11,
639502,371440,11,
684568,380640,11,
658735,399039,11,
618157,384990,11,
618869,398187,11,
603388,403039,11,
585255,415823,11,
639507,438534,11,
594112,399331,11,
619475,400592,11,
571570,375257,11,
659297,373975,11,
603285,449307,11,
610199,394579,11,
590500,418472,11,
630904,404643,11,
591725,406549,11,
621560,397789,11,
563182,367521,11,
593879,444161,11,
616054,371666,11,
627679,395601,11,
608195,447380,11,
616737,397973,11,
650120,324477,-1,
616926,398697,11,
650859,460072,13,
642157,345545,11,
601369,411415,11,
604703,392288,11,
721905,378957,-1,
619415,397644,11,
571043,347389,12,
659191,459637,13,
629978,400626,11,
688487,383589,11,
598053,438963,11,
635242,356290,11,
605899,412428,11,
656642,407213,11,
619924,406713,11,
630067,372798,11,
600007,377908,11,
589164,386733,11,
630491,379017,11,
618676,377015,11,
639613,388524,11,
669409,415893,11,
681608,436537,-1,
649968,371445,11,
629000,417990,11,
658884,390135,11,
605407,427914,11,
629891,414975,11,
621778,364695,11,
610722,418243,11,
601599,388540,11,
615649,429323,11,
627206,402647,11,
643965,366316,11,
614877,402442,11,
606486,420054,11,
668482,358452,11,
628715,434772,11,
196462,887983,14,
335970,846828,-1,
272394,837600,14,
211165,825505,14,
226433,837646,14,
219686,859997,14,
242087,844255,14,
213558,873714,14,
245144,845719,14,
247997,878582,14,
283576,809069,14,
224676,859348,14,
298214,820903,14,
245468,859425,14,
222704,824909,14,
250921,819639,14,
249209,801933,14,
230591,874855,14,
234091,876039,14,
286769,862152,14,
224789,866804,14,
245023,849247,14,
263626,851699,14,
250198,825417,14,
231263,863308,14,
307605,840195,14,
276635,875623,14,
230399,842538,14,
274070,798617,14,
247939,831010,14,
209922,850026,14,
300726,862728,14,
222727,770963,-1,
239505,885057,14,
291561,845450,14,
221122,832810,14,
194258,914691,-1,
228928,855040,14,
264627,808661,14,
225916,843329,14,
240221,843932,14,
276600,823311,14,
204854,810013,14,
278326,829095,14,
246047,846189,14,
251032,876118,14,
285258,848668,14,
260943,889692,14,
245928,867228,14,
221002,870506,14,
292872,896822,15,
261896,897475,14,
269723,849664,14,
243941,843256,14,
249370,872804,14,
237120,856814,14,
257472,849587,14,
253703,834676,14,
238080,830689,14,
225991,869734,14,
231781,799444,14,
296892,901182,15,
234604,822462,14,
241473,860854,14,
219864,842635,14,
235901,856563,14,
207217,878249,14,
256949,820470,14,
204597,863162,14,
325275,866433,14,
239344,814789,14,
187894,871219,14,
259973,862559,14,
189752,865463,14,
245707,844466,14,
188480,870646,14,
305915,854818,14,
242443,851797,14,
227138,824372,14,
229970,878786,14,
281971,825246,14,
241166,845204,14,
225846,874086,14,
284077,905181,15,
258975,837353,14,
241972,840749,14,
245602,857160,14,
227363,836593,14,
257926,936947,-1,
237689,839510,14,
267799,847911,14,
207552,772091,-1,
201567,881003,14,
265125,820661,14,
273165,852766,14,
290210,818593,14,
256487,868899,14,
271395,862063,14,
251958,886571,14,
249253,856047,14,
268289,878265,14,
295375,861990,14,
256316,818886,14,
246470,842932,14,
314666,849163,14,
298979,774144,-1,
192885,887667,14,
227819,900986,14,
250003,859517,14,
249857,844975,14,
218369,851387,14,
252586,806474,14,
283017,850861,14,
228095,843338,14,
266980,825990,14,
241381,844402,14,
294053,878220,14,
253339,750941,-1,
241413,845029,14,
294326,807584,14,
257856,846423,14,
248210,886338,14,
216846,737568,-1,
244743,830888,14,
277055,860813,14,
279923,805957,14,
235041,823732,14,
238524,842928,14,
246453,883061,14,
260590,827955,14,
274554,845338,14,
245254,907991,14,
299821,866288,14,
261120,804153,14,
246729,879602,14,
240308,844341,14,
220620,819091,14,
268926,813783,14,
234219,845270,14,
188424,849785,14,
240171,843940,14,
163766,859386,-1,
191257,802651,-1,
224852,934148,-1,
261093,844962,14,
228711,848090,14,
183478,851724,-1,
201080,823689,14,
118590,857150,-1,
264798,767716,-1,
313609,860065,14,
232246,844226,14,
237757,834092,14,
222682,806314,14,
243331,844022,14,
197362,870337,14,
229857,843917,14,
244257,776516,-1,
224083,852922,14,
309399,838744,14,
271205,817620,14,
242247,864253,14,
235337,831592,14,
232357,810798,14,
252199,828023,14,
267049,950249,-1,
245678,821691,14,
241138,844374,14,
246182,840370,14,
264175,824349,14,
266977,887963,14,
274685,883097,14,
244260,847060,14,
256073,917590,14,
258416,835432,14,
241687,844256,14,
282603,846165,14,
228032,893055,14,
226949,889283,14,
264274,813041,14,
139601,914203,-1,
229131,842806,14,
236274,861302,14,
261819,863523,14,
200005,825237,14,
310591,841778,14,
244049,817710,14,
235022,911236,14,
256512,837094,14,
236495,861569,14,
256889,880721,14,
258528,856273,14,
233284,860085,14,
257480,849037,14,
269354,811847,14,
222445,891438,14,
222356,840843,14,
236207,886769,14,
174371,864697,-1,
159683,838958,-1,
237750,837381,14,
241545,838673,14,
256082,831969,14,
246468,838071,14,
205919,844377,14,
266111,813259,14,
244246,847589,14,
244899,812192,14,
219316,898830,14,
251866,864044,14,
238308,790723,14,
209264,836661,14,
242519,845811,14,
351883,890475,-1,
278929,842054,14,
244027,850132,14,
248570,843156,14,
224681,858432,14,
210276,824826,14,
220884,916718,-1,
240846,841609,14,
257093,801567,14,
236749,813868,14,
332237,911313,-1,
288954,846991,14,
238084,844799,14,
236431,844100,14,
299772,828655,14,
241633,846949,14,
230107,858332,14,
256216,903741,14,
258135,880184,14,
232331,872896,14,
183583,787453,-1,
264293,890923,14,
213208,833959,14,
224288,931476,-1,
261622,869706,14,
297183,841456,14,
241849,815141,14,
308616,811021,14,
220931,876605,14,
289719,866638,14,
233931,838374,14,
224694,848663,14,
240645,855514,14,
229567,855332,14,
247613,815836,14,
239387,847822,14,
257788,880587,14,
245532,846331,14,
224241,828996,14,
227582,856861,14,
244618,845420,14,
213775,841758,14,
243511,830743,14,
244799,841688,14,
216061,848623,14,
294492,832336,14,
248931,844960,14,
267478,894783,14,
228715,837572,14,
269483,848608,14,
248276,844455,14,
236987,881080,14,
223732,826580,14,
230149,886583,14,
265299,859533,14,
181803,799487,-1,
247210,859012,14,
261633,773355,-1,
262370,891499,14,
250394,847577,14,
222019,839774,14,
238328,770068,-1,
208941,860169,14,
238714,858826,14,
241005,825301,14,
270742,847836,14,
238492,833394,14,
312726,853829,14,
286663,846902,14,
261796,819395,14,
253890,807676,14,
242415,844335,14,
134134,842630,-1,
163956,833732,-1,
250359,849451,14,
295357,842293,14,
218942,848326,14,
205466,778884,-1,
253899,862843,14,
244966,841126,14,
208494,850615,14,
221126,837878,14,
271093,861412,14,
216543,842952,14,
255185,825960,14,
251070,877802,14,
264565,859237,14,
228611,836717,14,
228517,837056,14,
198583,860431,14,
215976,836025,14,
254411,848090,14,
168036,807011,-1,
292194,906490,15,
243951,865415,14,
260922,785987,-1,
245740,814541,14,
317675,838127,14,
274505,864723,14,
230049,865536,14,
235084,818866,14,
172690,847721,-1,
221706,875060,14,
236740,853169,14,
298800,824277,14,
265246,889333,14,
219498,851932,14,
247484,846372,14,
288675,919879,15,
229280,813483,14,
282622,879222,14,
307300,836132,14,
238260,882489,14,
219049,825171,14,
219321,848396,14,
240028,849354,14,
212009,864463,14,
246857,852483,14,
245118,811283,14,
247855,794626,14,
253655,821946,14,
241475,850889,14,
210162,860529,14,
204922,854068,14,
225567,853078,14,
245258,799882,14,
257134,845851,14,
187314,815820,-1,
294275,174786,16,
329428,66056,-1,
325938,164475,16,
253129,154296,16,
319838,170383,16,
240213,118409,17,
283784,178305,16,
376613,159699,16,
338717,181582,16,
304283,183656,16,
314519,146787,16,
270899,175377,16,
291228,101272,16,
291170,110147,16,
321522,163852,16,
202627,179376,-1,
307913,91419,16,
311093,169734,16,
321775,164846,16,
294832,124284,16,
295537,91032,16,
383044,180418,16,
338570,192256,16,
337894,175289,16,
359796,165920,16,
316263,163806,16,
320972,170417,16,
277860,111893,16,
367806,123963,16,
359352,162962,16,
350964,149159,16,
332201,181702,16,
287966,150135,16,
346942,152780,16,
232784,169847,16,
292492,99170,16,
334529,166765,16,
363208,238649,16,
196795,190277,-1,
353333,113156,16,
373191,88470,-1,
333789,151168,16,
339732,163158,16,
321822,187102,16,
276792,141848,16,
308044,164482,16,
311328,159477,16,
383052,89061,-1,
316820,150304,16,
314479,178821,16,
310824,144943,16,
333143,200298,16,
300672,175844,16,
339482,151261,16,
319208,164182,16,
321645,164662,16,
308763,166511,16,
308066,145825,16,
360143,155270,16,
348893,195430,16,
319283,158983,16,
332284,194186,16,
292402,184441,16,
361227,221878,16,
313573,109221,16,
310693,154278,16,
344482,215846,16,
358652,186358,16,
330533,214555,16,
320400,160020,16,
267662,127175,-1,
396583,82842,-1,
292193,125417,16,
324121,96346,16,
321344,166633,16,
234837,151054,16,
368060,76739,-1,
347050,150472,16,
245783,109229,17,
400550,144359,-1,
343217,153037,16,
315488,160339,16,
347406,155708,16,
336845,172750,16,
357014,148222,16,
331862,169092,16,
322140,165212,16,
363075,162238,16,
318738,182134,16,
346717,178180,16,
311819,140674,16,
332032,157725,16,
301983,173386,16,
321556,163352,16,
315830,102777,16,
312275,145173,16,
325861,203058,16,
360703,150999,16,
345976,148333,16,
320210,191459,16,
318665,158107,16,
425563,163524,-1,
264427,188193,16,
348177,179526,16,
265430,151883,16,
320718,158610,16,
380609,185976,16,
345234,188822,16,
362027,150348,16,
300294,178772,16,
315963,174031,16,
333787,189423,16,
337343,156614,16,
334812,137431,16,
347492,153416,16,
324518,167369,16,
353991,193997,16,
274321,219665,18,
335476,183897,16,
300021,159185,16,
384591,137729,16,
320000,162605,16,
268938,211870,18,
366146,196571,16,
356280,185198,16,
325767,164095,16,
350480,214608,16,
314791,163370,16,
302582,134124,16,
328851,147002,16,
347039,195468,16,
289531,145743,16,
343018,239960,-1,
271123,163465,16,
326959,154655,16,
332307,189590,16,
310529,141617,16,
380281,205779,-1,
411606,137378,-1,
348191,165419,16,
305292,175260,16,
256120,141529,16,
390934,170420,16,
358562,112650,16,
355499,224982,16,
363437,77975,-1,
232043,177614,16,
246753,175170,16,
327204,152871,16,
371685,151612,16,
291723,177824,16,
324488,180658,16,
340048,131847,16,
295311,115000,16,
239495,163949,16,
267521,119941,-1,
401396,125431,-1,
260930,184935,16,
336085,170252,16,
291782,159562,16,
307616,207295,16,
352910,145624,16,
294653,104623,16,
372883,222824,16,
318707,160697,16,
281548,175184,16,
307747,128551,16,
336991,217448,16,
270233,195701,16,
433100,134861,-1,
311433,134432,16,
375353,117180,-1,
315146,160782,16,
311163,166821,16,
305333,171939,16,
332470,161202,16,
302266,185591,16,
370775,144355,16,
314552,151035,16,
343145,172236,16,
331212,162496,16,
299460,144708,16,
383894,179880,16,
345703,149860,16,
331381,162660,16,
344364,213940,16,
378347,144880,16,
322789,137560,16,
328425,159826,16,
341137,78287,-1,
317771,154916,16,
336266,148507,16,
342066,119083,16,
297177,88467,16,
280519,165350,16,
305901,166656,16,
284757,175853,16,
281732,221764,18,
321262,178491,16,
344710,213543,16,
311408,168232,16,
356500,188114,16,
304376,222294,-1,
278116,185472,16,
247892,115217,17,
306326,164202,16,
311516,94189,16,
323747,163351,16,
321778,158339,16,
309501,166931,16,
333942,143344,16,
339393,209145,16,
340996,170964,16,
315333,144566,16,
332853,168141,16,
290958,168323,16,
297731,175876,16,
280274,182662,16,
306540,193434,16,
319155,159850,16,
355168,114823,16,
270201,236813,-1,
347630,120931,16,
446538,180119,21,
371052,147369,16,
403365,215735,-1,
258201,153095,16,
335121,214149,16,
283786,133973,16,
353951,133923,16,
345069,165968,16,
367079,183232,16,
363932,228249,16,
354132,161850,16,
390538,157197,16,
333805,148479,16,
325344,159885,16,
323905,168029,16,
274495,182470,16,
309684,150076,16,
381617,157000,16,
322841,169735,16,
359520,132845,16,
249616,144446,16,
321620,169950,16,
415495,116126,-1,
335742,196692,16,
271424,251323,-1,
340066,152500,16,
327734,163585,16,
346079,220993,16,
276741,143844,16,
377042,182019,16,
400055,131725,-1,
332246,172932,16,
310386,171068,16,
327569,158418,16,
324444,166910,16,
317217,163896,16,
270404,183080,16,
277512,151920,16,
324966,170021,16,
306421,145493,16,
382419,110392,-1,
318266,171979,16,
321245,141627,16,
318192,170844,16,
320821,165455,16,
329029,204399,16,
311065,219934,-1,
287127,192494,16,
283571,109326,16,
308748,199866,16,
369490,164369,16,
270729,67329,-1,
279010,181792,16,
282957,179982,16,
308489,145929,16,
327927,168535,16,
327022,161396,16,
376557,109320,-1,
248427,146381,16,
321182,150806,16,
312337,154488,16,
268518,181514,16,
285865,167818,16,
279251,184486,16,
306042,66361,-1,
318215,180010,16,
293978,197091,16,
338044,233264,16,
293864,241877,-1,
344380,183817,16,
316257,171544,16,
248779,111087,17,
313783,177198,16,
415534,110526,-1,
296164,96874,16,
315670,160928,16,
339137,160334,16,
290700,196285,16,
307107,174760,16,
325279,168587,16,
328423,161604,16,
333883,276840,-1,
308555,134011,16,
322101,164171,16,
306357,123397,16,
292931,125341,16,
284378,223470,18,
335003,151395,16,
267212,158699,16,
343851,193618,16,
296627,93375,16,
334980,143900,16,
335235,180161,16,
360945,167952,16,
257841,193878,16,
275288,212315,18,
331798,143962,16,
333937,51121,-1,
328775,156501,16,
319829,168353,16,
293201,192871,16,
327608,177638,16,
332562,174699,16,
348815,150017,16,
312227,159417,16,
324337,162686,16,
323329,93955,16,
291973,127483,16,
258779,106777,17,
325360,134919,16,
267264,153034,16,
312421,170617,16,
293350,175997,16,
275459,190178,16,
244344,185382,16,
252845,181181,16,
357923,192120,16,
382720,263255,-1,
326040,156509,16,
165104,543395,19,
139903,592241,19,
132705,557674,19,
114311,601605,19,
102460,533057,19,
185935,554627,19,
123441,594415,19,
97216,564094,19,
110948,539533,19,
101553,517715,19,
133023,574572,19,
144570,573936,19,
136531,557658,19,
173576,507309,19,
179189,536028,19,
141238,557986,19,
156430,615117,19,
69169,631490,-1,
31842,565765,-1,
144620,575370,19,
155899,561715,19,
137451,555339,19,
68388,574380,19,
166290,521714,19,
210499,526471,19,
148319,584541,19,
135336,552552,19,
136606,562296,19,
136301,569544,19,
119386,620549,19,
139212,557713,19,
84501,604671,19,
176602,574552,19,
105945,528795,19,
140989,537156,19,
138449,555969,19,
128669,574591,19,
95749,602775,19,
139460,557260,19,
130440,562623,19,
147885,527813,19,
58190,608304,-1,
151701,574146,19,
148385,538149,19,
142668,544976,19,
145251,553486,19,
142265,546135,19,
202913,525966,19,
192564,547558,19,
179240,577011,19,
182840,584262,19,
144242,557674,19,
135849,550612,19,
101427,615890,19,
143265,548387,19,
112379,547679,19,
137347,622867,19,
139146,569516,19,
125756,579609,19,
77109,512651,20,
138073,556272,19,
202547,601240,19,
19835,570290,-1,
118137,579149,19,
201324,574588,19,
113259,568684,19,
139052,610320,19,
177246,571940,19,
107972,601191,19,
138199,541774,19,
220156,589643,19,
137787,566189,19,
138122,557230,19,
93136,613387,19,
154620,576738,19,
131523,568207,19,
136967,565662,19,
142886,556511,19,
125005,540340,19,
138965,558201,19,
139474,569485,19,
171471,576787,19,
157138,565993,19,
198294,552987,19,
136078,547418,19,
140164,531093,19,
156003,502860,19,
67867,545392,20,
133780,533275,19,
116142,550919,19,
148510,579793,19,
179224,584189,19,
149906,546909,19,
29760,557873,-1,
115287,602637,19,
206561,574789,19,
108651,521409,19,
115905,560139,19,
127373,549518,19,
141699,530028,19,
141641,557376,19,
111855,531542,19,
136580,553967,19,
137516,556818,19,
179793,483378,-1,
105568,584102,19,
125840,520239,19,
117212,565692,19,
140717,554093,19,
139033,593287,19,
172882,571145,19,
104862,608089,19,
158366,537970,19,
138525,534268,19,
69565,599820,-1,
94571,528963,19,
153185,562792,19,
147599,513563,19,
223226,546198,-1,
143879,536650,19,
151099,518008,19,
109317,531425,19,
127202,525948,19,
137740,618961,19,
138734,557713,19,
109912,565003,19,
158060,525533,19,
260096,530550,-1,
134449,557556,19,
121650,599844,19,
188992,563992,19,
207218,589497,19,
179830,547383,19,
152331,529689,19,
112184,530469,19,
166904,503121,19,
183026,545377,19,
152658,569277,19,
172116,513383,19,
95899,530846,19,
144325,538991,19,
166597,572855,19,
105193,596017,19,
166840,562425,19,
117089,561455,19,
141718,549576,19,
117959,536156,19,
125351,529954,19,
140706,547367,19,
138012,558263,19,
135284,555664,19,
142663,556520,19,
112673,516997,19,
137657,611252,19,
119237,591137,19,
186380,487625,-1,
113099,546732,19,
176278,550602,19,
158773,588778,19,
140962,518168,19,
144856,551807,19,
155943,576199,19,
152584,564548,19,
165356,570715,19,
127858,609681,19,
257984,555707,7,
149758,564768,19,
129550,560106,19,
159271,568953,19,
151374,538387,19,
129030,588495,19,
155430,549012,19,
172756,612694,-1,
93459,514032,19,
99569,523174,19,
148080,544056,19,
169322,577938,19,
173847,514665,19,
136418,562926,19,
140047,540043,19,
74519,527539,20,
146681,562995,19,
110877,562558,19,
95071,503965,19,
136232,576477,19,
146120,576624,19,
259173,548593,7,
107965,535173,19,
103153,601002,19,
158283,570550,19,
206219,604081,19,
116492,509399,19,
97430,598804,19,
193275,538687,19,
116860,550810,19,
179834,541387,19,
143226,522375,19,
111174,539350,19,
94933,588147,19,
139434,557410,19,
131532,536658,19,
38179,532155,-1,
113321,606322,19,
123905,508486,19,
201753,569116,19,
206660,575002,19,
138884,529162,19,
139636,565984,19,
110479,594587,19,
76253,529394,20,
160280,493497,19,
161475,587507,19,
149054,556986,19,
223408,520131,19,
158596,562634,19,
141991,539522,19,
137172,523482,19,
161154,538355,19,
130157,581286,19,
142000,554964,19,
86243,559135,19,
130883,557824,19,
127964,538935,19,
122130,568886,19,
210597,589836,19,
139847,552015,19,
147664,559632,19,
167716,562762,19,
130657,555545,19,
165382,518876,19,
221994,575146,19,
87236,607429,19,
154268,542573,19,
197367,535989,19,
133094,557996,19,
155274,552551,19,
139911,561185,19,
146924,565933,19,
146183,622188,19,
176092,531921,19,
184402,546549,19,
139641,557503,19,
170816,547069,19,
156474,570384,19,
146678,558942,19,
136569,532130,19,
162124,500069,19,
127503,623654,19,
182854,534283,19,
141222,572556,19,
177665,557923,19,
201907,516078,19,
130249,579307,19,
166560,559687,19,
138220,560056,19,
134725,537440,19,
127940,590467,19,
143592,606949,19,
64979,538104,20,
94061,576129,19,
79285,554817,19,
103192,550021,19,
198823,538624,19,
145758,562414,19,
211584,591058,19,
139451,549580,19,
220224,592068,19,
150404,539885,19,
142767,538646,19,
143912,595772,19,
184412,537050,19,
55359,623076,-1,
137197,556522,19,
138461,558771,19,
80673,566893,19,
203667,577260,19,
94249,600812,19,
145244,561042,19,
94458,533883,19,
130201,562734,19,
98675,580608,19,
134422,544300,19,
141771,551655,19,
141924,558399,19,
137316,562151,19,
143363,551365,19,
197849,575524,19,
134261,519275,19,
129997,568115,19,
170494,560892,19,
164453,544085,19,
128788,546091,19,
88703,577217,19,
131109,568012,19,
95074,570002,19,
232047,522748,-1,
125548,552424,19,
142563,560090,19,
118391,553625,19,
132497,593125,19,
162713,586568,19,
122296,566921,19,
56907,586609,-1,
48143,523870,-1,
104489,542515,19,
130582,565948,19,
180633,570302,19,
241485,523039,-1,
178005,594957,19,
211266,534538,19,
137680,555667,19,
144401,565666,19,
101722,535117,19,
115781,594942,19,
107160,530936,19,
139978,587153,19,
179931,536588,19,
105353,589239,19,
119496,543146,19,
142575,517378,19,
76661,531044,20,
137699,556769,19,
154964,554923,19,
142516,559062,19,
98525,579761,19,
163925,576666,19,
153326,558408,19,
262846,559590,7,
102898,592834,19,
138349,554238,19,
193502,557364,19,
202175,495076,-1,
154162,536416,19,
77875,516899,20,
163477,561507,19,
131874,552586,19,
120357,560737,19,
119535,551857,19,
114108,540537,19,
136059,558213,19,
121786,564225,19,
233105,591646,19,
149760,577278,19,
139237,548782,19,
34795,606311,-1,
147663,555514,19,
108512,525986,19,
509279,180548,21,
495165,163113,21,
474652,193224,21,
507786,199578,21,
566666,195255,21,
506012,178372,21,
541435,206637,21,
507311,177795,21,
461701,188438,21,
506069,169723,21,
477155,161019,21,
505044,180646,21,
467697,168082,21,
511868,170991,21,
500225,177559,21,
460616,174810,21,
573755,218049,21,
543616,144788,21,
509804,175714,21,
542311,161882,21,
475944,189337,21,
517750,199025,21,
520952,169184,21,
559076,190770,21,
416763,96639,-1,
549384,208450,21,
549147,171454,21,
520880,200955,21,
484348,202813,21,
487472,166999,21,
504728,174541,21,
465734,114090,21,
570266,188032,21,
505584,176135,21,
514739,189624,21,
500589,181466,21,
504096,192493,21,
553118,165472,21,
502511,205121,21,
551798,221411,21,
502737,174437,21,
513181,177419,21,
513010,141058,21,
535564,177248,21,
514551,176526,21,
450030,169537,21,
521152,152439,21,
505512,203857,21,
509928,184873,21,
490271,216725,21,
529931,180136,21,
508228,220433,21,
534461,178056,21,
508551,174306,21,
545365,210090,21,
510414,142485,21,
507895,177445,21,
506288,177990,21,
512560,224816,21,
454160,102568,-1,
437116,148591,21,
519003,160741,21,
509173,178051,21,
507674,147431,21,
513562,229098,21,
473361,185066,21,
517580,170329,21,
509285,174620,21,
510496,174308,21,
438860,114065,-1,
534702,244239,21,
504755,150226,21,
474135,199330,21,
508907,173787,21,
509651,149290,21,
490956,124550,21,
499637,194036,21,
515856,148316,21,
482568,159010,21,
522728,184704,21,
493070,189771,21,
483807,198925,21,
469656,153741,21,
470041,102049,21,
576965,187481,21,
515230,149567,21,
469470,189347,21,
484678,123623,21,
509554,186931,21,
480787,147737,21,
523036,123677,21,
508144,167733,21,
515450,173220,21,
489378,172861,21,
497406,125809,21,
514173,139330,21,
520809,176718,21,
499009,205823,21,
509773,148899,21,
505117,141877,21,
494698,176711,21,
501334,163002,21,
502500,176532,21,
546565,151576,21,
520878,209094,21,
486891,175164,21,
512241,169240,21,
569692,182365,21,
491382,122267,21,
457033,127590,-1,
535453,200970,21,
436641,55171,-1,
520845,176291,21,
496130,178113,21,
507473,227670,21,
507092,175151,21,
493714,173387,21,
528826,154067,21,
509951,176794,21,
505400,160422,21,
473316,162622,21,
489504,146224,21,
516888,152451,21,
505128,175022,21,
520819,181586,21,
506812,167031,21,
495032,203929,21,
508789,174256,21,
502302,210265,21,
511106,122518,21,
486997,164803,21,
535787,199735,21,
540364,163758,21,
496006,191010,21,
497454,172375,21,
488330,173837,21,
547076,156969,21,
509956,141698,21,
516084,178725,21,
535034,172649,21,
529858,213114,21,
496384,166644,21,
519201,139101,21,
575022,213534,21,
469404,181944,21,
464672,193513,21,
491609,180519,21,
470314,178936,21,
481067,172555,21,
508797,176269,21,
491145,206344,21,
485361,169229,21,
474527,107596,21,
499643,171625,21,
514722,190943,21,
474641,81263,-1,
495995,160032,21,
516963,174184,21,
521006,163218,21,
434581,123267,-1,
514876,182995,21,
501416,172980,21,
513991,165072,21,
512900,219252,21,
510739,121103,21,
509522,174376,21,
507862,172954,21,
512716,181316,21,
483423,111797,21,
505603,147517,21,
482628,171320,21,
541790,172616,21,
473649,178184,21,
520763,250478,21,
494000,189403,21,
533931,173291,21,
485110,150541,21,
528679,199079,21,
545699,174099,21,
517495,186329,21,
520461,173217,21,
456821,105575,-1,
495388,156422,21,
514934,219169,21,
508989,168995,21,
500474,169746,21,
504511,149234,21,
467144,147308,21,
512733,174091,21,
452791,156805,21,
488800,197919,21,
593887,210595,-1,
561725,168220,21,
528011,201615,21,
514428,222503,21,
512051,145220,21,
472054,129986,21,
507959,166780,21,
518068,137556,21,
561110,219865,21,
563315,215613,21,
523779,163905,21,
490037,164357,21,
519421,154681,21,
504373,165819,21,
513957,139202,21,
486422,178919,21,
533351,147778,21,
511030,221292,21,
496069,102201,21,
496491,171534,21,
497254,171940,21,
518892,165875,21,
481083,151953,21,
507741,178883,21,
486224,196184,21,
509039,173839,21,
462658,75167,-1,
519680,208378,21,
499676,196897,21,
480876,160465,21,
521032,177084,21,
486034,196122,21,
505225,158750,21,
485968,123023,21,
478442,125560,21,
502355,164119,21,
502915,183059,21,
497211,174121,21,
537174,194410,21,
505293,194591,21,
491442,116195,21,
473202,140745,21,
505079,219082,21,
541455,223176,21,
528938,174372,21,
528094,178343,21,
520759,184923,21,
538994,179328,21,
507832,181513,21,
493897,189627,21,
514408,173338,21,
514391,156592,21,
513362,223841,21,
443618,157237,21,
477746,163845,21,
480571,204150,21,
486326,174643,21,
505384,174535,21,
541220,177840,21,
522869,176818,21,
497255,188783,21,
545240,221008,21,
512291,169608,21,
576158,210283,21,
508099,175066,21,
545455,182232,21,
537836,177165,21,
508597,173640,21,
507445,193647,21,
524397,239456,21,
527753,213985,21,
528766,239937,21,
481356,162127,21,
541498,192746,21,
506142,170513,21,
494574,198972,21,
477901,173288,21,
509223,177592,21,
532010,176195,21,
541006,175198,21,
490355,153464,21,
566524,179796,21,
550216,184337,21,
516085,195504,21,
523796,219588,21,
511118,175212,21,
445043,152257,21,
497582,190801,21,
514622,206979,21,
479631,178459,21,
496476,140337,21,
498389,178069,21,
506361,225237,21,
519396,177174,21,
529409,157228,21,
501111,157402,21,
514219,167014,21,
558307,203307,21,
545957,196749,21,
508080,175697,21,
589900,217899,-1,
509383,167302,21,
474516,189144,21,
498730,183037,21,
473093,188791,21,
471328,176297,21,
510901,175806,21,
559809,162597,21,
499272,168413,21,
514981,172608,21,
511289,183247,21,
455460,153040,21,
519962,175210,21,
532549,172894,21,
516128,178722,21,
519113,194925,21,
502877,192740,21,
520782,134308,21,
574369,207483,21,
515494,188459,21,
486870,146947,21,
484395,107291,21,
504243,237336,21,
483776,213021,21,
536623,213083,21,
544539,180391,21,
502002,166223,21,
500801,185558,21,
525670,184762,21,
481841,209337,21,
494317,170837,21,
521153,242968,21,
473933,191767,21,
524502,248106,21,
487952,168607,21,
460133,173081,21,
453261,148432,21,
491792,214464,21,
497815,165151,21,
515348,184750,21,
598908,254032,-1,
558478,213316,21,
538228,168834,21,
464634,173867,21,
518675,175686,21,
533566,214619,21,
540196,180312,21,
500360,213540,21,
517882,175467,21,
549642,157506,21,
511368,173673,21,
506815,173387,21,
500192,192292,21,
533775,163036,21,
511484,160453,21,
489062,200329,21,
537514,179689,21,
551867,170425,21,
406184,394506,22,
417996,408162,22,
428667,451233,22,
425386,379634,22,
388202,405780,22,
370955,325071,-1,
353749,391896,22,
398629,401626,22,
393402,401018,22,
465599,383470,22,
400257,404936,22,
444610,400247,22,
392046,391220,22,
410506,395586,22,
508805,429073,-1,
424782,449687,22,
384467,407359,22,
397399,403186,22,
449683,388863,22,
387756,435588,22,
451753,383440,22,
414448,429790,22,
394599,409068,22,
387330,409037,22,
402109,430185,22,
393825,453067,22,
412111,418466,22,
397213,377839,22,
361159,436327,22,
383075,447616,22,
383832,340506,-1,
402227,414685,22,
411957,397796,22,
377408,395123,22,
417231,381303,22,
442915,420573,22,
415394,396940,22,
420792,430901,22,
397791,444527,22,
385804,393101,22,
384572,388523,22,
402069,434868,22,
414997,432597,22,
392919,405103,22,
396150,430329,22,
439145,407748,22,
401240,354085,22,
424228,442208,22,
336023,416862,22,
351352,362910,22,
413549,408517,22,
341775,425156,22,
424811,413300,22,
402677,412615,22,
419118,421655,22,
354601,358760,22,
410682,349328,22,
399020,404042,22,
392258,405478,22,
353941,399967,22,
411471,446824,22,
397158,370362,22,
431117,394746,22,
395246,392783,22,
400468,405703,22,
354094,424230,22,
352429,359750,22,
358830,431609,22,
387039,365758,22,
395013,387179,22,
400545,404212,22,
435067,403802,22,
394436,450912,22,
376444,371957,22,
433463,410297,22,
426625,475977,-1,
424241,452915,22,
396520,405610,22,
347638,429109,22,
374797,407601,22,
451670,388347,22,
373684,418326,22,
412615,403902,22,
392428,402295,22,
389868,410718,22,
383022,409854,22,
468350,395883,22,
373339,398565,22,
383878,376230,22,
434815,388041,22,
368864,411216,22,
321050,422497,-1,
276794,384458,-1,
383197,409869,22,
381340,409680,22,
415521,368125,22,
404288,349685,22,
367922,415238,22,
422056,382193,22,
407334,445969,22,
373917,427628,22,
422261,374345,22,
392728,411341,22,
336585,420977,22,
401730,354294,22,
401854,402867,22,
401330,395538,22,
393903,387227,22,
399188,402459,22,
389510,370897,22,
399858,403574,22,
343651,438750,22,
388743,388465,22,
398246,406245,22,
400727,396769,22,
399077,403968,22,
402071,427626,22,
405902,394724,22,
383992,398245,22,
372230,412488,22,
418086,394699,22,
400305,466024,22,
380458,329635,-1,
338347,337961,-1,
411171,426853,22,
392447,408539,22,
375233,399429,22,
385338,440797,22,
397764,406712,22,
414290,393146,22,
394846,407130,22,
402252,414628,22,
332913,385678,22,
396517,394572,22,
388479,343648,22,
405569,411933,22,
444816,409502,22,
393659,439272,22,
415222,434798,22,
396621,381952,22,
416893,347737,22,
398980,407667,22,
404273,429948,22,
397851,400846,22,
447192,359893,-1,
350428,392503,22,
451853,420873,22,
402566,415798,22,
362753,369848,22,
407188,396576,22,
380139,434251,22,
409167,449719,22,
405470,392374,22,
359036,365793,22,
398617,402424,22,
408714,391412,22,
382222,441817,22,
403751,385539,22,
400548,402390,22,
393828,404314,22,
373943,376926,22,
390182,360941,22,
391776,409868,22,
342501,336320,-1,
401923,417123,22,
342400,426090,22,
405325,407466,22,
369480,377148,22,
416110,374296,22,
401162,412142,22,
442931,430123,22,
478361,409520,-1,
401313,405195,22,
357466,354094,22,
417617,414816,22,
417281,410881,22,
470047,410943,-1,
378824,430343,22,
369227,397853,22,
397918,462032,22,
397331,407010,22,
427810,400178,22,
401708,409924,22,
426172,363147,22,
401411,414503,22,
409823,412908,22,
386068,422517,22,
398255,405428,22,
346358,384801,22,
397735,448097,22,
348847,425164,22,
394761,461494,22,
357253,388075,22,
402267,410395,22,
415233,441297,22,
404445,402466,22,
408224,399767,22,
369044,371649,22,
343119,382074,22,
416750,435776,22,
387103,401925,22,
368200,364844,22,
393758,439738,22,
418623,404382,22,
402660,406054,22,
427749,457110,22,
405356,391545,22,
432184,395118,22,
322936,368566,-1,
402710,424367,22,
456025,389630,22,
395450,407822,22,
377941,403683,22,
407576,434017,22,
348263,386451,22,
391966,387214,22,
392576,406460,22,
380236,460907,22,
398153,407081,22,
399942,385908,22,
398795,472619,22,
467535,416014,-1,
377758,413906,22,
398724,404179,22,
396710,378698,22,
377588,402670,22,
408992,462226,22,
423371,373970,22,
412861,434751,22,
403160,392159,22,
395168,404189,22,
399346,423786,22,
409244,460295,22,
429515,393708,22,
370602,353215,22,
356739,417826,22,
408147,436628,22,
436362,379677,22,
399291,386712,22,
396081,396707,22,
419200,403389,22,
383855,390984,22,
370252,347498,22,
460198,402706,22,
418046,358461,22,
408500,393942,22,
397618,404912,22,
392660,395873,22,
406739,400918,22,
439048,403700,22,
392424,375266,22,
379128,418858,22,
391970,419802,22,
389279,424006,22,
468907,448885,-1,
410601,410653,22,
396556,406492,22,
417795,405673,22,
375971,427549,22,
414374,439977,22,
368363,409733,22,
402081,407514,22,
399753,404222,22,
424840,479570,-1,
381863,416651,22,
394606,401451,22,
389520,406500,22,
418140,415328,22,
387461,394402,22,
391384,413273,22,
391439,399819,22,
365223,422531,22,
407189,437102,22,
415933,422485,22,
402031,426039,22,
428513,456990,22,
382396,405483,22,
368166,429422,22,
418636,440000,22,
411674,402377,22,
424365,371987,22,
394159,411676,22,
371548,414612,22,
460628,434107,-1,
399717,403257,22,
361875,448199,22,
393424,399084,22,
333682,401078,-1,
377870,377550,22,
405117,364266,22,
452398,378671,22,
397889,398501,22,
424089,352640,22,
417494,392231,22,
402851,395579,22,
376493,366302,22,
460684,371809,22,
449571,387141,22,
405322,414743,22,
420489,448078,22,
377975,461076,22,
492551,434649,-1,
477323,384551,22,
359740,379592,22,
429653,438596,22,
361814,411086,22,
400660,404811,22,
410418,409414,22,
392162,355397,22,
376145,414107,22,
371464,328177,-1,
379593,380662,22,
448231,384406,22,
404157,406324,22,
420616,401526,22,
398985,413427,22,
400538,407020,22,
391530,398743,22,
408182,408351,22,
435926,408504,22,
411090,435389,22,
398311,383357,22,
409291,431539,22,
399460,399410,22,
400473,408327,22,
399693,395271,22,
431437,436764,22,
312123,419763,-1,
411053,432808,22,
401616,404245,22,
364455,436191,22,
407833,402474,22,
367864,442851,22,
437870,375761,22,
308726,371721,-1,
418996,389541,22,
371498,393120,22,
407429,399155,22,
380749,403860,22,
399997,411205,22,
377215,418429,22,
380202,396671,22,
436034,385951,22,
395210,357805,22,
415136,446807,22,
315013,318367,-1,
372424,413163,22,
340966,420480,22,
354767,417464,22,
387165,404027,22,
854654,549222,3,
889260,541423,3,
870826,524625,3,
868025,569296,3,
861364,598127,3,
825141,535997,3,
906640,587296,3,
906396,535803,3,
887896,558572,3,
817776,525600,3,
844066,546029,3,
848976,558706,3,
897131,604582,3,
845120,549830,3,
872241,556733,3,
857818,534525,3,
794265,594573,3,
857126,548151,3,
842786,614034,-1,
889975,589361,3,
841130,529745,3,
813561,583156,3,
855603,542414,3,
887556,531797,3,
837032,509264,3,
852037,649724,5,
793791,581315,3,
904450,533427,3,
879722,550246,3,
839088,528460,3,
869369,536868,3,
871873,509094,3,
900991,497149,3,
919544,541255,3,
860520,544023,3,
863042,557890,3,
889805,522039,3,
879031,489881,3,
852918,552112,3,
903840,586229,3,
932662,537069,3,
908506,549611,3,
867533,542290,3,
844617,499013,3,
862002,534006,3,
883981,607581,3,
864265,549505,3,
883062,547498,3,
860870,546516,3,
895565,501871,3,
843344,604964,-1,
864059,545894,3,
830888,544022,3,
858819,544904,3,
853562,531620,3,
873791,606643,3,
859213,538040,3,
841843,503359,3,
842719,506205,3,
847904,574114,3,
863859,546898,3,
888919,535805,3,
855045,547633,3,
863102,545783,3,
829747,530312,3,
850607,565348,3,
810277,520837,3,
879104,595389,3,
840406,538772,3,
838367,536676,3,
837457,518745,3,
861519,531277,3,
816056,542574,3,
862534,547936,3,
808555,600511,-1,
862571,550965,3,
832010,554080,3,
882403,534710,3,
840020,568424,3,
865030,541150,3,
846594,522941,3,
890223,556874,3,
873136,513309,3,
846622,553552,3,
905770,531812,3,
803216,577565,3,
914183,620056,-1,
877510,555087,3,
861193,573954,3,
840994,578455,3,
875640,561262,3,
876782,536438,3,
849501,552769,3,
866973,550375,3,
906382,534459,3,
822722,553764,3,
861656,545794,3,
856991,546255,3,
865081,551012,3,
895680,609341,3,
867801,548156,3,
846324,557586,3,
840059,534876,3,
860473,545982,3,
937823,540173,-1,
886532,500026,3,
904133,534915,3,
880545,506175,3,
833499,504718,3,
854979,539793,3,
818739,545052,3,
825596,639465,5,
838036,542999,3,
846216,528037,3,
850790,525740,3,
864040,538985,3,
869818,543227,3,
879309,561548,3,
860563,534839,3,
846082,541026,3,
860151,543055,3,
847292,559228,3,
838239,576018,3,
837307,548214,3,
853093,586321,3,
884326,479802,3,
838978,622330,-1,
842903,567914,3,
832490,450680,-1,
844948,563321,3,
859577,544625,3,
908409,591215,3,
819843,570485,3,
875625,599766,3,
887780,536497,3,
884613,507507,3,
849858,524682,3,
846741,539481,3,
870630,516603,3,
843111,581603,3,
869718,536928,3,
857648,511640,3,
881571,532467,3,
860230,528054,3,
861966,562885,3,
898736,548642,3,
961951,577029,-1,
866878,501919,3,
874791,559085,3,
874239,594786,3,
915504,527751,3,
758172,608152,-1,
859515,505303,3,
861033,507671,3,
837880,444574,-1,
827672,545966,3,
869960,562146,3,
858151,548242,3,
877440,529137,3,
821835,564313,3,
846371,578530,3,
829482,475863,-1,
860507,526669,3,
878696,530134,3,
837312,572687,3,
886773,509047,3,
879805,547494,3,
859679,541785,3,
910683,612854,-1,
860863,546060,3,
874110,541972,3,
790149,565157,3,
873984,580836,3,
873742,448214,-1,
894785,440382,-1,
874312,574582,3,
879902,518647,3,
851462,526597,3,
839012,550376,3,
808097,502521,3,
879500,590791,3,
864721,548447,3,
866044,584750,3,
876151,582116,3,
819250,517655,3,
807278,566392,3,
872033,558924,3,
894268,532597,3,
846752,613846,-1,
850478,566230,3,
849777,531138,3,
823584,568458,3,
823202,619103,-1,
843715,568319,3,
861023,545953,3,
889743,560547,3,
862785,579661,3,
880833,537039,3,
854374,550707,3,
842616,515205,3,
860721,547751,3,
831024,505776,3,
829240,591428,3,
860384,555572,3,
853348,525893,3,
849118,571562,3,
856167,542249,3,
853874,560250,3,
838808,524944,3,
814561,575281,3,
773292,531652,-1,
891515,520429,3,
805884,549492,3,
833437,556713,3,
843432,490725,3,
791355,529644,-1,
865157,562132,3,
920249,551171,3,
808777,512952,3,
898916,630099,-1,
863706,491401,3,
857231,551055,3,
877413,541536,3,
838821,563842,3,
854037,528890,3,
824475,518063,3,
857360,562228,3,
856437,532452,3,
862117,600081,3,
839280,539324,3,
885379,603686,3,
859185,553000,3,
865020,550686,3,
882007,593653,3,
861027,546004,3,
846772,509036,3,
844627,556401,3,
861069,548327,3,
854342,541611,3,
844086,531300,3,
923996,594948,-1,
832154,559403,3,
803202,549001,3,
856619,544008,3,
897286,558004,3,
851216,516166,3,
858537,548576,3,
828001,524067,3,
849327,548496,3,
858278,544519,3,
793875,473793,-1,
766617,548142,-1,
847728,576707,3,
858418,546935,3,
816840,539239,3,
852687,540692,3,
861927,562723,3,
892382,513991,3,
811745,461099,-1,
800152,576217,3,
870139,566584,3,
859492,572224,3,
830226,483466,-1,
850674,533083,3,
834632,541216,3,
899052,526048,3,
925485,596955,-1,
893145,551400,3,
839493,521150,3,
883434,581923,3,
873380,495161,3,
765011,607246,-1,
898578,612291,3,
906772,510158,3,
858325,586062,3,
795909,462864,-1,
812634,554848,3,
846841,533595,3,
810817,509540,3,
826192,577784,3,
856552,545271,3,
848628,503773,3,
784291,581417,3,
890613,567037,3,
870936,575427,3,
851166,532382,3,
871544,592403,3,
870337,534303,3,
819580,545900,3,
912649,498734,3,
870214,556246,3,
853279,560714,3,
857319,543529,3,
878519,606677,3,
858057,542933,3,
860375,544804,3,
888111,525539,3,
892877,544283,3,
788776,582930,3,
875311,542259,3,
875248,462524,-1,
835831,555864,3,
885828,586348,3,
916704,609548,-1,
893991,544467,3,
866352,535933,3,
872247,494281,3,
832372,600070,-1,
902302,514170,3,
877298,565604,3,
873636,510687,3,
854818,554389,3,
915666,506439,3,
905849,524809,3,
862062,545736,3,
871981,649086,-1,
900829,590250,3,
859419,546754,3,
855983,534803,3,
916082,517633,3,
874877,535143,3,
885963,528959,3,
853439,518568,3,
855177,626376,-1,
814249,488483,-1,
857283,548467,3,
865489,548920,3,
913686,576892,3,
880275,564545,3,
861381,546835,3,
880958,588608,3,
868979,528502,3,
872237,555834,3,
861868,549168,3,
836951,546244,3,
836874,555991,3,
769546,554722,-1,
855074,542557,3,
868128,568529,3,
878859,540155,3,
852267,498220,3,
874125,543036,3,
846646,548548,3,
851517,541076,3,
806888,492319,-1,
831779,577161,3,
860259,545444,3,
892423,530999,3,
838442,506780,3,
853291,557685,3,
730887,825972,-1,
645233,927201,23,
645563,819480,23,
573324,878802,-1,
693699,822637,23,
649412,856993,23,
684558,878573,23,
656658,854609,23,
651506,856097,23,
618405,842859,23,
667280,765619,-1,
600996,890782,-1,
674463,862486,23,
676694,851597,23,
620685,880813,23,
716590,874975,23,
721401,951880,-1,
657094,857640,23,
644693,867371,23,
633601,861482,23,
673646,857346,23,
657184,855509,23,
708244,871834,23,
659081,860560,23,
657811,885904,23,
642843,909185,23,
709303,897538,23,
610505,851476,23,
612648,772280,-1,
673196,812941,23,
673267,883727,23,
694451,863981,23,
678869,902492,23,
690018,819280,23,
677983,890077,23,
639997,865965,23,
709254,847444,23,
679799,858680,23,
664355,831472,23,
659166,861665,23,
692386,863386,23,
688076,833905,23,
680506,840053,23,
641840,886745,23,
673292,857105,23,
622212,860015,23,
736557,897961,-1,
668234,886696,23,
675013,876331,23,
675902,853961,23,
695092,820091,23,
730287,897070,23,
691716,873426,23,
722404,952207,-1,
678606,878004,23,
664156,846474,23,
688118,911574,23,
674492,861230,23,
675382,836312,23,
664639,925795,23,
626334,852383,23,
669690,842110,23,
653177,819935,23,
674265,861435,23,
677404,883871,23,
672212,860894,23,
715956,900724,23,
674236,877152,23,
679818,860064,23,
578509,923881,-1,
680381,823757,23,
720629,816515,-1,
640210,902029,23,
671772,860357,23,
618009,867493,23,
672628,882986,23,
680261,863401,23,
682100,853708,23,
681049,846975,23,
668567,856554,23,
656957,871011,23,
662293,872590,23,
673953,835926,23,
718544,888401,23,
648590,917839,23,
699124,824089,23,
668367,855686,23,
675866,868784,23,
700098,894685,23,
683156,877209,23,
661357,801817,23,
789095,895634,-1,
673332,857517,23,
627452,835854,23,
672059,860501,23,
665048,854911,23,
683580,872374,23,
668839,882598,23,
682510,905902,23,
671235,856653,23,
680228,843225,23,
662249,918050,23,
674961,865594,23,
679211,886670,23,
676220,858214,23,
567861,856582,-1,
668228,858122,23,
682241,850176,23,
712262,856869,23,
671325,856592,23,
680592,858526,23,
683098,847245,23,
646816,829778,23,
675633,863416,23,
677551,860007,23,
683656,842406,23,
678195,860537,23,
700747,821557,23,
679054,898217,23,
676360,866112,23,
665308,868551,23,
665775,845662,23,
660459,860658,23,
670119,859029,23,
672068,874862,23,
644301,925034,23,
704574,866263,23,
665660,828338,23,
680579,836946,23,
682053,853410,23,
672544,859978,23,
713088,880834,23,
680969,838864,23,
674151,853540,23,
664903,839150,23,
641902,755287,-1,
683610,910782,23,
676962,897430,23,
594720,848457,23,
658748,777680,-1,
700341,869730,23,
640432,837036,23,
668519,860048,23,
672668,861428,23,
638004,837697,23,
673071,856021,23,
668772,858570,23,
636871,929410,23,
599612,859210,23,
739318,810528,-1,
654937,781879,-1,
663095,949045,-1,
658734,883214,23,
647968,877873,23,
682699,851115,23,
684739,884934,23,
667620,855461,23,
616281,845406,23,
697161,840318,23,
679237,862389,23,
664260,859029,23,
674121,858589,23,
700962,927047,-1,
723397,859761,23,
648230,857418,23,
677896,867053,23,
680828,839011,23,
680757,826912,23,
673826,880137,23,
694897,834591,23,
683585,905984,23,
671609,815681,23,
669748,863109,23,
674659,860894,23,
659734,844127,23,
656156,868643,23,
653258,860766,23,
684131,898331,23,
666516,859837,23,
655237,871554,23,
653592,959882,-1,
659280,845579,23,
646422,900526,23,
627580,840406,23,
604546,847329,23,
631316,837043,23,
705518,925936,-1,
662898,884734,23,
718088,852181,23,
666315,872311,23,
710082,881600,23,
674433,860605,23,
685821,816579,23,
678856,850293,23,
669427,846395,23,
687043,806921,23,
657981,866945,23,
676480,860779,23,
704065,832648,23,
669178,866011,23,
693783,860206,23,
683027,876064,23,
670957,810768,23,
674134,908464,23,
637665,858741,23,
664325,877878,23,
664025,801796,23,
672800,874378,23,
685124,873363,23,
674496,870664,23,
684602,823981,23,
677769,841641,23,
651576,865180,23,
650720,817440,23,
674472,860330,23,
673028,860593,23,
683413,861559,23,
669638,842011,23,
674365,860819,23,
687360,862438,23,
662684,813662,23,
673242,886958,23,
674311,859933,23,
595580,798572,-1,
636769,854047,23,
685551,798742,23,
663945,828490,23,
717187,883275,23,
706906,885612,23,
675988,841317,23,
671976,864630,23,
669366,869654,23,
651216,815098,23,
676767,832479,23,
657879,857942,23,
665828,868934,23,
674905,876286,23,
640000,863831,23,
672818,881943,23,
634800,823669,23,
658590,886551,23,
639463,847461,23,
625416,868848,23,
672266,862875,23,
723173,872525,23,
688098,908495,23,
673410,863889,23,
679788,889464,23,
615826,863168,23,
598671,854219,23,
753254,840123,-1,
669430,905798,23,
726847,875488,23,
648443,845340,23,
674114,970756,-1,
675551,956849,-1,
677459,896720,23,
634004,895206,23,
653745,809028,23,
682420,846881,23,
666636,858686,23,
682481,879399,23,
656834,885944,23,
718257,857481,23,
672598,856928,23,
693997,774817,-1,
612392,916853,-1,
671444,860206,23,
671404,857240,23,
689628,868984,23,
704570,845515,23,
652233,886054,23,
705929,851313,23,
682315,843851,23,
667131,849230,23,
707894,904500,23,
649345,864613,23,
629998,877765,23,
659542,840985,23,
621278,888326,23,
682304,876841,23,
679747,860939,23,
663049,843538,23,
672876,844123,23,
689948,850548,23,
696257,894819,23,
629377,853726,23,
658034,897179,23,
696808,866039,23,
699668,863774,23,
669697,859388,23,
606506,766728,-1,
672474,868765,23,
697011,856357,23,
708262,945359,-1,
653181,886417,23,
674521,861127,23,
729194,856897,23,
663168,859429,23,
644843,838626,23,
672797,843231,23,
680677,868629,23,
614497,830844,23,
646671,857872,23,
679242,853941,23,
665697,929571,23,
749941,916922,-1,
602365,916673,-1,
684537,843821,23,
694308,904062,23,
731712,878998,23,
667713,847241,23,
730383,879136,23,
689363,817577,23,
728743,850843,23,
683941,915579,23,
722463,882675,23,
670519,870010,23,
683252,858182,23,
669288,860515,23,
675357,870850,23,
673449,860643,23,
687325,883004,23,
603472,894573,-1,
669713,851017,23,
693362,837786,23,
605535,925341,-1,
687078,791051,-1,
672387,800443,23,
683048,937776,-1,
713579,879202,23,
571669,873544,-1,
695260,824882,23,
702654,841548,23,
601619,825604,23,
564416,878492,-1,
703773,870419,23,
674931,870112,23,
673140,864863,23,
681053,892766,23,
683321,873932,23,
701017,931252,-1,
645677,814395,23,
677362,853471,23,
659046,930099,23,
665426,853940,23,
691827,863963,23,
650661,861267,23,
599647,858702,23,
684091,842566,23,
